--
bus 93.99665 116.30439 29.9287 56.506184 0.34929818
car 80.02883 90.74563 29.72283 41.551807 0.45164752
car 399.11664 468.5423 174.46416 219.97876 0.952698
--
truck 94.19667 116.1844 29.337496 57.540882 0.43152034
car 79.93792 90.54555 30.098127 41.56066 0.54352283
car 385.8062 449.5814 164.06189 213.0447 0.8960045
--
truck 95.53348 117.03294 30.64978 58.0923 0.5466355
car 79.692444 90.26128 30.183285 41.520447 0.59821194
car 367.93417 434.33524 153.7732 200.55511 0.90839213
--
truck 95.31418 118.842606 30.132915 59.213047 0.58733714
car 79.735176 89.8886 30.080225 41.767586 0.43032336
car 364.10315 425.1991 149.4746 195.95802 0.9450214
--
truck 95.24111 118.84718 30.02211 59.235188 0.6151803
car 79.83659 89.87852 29.892817 41.845406 0.40260172
car 364.20267 425.37363 149.51285 196.08372 0.9447232
--
truck 95.20073 118.86976 29.749931 60.4376 0.7112115
car 79.87372 89.92226 29.650177 41.812702 0.45742837
car 360.47537 417.86752 148.74756 190.91476 0.8284493
--
truck 95.20914 118.31216 30.632717 61.771725 0.6783079
car 109.23413 122.45945 36.562008 52.779877 0.4780165
car 79.83925 89.66416 29.97468 41.951996 0.55920917
car 345.49915 400.70056 142.88144 177.33466 0.9779501
--
truck 95.631615 119.4369 29.992353 62.906 0.70311856
car 79.83991 89.25003 29.514084 42.093513 0.40946308
car 338.41458 387.7479 137.4363 171.4784 0.923465
--
truck 96.29324 118.61516 30.425209 64.13358 0.6688377
car 79.95344 89.41723 29.869509 42.501698 0.4519256
car 329.46683 381.03857 133.39873 167.94302 0.93997544
--
truck 96.253746 118.578476 30.290276 64.05713 0.7078805
car 80.03887 89.335594 29.91362 42.446774 0.45152333
car 329.4965 380.9441 133.31099 168.05298 0.9422931
--
truck 97.53216 118.34982 30.975311 65.12515 0.7362243
car 80.14591 89.900246 29.970617 42.562782 0.5918214
car 313.96768 363.55133 125.315605 156.91801 0.95313466
--
truck 97.573586 119.43002 30.1895 66.98923 0.78116727
car 117.31977 126.73782 38.934883 53.98605 0.4467216
car 80.027145 90.05809 29.720427 42.859867 0.57036036
car 304.76678 351.77853 117.50462 148.36586 0.9644022
--
truck 97.127525 119.86777 29.197884 67.336235 0.76620543
car 116.776375 126.81613 38.71162 54.454365 0.52416444
car 79.98483 90.277534 30.743765 43.204624 0.70308256
car 302.7259 344.97833 116.04752 148.2762 0.9708236
--
truck 97.19143 119.84919 29.462917 67.18572 0.7592991
car 116.75935 126.82408 38.731068 54.46261 0.53092426
car 80.01667 90.3114 30.806845 43.22705 0.70923865
car 302.71606 344.98898 116.039215 148.2955 0.97037065
--
truck 97.66175 120.39642 28.203707 68.75706 0.70393413
car 116.86708 127.33897 38.321625 55.035988 0.52905864
car 80.070366 90.515724 31.047298 43.35415 0.66893286
car 297.9024 339.6108 113.46057 145.1754 0.9538152
--
bus 98.20745 119.72233 35.039 73.17002 0.60542125
car 117.61812 128.7132 38.91801 55.49935 0.6312103
car 80.47102 90.69246 31.48683 43.58759 0.79159504
car 289.6274 329.64362 107.52596 139.07872 0.9871486
--
bus 98.040184 121.09616 33.61978 75.26237 0.6082379
car 118.348915 129.39496 38.555214 56.724693 0.5551741
car 80.40187 90.84493 31.366783 43.682556 0.7858469
car 281.2473 319.78198 104.78113 133.27904 0.97138935
--
bus 97.91802 121.07314 33.068924 76.68227 0.43547192
car 119.896935 129.9482 39.21614 56.822197 0.3733936
car 80.37542 90.73328 31.328451 43.70398 0.74477553
car 279.1672 314.2304 98.75016 130.04895 0.95814574
--
bus 97.97243 121.1363 32.84111 76.74966 0.41987085
car 119.96634 129.97829 39.212936 56.78735 0.36645383
car 80.3153 90.76935 31.190924 43.75398 0.72915745
car 279.20718 314.13824 98.74396 130.0445 0.95819676
--
bus 97.64505 121.7611 32.476078 78.77718 0.38846895
car 80.35612 90.734505 31.273132 43.77445 0.80634594
car 272.88092 312.25134 99.27664 128.48538 0.98481345
--
bus 94.276794 125.175186 26.51325 79.63308 0.4878601
car 80.458206 90.89944 31.366209 43.630104 0.80927485
car 268.27026 302.03552 97.107864 123.29212 0.97768444
--
bus 98.05528 127.111374 27.273436 80.14028 0.54692006
car 80.518875 90.84143 31.316893 43.83397 0.85289896
car 261.9984 293.78076 92.26057 118.26698 0.9847602
--
bus 97.93984 127.164085 27.47713 80.071 0.54225063
car 80.561195 90.82773 31.313932 43.909016 0.85971624
car 261.9928 293.8479 92.20837 118.329994 0.98550177
--
truck 465.33716 479.90262 194.07808 227.65273 0.30873376
bus 99.41767 132.67058 34.855923 72.02683 0.48161337
car 80.63522 90.82972 31.191017 44.011147 0.884452
car 258.809 292.43985 91.777916 117.295425 0.994959
--
bus 95.99204 131.28394 25.937626 83.981125 0.8092108
car 449.30472 479.84784 176.92351 228.55951 0.33169457
car 80.68519 90.59095 31.464592 43.700005 0.7946675
car 251.83276 280.61487 89.26902 111.354935 0.97730553
--
bus 97.04531 132.46373 26.329514 84.826355 0.5927187
car 445.95892 479.30173 177.01166 226.7171 0.61650014
car 80.69065 90.486465 31.448452 43.76923 0.7921643
car 247.94789 276.55508 87.69259 109.95373 0.9834891
--
truck 95.56795 133.14203 25.509724 87.78725 0.45427063
truck 437.79114 480.26025 177.04768 225.34898 0.7335519
bus 95.56795 133.14203 25.509724 87.78725 0.7440409
car 80.81432 90.57414 31.506935 43.554893 0.7646495
car 245.37575 273.4215 84.48776 107.21701 0.988938
--
truck 95.75229 133.01183 25.906118 87.922905 0.4434919
truck 437.96606 480.1485 176.89732 225.54431 0.735461
bus 95.75229 133.01183 25.906118 87.922905 0.7426609
car 80.811226 90.67765 31.429453 43.552467 0.7696179
car 245.39987 273.39102 84.45573 107.23338 0.9887846
--
truck 117.98461 138.54077 40.969044 72.96169 0.39996538
truck 94.64213 121.32634 51.45488 94.27619 0.46860278
car 426.50327 479.79373 170.37212 219.68335 0.60509366
car 80.89727 90.5397 31.164047 43.8597 0.7929491
car 240.9652 267.31116 82.92254 105.63505 0.9866147
--
truck 117.58858 139.0974 39.68279 74.28366 0.5397124
truck 93.82893 121.2184 53.14367 97.3297 0.554379
car 420.8662 480.57056 167.76483 214.30724 0.6814777
car 80.91407 90.38152 31.334396 43.84991 0.8249857
car 239.19394 264.55966 81.40783 103.49032 0.97876215
--
truck 119.38376 140.6913 40.734898 75.13784 0.55421185
truck 90.58585 122.36601 49.152004 99.28628 0.6725041
car 411.78146 470.58057 161.93411 206.42354 0.792135
car 80.908905 90.40374 31.167343 43.812233 0.8157501
car 235.03258 259.8421 79.404366 101.108345 0.971156
--
truck 89.52821 122.14564 49.98688 102.31779 0.7422268
car 119.83842 141.30893 40.946392 74.73718 0.46402013
car 80.866135 90.29033 31.121872 43.814026 0.8423667
car 232.02028 257.11566 78.023964 99.60609 0.95996076
car 406.0929 465.9838 160.00543 203.587 0.9809985
--
truck 119.81003 141.31763 40.90734 74.73913 0.46063915
truck 89.555115 121.95159 49.78988 102.44244 0.7385027
car 80.92196 90.329735 31.169863 43.79871 0.8616904
car 232.04628 257.11673 78.03362 99.61113 0.9600804
car 406.07166 465.90033 159.95311 203.61763 0.9814107
--
truck 88.70788 120.27866 52.753365 109.15073 0.7566476
car 120.70679 143.3672 43.64836 73.62636 0.3728569
car 81.1074 90.4734 31.244762 43.86961 0.84695727
car 394.85812 452.8925 154.66982 195.45807 0.94473416
car 228.92526 252.3555 75.639885 96.2916 0.96880317
--
truck 88.69868 120.98949 51.516716 110.59385 0.73980844
car 121.7688 144.33844 43.855965 73.57491 0.5712302
car 81.02432 90.44708 31.067322 43.89563 0.8377202
car 393.20602 450.04004 151.11116 195.2073 0.92840093
car 225.90323 250.55322 75.56949 94.831154 0.9902516
--
truck 86.920296 121.60739 52.73831 113.135445 0.7291995
bus 122.210686 146.1266 44.948742 81.49135 0.6572252
car 80.72021 90.380196 31.010681 44.45964 0.7530728
car 384.25424 438.28928 144.88983 185.50046 0.93352294
car 222.55646 246.5697 73.11079 92.18871 0.98110247
--
bus 123.337524 147.23962 46.443554 83.015305 0.777328
bus 85.69688 121.60008 50.103397 116.18101 0.8692873
car 80.75694 90.35494 31.56498 44.53414 0.7000932
car 381.09586 434.95358 144.5338 184.44016 0.91032106
car 220.827 243.77907 71.80779 91.107956 0.9698424
--
truck 84.042915 123.10727 46.90233 119.978516 0.8160335
car 80.63058 90.199066 31.468065 45.278305 0.62506187
car 129.17375 149.40477 47.70772 83.703674 0.7752117
car 216.56061 239.7724 70.21885 88.47995 0.9779694
car 367.07626 425.63165 139.75627 178.47824 0.98175216
--
bus 125.293625 148.83736 48.139935 83.61961 0.37309888
car 129.16913 150.20723 48.12181 85.029564 0.5180007
car 80.70752 90.29909 31.495188 45.303745 0.56138855
car 214.71643 237.56676 68.40109 87.04904 0.9174332
car 365.4546 421.26514 138.19061 176.14012 0.9815001
--
truck 80.37388 127.715706 58.023647 132.65596 0.86741525
car 80.43335 90.39514 31.56481 45.86815 0.4726194
car 128.10852 153.51692 50.91585 83.06817 0.80762655
car 359.15195 412.2952 133.80849 169.27075 0.8799258
car 212.46265 233.08717 67.924484 86.50959 0.9275921
--
truck 79.784355 124.13846 57.75999 136.72359 0.9167438
car 80.646255 90.260666 31.53137 45.493702 0.4496001
car 128.29288 154.23468 51.134254 83.682755 0.5937942
car 209.44675 231.61192 67.59788 85.5542 0.86131316
car 355.79654 408.2883 134.04768 167.35782 0.9471259
--
truck 79.81064 124.23569 57.637806 136.8986 0.91351956
car 80.60116 90.256485 31.52809 45.552418 0.4538476
car 128.21164 154.26428 51.097584 83.778076 0.5918872
car 209.37968 231.70236 67.65397 85.508125 0.86170006
car 355.81982 408.3543 133.9995 167.44756 0.94412494
--
truck 128.16843 157.16057 50.05882 94.66217 0.6235235
truck 75.890495 123.21712 58.067356 143.1831 0.93315727
car 80.68887 90.38647 31.541859 45.471233 0.5800697
car 347.45474 397.9837 124.87221 159.23851 0.81228036
car 208.95268 228.56776 67.14245 83.98154 0.93923426
--
truck 128.66696 158.09383 50.83794 97.01192 0.59194463
truck 74.32028 121.866844 61.3634 142.33612 0.8157157
car 80.85081 90.437096 31.35424 44.995735 0.6365038
car 343.45563 392.4474 124.408485 159.03822 0.9138604
car 208.03311 225.71124 65.74488 82.041466 0.9687488
--
truck 130.55414 161.82109 52.247864 98.96081 0.64070344
truck 69.69755 124.52803 64.60123 167.60904 0.9027098
car 80.857285 90.48775 31.947588 45.057346 0.6181302
car 205.53943 223.02962 64.815926 80.077126 0.9495127
car 339.11563 384.99103 122.57613 156.29747 0.97148937
--
truck 68.98594 121.82316 67.38057 172.547 0.64985377
truck 134.67415 163.55914 52.03739 104.27557 0.6778115
car 80.95031 90.5144 31.828995 44.958786 0.68334323
car 200.38971 222.64134 61.513294 79.962524 0.85424393
car 334.24835 381.30194 122.63658 152.83951 0.9650391
--
truck 134.67137 163.55113 51.7949 104.090225 0.6598801
truck 68.77749 122.299736 67.46868 172.6304 0.673964
car 80.905 90.518936 31.838274 45.050285 0.71337277
car 200.32077 222.71349 61.473442 79.9877 0.8661419
car 334.23166 381.2542 122.60465 152.79346 0.9638595
--
truck 136.45204 165.97202 54.019463 108.33435 0.8748574
bus 63.00426 114.19245 76.591576 191.75383 0.74697405
car 81.00021 90.61231 31.823746 45.029655 0.73975825
car 200.67107 218.04002 63.023823 77.46792 0.790249
car 327.01193 371.91992 115.98286 148.65305 0.8973901
--
truck 138.15198 170.54341 54.713894 109.206245 0.7832835
truck 61.252064 113.62063 78.568985 194.85008 0.81397414
car 80.87261 90.70509 31.688566 45.055733 0.6536122
car 198.1808 215.97627 60.018738 75.61867 0.8767681
car 325.8345 368.6094 115.01 145.67555 0.9567028
--
truck 88.63487 120.03513 85.226654 154.48387 0.5344214
truck 43.10669 117.58744 91.73399 224.84276 0.7709633
truck 143.22653 180.8648 66.01126 124.73336 0.91074324
car 80.75096 90.96751 31.942905 45.411133 0.55780196
car 193.50694 210.9268 58.972473 74.86675 0.6755775
car 314.03992 353.27942 108.386475 138.5459 0.96433944
--
truck 89.03989 119.90462 85.178635 154.60335 0.5410824
truck 43.240505 117.99064 91.63028 224.92828 0.7690171
truck 143.158 180.49095 65.91223 125.14961 0.90430194
car 80.69635 90.83121 32.02679 45.42643 0.51315075
car 193.53773 210.87073 58.967712 74.96201 0.68501157
car 313.9323 353.4207 108.28431 138.59943 0.9614949
--
truck 86.05722 119.25365 86.69081 155.18994 0.38613605
truck 36.183994 120.26794 103.333435 249.01317 0.8854756
truck 143.15616 183.446 65.028336 130.05133 0.91596013
car 80.80669 91.06715 31.842314 45.687534 0.5553664
car 193.6901 210.16318 58.819916 74.3506 0.88094884
car 309.83875 351.53787 107.26427 138.046 0.9603896
--
truck 142.54839 185.09366 66.569595 131.75851 0.9551093
bus 29.896378 113.35955 120.300735 265.3152 0.7661362
car 80.664566 90.91965 31.926844 45.558357 0.54945403
car 192.5877 208.27547 57.96149 72.97749 0.89345497
car 307.09915 345.91995 104.710434 135.2227 0.97314143
--
truck 4.124222 126.3185 110.17439 338.66174 0.8391851
truck 148.63521 199.81544 74.68758 145.56831 0.9613977
car 80.7347 91.144135 32.018524 45.729122 0.52558964
car 190.59827 203.92563 56.39643 70.28137 0.9332098
car 299.26254 337.54138 98.442024 129.76553 0.9634239
--
truck 4.5179057 126.56021 108.52031 340.27386 0.8293431
truck 148.93922 199.68668 74.86958 145.11018 0.96625537
car 80.661934 91.056915 32.007595 45.864315 0.58800876
car 190.59885 203.9064 56.41041 70.29978 0.927363
car 299.13217 337.585 98.60053 129.74905 0.9623836
--
truck 4.3939805 126.915695 108.69283 339.7594 0.82803565
truck 148.86592 199.71419 74.95318 145.15909 0.9691021
car 80.78596 91.023796 32.0156 45.668186 0.5516739
car 190.66272 203.92012 56.51025 70.26678 0.91998017
car 299.1639 337.56067 98.59189 129.77864 0.95486194
--
truck 154.21234 206.78038 76.738045 153.97113 0.98076713
bus 1.3700223 119.54138 140.16855 358.69196 0.5642281
car 80.56763 91.068115 32.061146 45.953926 0.57576644
car 189.44923 201.53616 55.8142 69.78488 0.8789583
car 293.755 331.1042 97.40943 129.22148 0.88702965
--
truck 153.47823 210.36838 79.37194 156.87608 0.9592444
car 80.90742 91.01603 32.220837 45.547134 0.40601015
car 188.71808 200.82364 55.562637 69.57722 0.7365769
car 290.4738 326.71768 96.28265 127.352295 0.8899944
--
truck 158.59995 227.4079 84.54751 183.33409 0.93956065
car 186.54964 197.69704 55.20226 66.81142 0.5241249
car 80.88674 90.895874 31.958939 45.729366 0.55442643
car 282.08383 319.3924 94.34525 123.75806 0.9289799
--
truck 157.68988 227.62561 84.219505 183.59146 0.9433579
car 80.98652 90.90766 31.932331 45.74656 0.54415965
car 186.45724 197.70535 55.19048 66.804344 0.5769502
car 282.0785 319.26767 94.29793 123.75661 0.9304364
--
truck 157.86163 244.44675 77.93973 194.51877 0.9209327
car 80.79362 91.18051 31.456345 45.993835 0.52900094
car 279.37405 313.3069 92.983536 122.09877 0.97219944
--
truck 163.02237 250.89252 68.041466 207.54315 0.95334667
car 80.76707 91.219315 31.542812 46.02235 0.5587364
car 276.4962 311.5641 88.26791 118.69967 0.9596173
--
truck 175.57382 281.0511 111.70671 246.29837 0.932934
car 177.0864 190.4209 51.040394 63.778473 0.33278
car 80.67262 91.38503 31.569786 46.023575 0.5791424
car 271.95956 303.41968 87.21961 113.457924 0.97929746
--
truck 175.27396 295.16388 93.36717 264.20947 0.9088824
car 80.2549 90.880295 30.210941 46.66901 0.54640007
car 177.55202 190.11174 50.856285 63.696075 0.6972481
car 270.30475 299.97195 85.72893 111.31778 0.96593475
--
truck 176.52155 295.07895 95.95871 264.08453 0.9045483
car 80.33131 90.96249 30.204205 46.725597 0.5776409
car 177.42992 190.21016 50.84331 63.80426 0.67772615
car 270.3971 300.0193 85.81435 111.494354 0.96256757
--
truck 179.77184 308.96005 103.66028 273.166 0.94054437
car 80.717064 91.312805 30.581007 45.1071 0.6175805
car 177.61874 189.13994 49.014206 60.937824 0.71338826
car 267.32126 298.33966 80.71412 110.31338 0.9655407
--
truck 173.40709 325.63153 87.88397 295.38467 0.80020964
car 80.16898 91.09523 29.604872 44.98658 0.66129434
car 176.6874 189.22614 49.319923 61.10112 0.8824348
car 264.2884 294.75882 86.007576 111.7138 0.9757536
--
truck 190.4894 382.90213 106.10059 325.63458 0.6205712
car 118.659645 130.09294 10.730763 21.910404 0.44677263
car 173.92776 185.76239 46.496475 56.991924 0.6295422
car 79.57387 90.74735 27.690664 42.811436 0.71404886
car 259.268 289.28244 80.0401 106.70935 0.98660207
--
truck 190.98688 382.9245 112.10132 319.0044 0.71739715
car 118.283325 130.17677 10.493306 21.951595 0.4640311
car 174.05078 185.78548 46.57037 56.930317 0.62428397
car 79.57783 90.67827 27.897337 42.823864 0.7146889
car 259.3023 289.00934 80.189415 106.815285 0.98753715
--
truck 188.27786 385.17896 112.33436 321.59283 0.6406277
car 118.23103 130.17047 10.650418 22.06445 0.45155025
car 173.95868 185.63477 46.557915 56.9226 0.6694314
car 79.5806 90.61865 27.970566 42.855114 0.74378574
car 259.4396 288.9376 80.2583 106.829895 0.9879711
--
truck 201.10326 420.3664 146.97446 352.83185 0.5347347
car 55.632446 65.00348 39.427704 53.492603 0.3014698
car 118.95376 129.8179 10.6091 22.242798 0.40557224
car 80.35086 91.11652 30.726826 48.397907 0.7607526
car 174.8661 186.29329 49.892773 61.520813 0.9048524
car 256.92053 285.1022 82.05082 106.099014 0.9824115
--
car 119.43492 129.47519 11.6781 21.919868 0.4217838
car 80.146576 90.96592 30.680458 46.61799 0.8220458
car 248.0159 276.01752 77.9887 100.91249 0.92436516
--
car 169.02193 179.6341 47.74964 56.73242 0.3593495
car 80.46674 91.0235 32.06438 46.24136 0.8518628
car 247.69011 273.1569 77.600204 100.664925 0.9037872
--
car 169.03207 179.6396 47.776028 56.71243 0.3692029
car 80.46642 91.06069 32.053204 46.307995 0.856558
car 247.67876 273.00275 77.59547 100.719246 0.91087925
--
car 168.36076 179.19911 47.66474 56.564224 0.39018798
car 118.610466 130.15657 11.251347 21.744932 0.41395777
car 246.51927 273.22183 75.38415 96.97091 0.7703557
car 80.341705 90.81902 31.08955 46.132267 0.9217381
--
car 254.34792 268.98633 80.01912 98.77756 0.3275285
car 168.49567 179.34207 47.892094 56.79662 0.36983153
car 118.595764 129.97849 11.193094 21.610022 0.41265887
car 80.423065 91.06778 31.567219 46.33498 0.82339215
car 243.80591 269.40268 75.91178 96.59475 0.9578908
--
car 118.96018 129.89 11.482013 21.479006 0.44433904
car 80.16778 91.12927 30.920485 45.955574 0.85354865
car 241.41907 263.88696 74.28007 93.99108 0.9250706
--
car 119.24223 129.80116 11.867836 21.482622 0.40083155
car 80.30959 91.2604 31.606426 46.191425 0.84007573
car 240.5485 261.7397 73.732445 93.72226 0.92438734
--
car 119.66554 129.65549 12.004085 21.526447 0.351607
car 80.353035 91.1428 31.840887 46.012436 0.8257366
car 240.71515 261.87372 73.80652 93.79673 0.92544234
--
car 119.676735 129.59444 12.062443 21.511862 0.33455637
car 80.32246 91.16164 31.956326 46.058662 0.8295656
car 236.73387 259.01178 72.59725 92.799774 0.9230602
--
car 80.41854 90.974655 32.052605 46.268925 0.8660748
car 234.87758 259.6344 72.33941 93.03619 0.935626
--
car 163.42058 174.59303 44.777588 53.24997 0.3170963
car 80.42075 91.2545 31.459747 46.371735 0.89170974
car 232.37271 255.18108 70.57633 89.89459 0.91691214
