--
truck 50.268692 123.1192 92.78042 167.10449 0.67817026
car 229.48555 240.26302 30.206844 38.74132 0.31249338
car 180.17868 204.20567 51.409515 73.122986 0.86208504
car 188.7847 208.52684 71.53062 94.43666 0.9535593
--
truck 50.022663 123.75543 92.54878 167.66881 0.63656604
car 180.16237 204.19618 51.27348 73.214355 0.86513424
car 188.8744 208.38939 71.22507 94.66106 0.9483533
--
bus 46.455296 120.60319 96.22349 171.41685 0.69514304
car 229.56506 240.50116 29.886686 38.785133 0.49656868
car 179.82289 203.22786 52.194828 73.114784 0.9092965
car 188.44952 207.97598 72.64572 94.646614 0.97078186
--
truck 43.2422 117.81869 97.77991 176.14638 0.82909054
car 229.79121 240.6461 29.926624 38.75153 0.4618073
car 179.3307 203.09586 51.72344 73.716484 0.90970093
car 187.63756 207.62134 73.16875 95.59225 0.9799054
--
truck 43.20906 117.7025 97.521675 176.29701 0.8147851
car 229.91508 240.42134 30.127708 38.612232 0.40043584
car 179.2404 202.85646 51.924477 73.551956 0.90702087
car 187.60847 207.66556 73.21362 95.55412 0.9798151
--
bus 19.039806 120.328186 97.61987 181.10323 0.91325176
car 229.3098 240.08734 29.969938 38.517628 0.530031
car 177.60902 201.15422 51.787876 75.15866 0.83570486
car 185.9047 207.19012 74.80873 97.20584 0.9797771
--
bus 18.696127 120.19332 98.04918 179.92801 0.9069599
car 229.23175 239.98439 29.900606 38.54099 0.53384966
car 177.49799 200.97905 52.173203 75.15674 0.84822476
car 185.92474 207.19734 74.99416 97.147156 0.9825791
--
truck 29.79415 109.883484 95.43573 186.77454 0.30834535
bus 19.424032 115.71013 102.87729 184.80562 0.95945966
car 229.3169 240.04803 29.899006 38.924065 0.43104684
car 177.18546 200.5498 50.912674 76.335594 0.78735447
car 184.65837 206.49622 74.53156 97.687004 0.9762345
--
bus 13.132332 113.989914 103.72629 190.34174 0.98949224
car 228.65547 240.02203 29.816124 38.74729 0.67681175
car 176.4937 199.90161 51.679832 76.92458 0.8099976
car 184.32343 206.29903 74.709915 97.739075 0.96408826
--
bus 13.012615 114.15808 103.59017 190.07816 0.98958737
car 228.74168 240.02646 29.830719 38.71616 0.6715073
car 176.43907 199.8479 51.70541 76.8439 0.8237538
car 184.34642 206.34834 74.729904 97.77208 0.9664105
--
bus 9.77418 110.09674 103.71735 192.1531 0.98174983
car 228.58298 239.81108 29.927565 39.19961 0.53379595
car 175.0126 199.30827 51.64743 78.46346 0.7923909
car 182.85352 206.32303 78.608574 98.975296 0.97656214
--
bus 9.858932 110.09826 103.98062 191.96432 0.9820149
car 228.58987 239.81244 29.919212 39.18794 0.5471182
car 175.0476 199.37646 51.72597 78.36073 0.81629014
car 182.82713 206.31367 78.67167 98.969734 0.9767905
--
bus 5.580411 103.75096 105.99895 200.42755 0.9551708
car 227.65453 239.57759 30.091665 39.285957 0.6057965
car 172.3621 195.68832 54.099 78.828255 0.6930333
car 182.37221 203.59348 78.3108 102.05419 0.9842098
--
truck 5.786233 98.24141 103.03568 211.52734 0.34301898
bus 2.8713942 100.54028 109.094666 204.2626 0.9145843
car 207.34784 374.41434 300.7828 355.55536 0.38292834
car 227.64687 239.78558 30.034601 39.380444 0.57834256
car 171.7315 195.93861 53.961254 79.13605 0.77594185
car 181.30215 203.04707 78.83622 103.010155 0.9883915
--
truck 5.848489 98.21551 103.09501 211.70251 0.35667405
bus 2.9287255 100.6604 109.210655 204.43102 0.9105775
car 206.98178 374.58554 301.06387 355.63745 0.36959022
car 227.68765 239.79022 30.108513 39.447792 0.5991198
car 171.69675 195.98744 53.970604 79.15634 0.7818736
car 181.27887 203.0488 78.87751 103.0563 0.98954684
--
truck 1.3366735 97.24368 99.63659 214.73706 0.32594985
bus 2.3614311 96.52296 114.9921 221.35143 0.9223455
car 171.24036 195.96147 53.387867 79.4957 0.75115
car 173.6002 335.8301 297.24622 355.88644 0.7784569
car 227.46477 239.4255 30.165115 39.370487 0.7944919
car 179.97166 203.11234 80.08272 104.06186 0.98871815
--
truck 1.304369 97.36974 99.60583 214.78877 0.32188994
bus 2.3941863 96.04049 114.99548 221.56287 0.92685264
car 171.25317 196.05115 53.34034 79.39462 0.7427779
car 227.57965 239.40549 30.147242 39.42205 0.789931
car 174.16333 335.2699 297.33768 356.07788 0.8271149
car 180.00334 203.03067 80.20263 104.026764 0.9898543
--
truck -3.005551 92.4295 89.40306 225.68909 0.31104887
bus 1.2704551 86.27432 119.069565 227.19641 0.97570586
car 226.86948 238.30798 30.287722 39.770565 0.7186148
car 169.16042 193.38464 60.438118 81.76419 0.9031028
car 177.65675 201.84538 82.87289 106.480316 0.98711133
car 114.47394 259.84442 290.8041 356.13303 0.9943311
--
bus -1.7619288 89.671394 122.8271 241.6627 0.98792386
car 226.68236 237.94383 30.37677 39.777714 0.6666843
car 168.28085 192.70425 60.02553 82.43813 0.91321677
car 176.7636 201.06761 83.3936 107.093834 0.9929254
car 81.00704 223.05179 289.243 352.5841 0.99596924
--
bus -1.7254794 89.45001 123.16112 240.97379 0.98686916
car 226.65149 237.99957 30.349401 39.745377 0.6695223
car 168.2561 192.64961 60.03824 82.41993 0.91515493
car 176.7505 201.01077 83.363014 107.098526 0.99261355
car 80.953674 222.44937 289.4378 352.81674 0.99568015
--
bus -2.3200035 86.25421 122.34542 245.11618 0.9889131
car 226.65387 238.1317 30.212074 39.570034 0.7160619
car 168.05833 192.61452 59.629448 83.1564 0.87986916
car 175.67749 199.81491 84.66678 106.85736 0.99045664
car 50.238926 186.64438 284.66873 351.9066 0.99719477
--
bus -2.3108196 86.14762 122.449974 245.23969 0.9885743
car 226.69716 238.1129 30.43228 39.57674 0.68209124
car 168.0732 192.58644 59.720768 83.16896 0.87923497
car 175.59735 199.81494 84.721405 106.829994 0.9906269
car 50.11287 186.66747 284.68976 352.05798 0.9972844
--
--
--
--
car 404.22153 477.47617 247.7213 354.83264 0.48371732
--
--
--
--
--
car 420.07983 481.0718 209.64662 355.49292 0.5316156
--
--
car 394.70685 476.12607 202.71436 358.70718 0.43418416
--
--
--
--
bus 346.0102 475.84976 208.57793 358.5512 0.40392485
car 298.88242 359.7532 165.09904 213.69437 0.47101095
--
bus 345.89343 475.88504 208.79124 358.14655 0.39884913
car 298.79953 359.70825 165.70628 214.6707 0.38427237
--
truck 326.26758 476.84344 206.32597 356.82266 0.37845582
--
truck 326.41885 476.7177 206.52473 357.36084 0.47204033
--
--
bus 305.76532 474.0672 215.93608 353.4126 0.46929702
--
truck 305.12408 473.92703 216.35587 353.48618 0.4735331
--
bus 272.88486 478.418 210.0099 356.70438 0.7373588
--
bus 269.6735 475.50012 211.35704 358.3326 0.84260756
--
bus 246.88339 483.95914 214.09724 355.02252 0.6890152
--
bus 247.58577 483.4524 214.87611 354.7837 0.6867477
--
bus 234.72437 467.21646 209.36842 359.99323 0.52985215
--
bus 235.11865 467.84763 208.0838 360.77518 0.4866654
--
bus 223.85736 461.3233 211.39897 359.993 0.5121419
--
bus 208.49055 442.75613 210.12093 357.6442 0.47332
--
bus 208.28963 442.93134 210.23566 357.88345 0.41044903
--
bus 190.1277 421.75772 208.99605 356.1473 0.8529121
--
bus 190.11661 421.5676 209.28607 356.0302 0.882135
--
bus 174.88574 428.31232 211.30035 355.91983 0.6220047
--
bus 157.04466 388.79605 207.08757 355.417 0.5525987
car 316.07928 358.6069 139.03133 180.2736 0.33401188
--
bus 135.52574 364.16193 207.95956 356.28787 0.81388795
car 311.2379 349.66238 134.44978 184.54898 0.8031245
--
bus 135.25226 364.40967 208.01826 356.15845 0.8296361
car 311.04175 349.98325 134.4397 184.60417 0.7717009
--
bus 124.31004 353.04083 208.24919 355.50815 0.66612315
car 314.55267 352.84833 129.74039 185.56744 0.33042988
--
bus 107.94674 330.8927 210.29222 353.60678 0.7301374
--
bus 108.15172 329.76996 211.34537 354.48633 0.74886674
car 317.7108 352.46518 136.35065 175.85304 0.4560046
--
bus 85.98651 313.1175 211.48463 355.84946 0.79800683
car 315.50293 353.0587 134.06395 175.07748 0.3264638
--
bus 86.297745 312.4863 211.62991 355.48682 0.80527693
car 315.32632 353.0809 133.83078 175.18742 0.40682852
--
bus 81.81561 303.47925 212.14601 355.05673 0.7184993
car 315.14734 353.8321 134.43332 167.18988 0.3292763
--
bus 57.23595 281.87863 212.3202 355.63412 0.72950184
--
bus 57.28646 281.21143 212.37791 355.47513 0.7131989
--
bus 40.715805 263.33823 212.94548 355.39386 0.6976405
car 293.94095 360.6738 135.0442 174.26082 0.3632735
--
bus 25.712742 256.0968 211.98637 354.09244 0.6377974
--
bus 12.032183 240.08168 209.96416 358.65573 0.4888976
car 294.7431 361.05103 134.12057 173.18141 0.41387478
--
bus 12.461807 240.0844 210.11337 358.57047 0.49522942
car 310.85123 360.03354 132.6653 166.76454 0.35731843
--
--
--
truck -4.7007394 219.05885 213.4064 356.36926 0.40634793
--
truck -3.6451292 208.56557 213.16266 355.2127 0.33359632
--
truck -3.8676453 208.94524 213.53036 355.06183 0.32950026
--
truck -2.295885 195.84686 211.5255 357.73547 0.40008956
car 304.4408 366.3549 132.97371 171.41963 0.50247383
--
truck -2.6580834 195.67278 211.56071 357.84143 0.3893316
car 304.381 366.5326 133.44383 171.29346 0.52282315
--
truck -6.6031337 175.68616 212.21074 361.76288 0.45372438
car 309.48245 362.31464 134.10695 163.98569 0.8069197
--
truck -6.499436 175.61122 212.2096 361.71918 0.46237147
car 309.38937 362.32477 134.24377 163.78772 0.8203497
--
truck -5.8368874 160.72469 211.15637 366.3837 0.4337377
car 309.94806 363.14313 134.45949 163.77812 0.8416534
--
bus -0.97779036 155.94377 223.31055 361.6089 0.43248627
car 309.81757 362.95883 134.32834 163.76978 0.82946473
