--
car 368.04578 400.6462 237.35417 266.00003 0.30467013
car 448.77942 477.62134 185.62099 204.9685 0.3098012
car 363.3195 377.28088 157.1863 173.30888 0.7535419
car 446.75143 479.32553 197.36803 222.77779 0.75913364
--
car 448.72366 477.42575 185.46376 205.0248 0.3017447
car 321.91486 337.8071 147.66682 162.36096 0.36419386
car 363.49603 377.1846 157.60983 172.48349 0.78275263
car 446.68414 479.29752 196.97629 222.94174 0.83171177
--
car 322.02652 337.6095 147.92613 162.142 0.3830424
car 363.51868 377.51956 157.10176 171.97995 0.7828998
car 446.3915 479.47058 197.09763 222.35034 0.8444942
--
car 321.91968 337.71057 147.96857 162.2095 0.39242494
car 363.35446 377.7552 156.433 172.19923 0.79635894
car 446.47284 479.4921 196.97783 222.24255 0.8314654
--
car 448.61392 477.41766 185.92676 205.0097 0.3213254
car 321.7428 337.69208 148.08809 162.27574 0.4124594
car 363.93286 377.90833 155.84511 171.50198 0.8060083
car 446.26132 479.502 197.20523 221.79161 0.8558631
--
car 448.6133 477.51846 185.84865 205.09854 0.33079395
car 321.76993 337.73557 147.87596 162.36172 0.3874343
car 364.07614 377.74054 155.66736 170.66124 0.7783863
car 446.33936 479.5846 197.00595 221.9787 0.8473689
--
car 321.84433 337.75702 147.9787 162.43799 0.36443493
car 446.1797 479.72876 197.22354 222.12216 0.85658693
car 364.3598 377.88507 155.3433 170.50192 0.863295
--
car 321.74243 337.80994 147.9844 162.36923 0.38430458
car 364.63834 377.7694 155.5859 169.95325 0.8114443
car 446.3239 479.66428 197.22343 221.92503 0.860969
--
car 321.60925 337.93912 147.78133 162.45325 0.37825373
car 364.1053 377.75598 152.73535 167.74164 0.7648744
car 446.22195 479.62555 197.11363 222.13924 0.8530362
--
car 321.3873 337.8581 147.63313 162.51328 0.39358523
car 364.52954 377.91278 152.7254 167.12227 0.75251377
car 446.32266 479.5916 197.259 222.18716 0.8567538
--
car 321.44064 337.93326 147.6226 162.58679 0.3867667
car 364.64682 377.97702 152.56253 166.99387 0.746951
car 446.31284 479.63654 197.38016 222.13725 0.8648468
--
car 321.30188 337.68823 147.66095 162.58598 0.40787908
car 365.1363 377.80267 152.28119 166.22617 0.76236284
car 446.29694 479.62778 197.3414 222.22626 0.8656474
--
car 321.36084 337.57715 147.59616 162.543 0.35561156
car 365.52136 378.60104 151.98053 166.84424 0.80693775
car 446.67694 479.59158 197.30669 221.84946 0.8748667
--
car 321.3047 338.2166 147.50822 162.6364 0.31666335
car 277.3191 370.0234 200.09384 260.7577 0.49652633
car 365.77396 379.14893 151.24908 166.6646 0.80998
car 446.583 479.64905 197.0399 222.00096 0.82954293
--
car 321.28705 338.14532 147.59682 162.59392 0.35853678
car 366.01898 379.05524 151.19812 166.51524 0.83934134
car 446.62448 479.62982 197.29517 222.08302 0.8660307
--
car 321.2912 338.1521 147.4589 162.62025 0.33923534
car 259.1398 289.98364 158.79807 185.4845 0.47095588
car 366.3561 379.00378 150.42389 165.86392 0.85776967
car 446.63693 479.6164 197.48595 222.0733 0.87910587
--
car 321.03635 338.2251 147.66757 162.45284 0.35817453
car 259.25082 289.9077 158.5795 185.55501 0.45346233
car 262.15402 357.04733 203.31952 260.93155 0.68637973
car 446.60782 479.55255 197.305 222.09221 0.8537226
car 366.3576 379.0674 150.43488 165.80312 0.8777637
--
car 320.94226 338.1485 147.62956 162.41336 0.37680414
car 259.14188 289.4964 158.94371 185.99649 0.47623977
car 367.15756 379.08447 150.164 165.11667 0.8740657
car 446.59906 479.57318 197.44601 222.06479 0.87574327
--
car 258.93378 288.84384 160.22937 186.17917 0.422734
car 320.79868 337.8747 147.86215 162.31506 0.44745284
car 367.27643 379.02414 150.00185 163.72629 0.8686031
car 446.60617 479.52606 197.47562 221.90831 0.88613045
--
car 257.27588 288.58453 159.49118 186.35771 0.37602654
car 320.67508 337.98358 147.84561 162.5311 0.3806061
car 241.14209 331.7566 205.67998 257.87555 0.39125806
car 367.56232 378.88177 149.72905 163.5079 0.8265522
car 446.73996 479.5424 197.53783 221.95923 0.8670766
--
car 320.76678 338.05212 147.70769 162.48949 0.36741605
car 241.18753 329.6424 205.34225 253.45702 0.38926265
car 257.39862 288.56793 159.81708 186.64407 0.42799023
car 367.58496 378.9161 149.66489 163.3202 0.79841226
car 446.70844 479.52603 197.48431 221.94083 0.8664495
--
car 320.74496 338.3195 147.53488 162.82649 0.3226378
car 268.97668 315.68024 176.11032 210.04512 0.37671724
car 367.76874 379.13528 149.43587 163.1707 0.7981081
car 446.61682 479.51605 197.43251 221.90567 0.86673
--
truck 222.4665 317.74725 204.13019 256.85675 0.49552906
car 320.59863 338.1122 147.55215 162.69235 0.30397958
car 367.8133 379.73013 149.45964 162.46317 0.7280906
car 446.5984 479.54324 197.24135 221.92088 0.84876573
--
truck 212.51355 309.2963 203.46568 255.37729 0.52624893
car 328.77612 345.22803 140.50656 154.40552 0.30612677
car 203.92554 307.59665 203.59619 256.46417 0.37112322
car 320.66708 338.21985 147.69829 162.83856 0.39782155
car 367.83542 380.25043 149.3617 162.34366 0.79668194
car 446.60287 479.4231 197.12688 221.9383 0.86703897
--
truck 206.41766 301.84772 200.95775 251.32748 0.42577958
car 449.14886 477.63712 185.39496 204.51889 0.3034083
car 367.9933 380.13474 149.20787 162.34445 0.8199896
car 446.33057 479.64786 197.19475 222.27245 0.8510787
--
truck 198.83057 294.70563 200.13962 249.39836 0.52521664
car 367.9278 380.22617 149.22734 161.94398 0.8469148
car 446.1678 479.68298 197.33057 222.31708 0.8546817
--
car 189.7365 282.14056 197.02205 249.29521 0.77863777
car 446.2917 479.61957 197.1774 222.30696 0.8342497
car 368.26672 380.73392 149.17668 161.71542 0.8916322
--
truck 184.55045 269.49603 197.06363 244.78944 0.3958806
car 321.0714 338.13324 147.4504 162.27132 0.3428615
car 446.37997 479.5623 196.6695 222.4218 0.7752409
car 368.4662 380.69952 149.10136 161.14748 0.88171315
--
car 328.37195 344.75085 140.65262 154.3537 0.30937228
car 320.973 338.47162 147.34862 162.34152 0.3466219
car 179.30228 271.53073 188.48854 241.44655 0.5591204
car 446.14423 479.636 196.66833 222.52162 0.82080585
car 368.88107 380.33655 149.13316 160.77722 0.8290177
--
truck 174.89368 261.01108 199.66167 247.67133 0.37069187
car 328.4391 344.7598 140.78865 154.40509 0.31313282
car 320.97314 338.35803 147.47453 162.25244 0.3635574
car 446.1662 479.63455 196.68495 222.5418 0.8040099
car 368.75946 380.54282 149.07378 160.57555 0.8301985
--
car 322.00623 339.2069 142.64218 157.23715 0.349901
car 327.90005 344.465 140.71008 154.35437 0.39327723
car 170.1903 254.96933 190.72195 237.95815 0.5848187
car 446.2017 479.62473 196.6832 222.55046 0.7908574
car 369.0489 380.7749 149.04984 160.39673 0.8701589
--
car 322.02383 339.2175 142.69327 157.08136 0.32693568
car 327.7798 344.11234 140.61917 153.96393 0.4320847
car 170.20604 256.57324 191.73038 237.33543 0.73041916
car 446.18756 479.63538 196.68124 222.61154 0.779136
car 369.03964 381.0473 148.79546 160.53104 0.886257
--
car 320.8131 338.77524 147.6099 162.38919 0.3418705
car 249.78313 281.13736 164.79034 192.7002 0.4614462
car 328.1663 344.1639 140.79837 153.89415 0.4799683
car 446.28424 479.55078 196.65686 222.47945 0.75035477
car 157.04877 246.03676 183.68828 245.15823 0.8436437
car 369.44177 381.8333 148.45067 160.23717 0.88993776
--
car 248.40631 280.2932 167.74 195.15948 0.32341945
car 322.3589 338.76016 142.85745 156.80774 0.33107862
car 320.91168 338.41077 147.79901 162.25606 0.3622912
car 328.23734 343.81314 140.94998 153.80937 0.4399534
car 446.34564 479.54147 196.47871 222.6164 0.7330478
car 369.71844 381.70526 148.65198 160.20692 0.8292144
--
truck 152.84361 234.72188 186.49979 237.53017 0.5650733
car 320.68936 338.58838 147.85684 162.44658 0.34327966
car 327.96054 343.97403 140.93575 153.95787 0.37923253
car 246.97958 279.89554 167.52876 195.42957 0.42389822
car 446.28 479.5572 196.5686 222.46977 0.761479
car 369.43652 381.71625 148.19865 159.93143 0.83238006
--
truck 152.28993 235.14459 185.99802 237.8849 0.5087813
car 320.79916 338.63287 147.79465 162.40063 0.31840247
car 322.0281 338.99036 142.55241 156.94714 0.33765095
car 327.59393 343.8877 140.89626 154.24274 0.37752903
car 246.7991 279.82968 166.69893 196.2788 0.4749868
car 446.39978 479.58484 196.44298 222.65411 0.7370055
car 369.54852 381.89447 148.0548 159.67564 0.84938127
--
car 327.59875 344.0965 140.67554 154.21619 0.36049342
car 321.23862 338.11206 148.10428 162.70792 0.36429274
car 245.67201 278.71878 166.85101 195.98416 0.45750254
car 145.59525 228.77644 185.92497 236.4293 0.4841661
car 369.9598 381.92645 148.20546 159.25397 0.7944996
car 446.33963 479.3907 197.35643 222.29514 0.8527462
--
truck 139.53575 221.05276 180.47855 238.45349 0.43475193
car 448.69043 477.0585 185.22484 204.55627 0.3072577
car 327.61102 344.3381 140.50189 153.89351 0.36505973
car 321.1889 338.1981 148.08064 162.65459 0.37706473
car 244.8005 277.22318 166.9014 196.41844 0.67946875
car 369.7025 383.5783 144.00856 157.36229 0.7570286
car 446.32312 479.45572 197.28455 222.39539 0.839696
--
truck 134.84059 215.26917 176.52495 238.30536 0.47918776
car 448.71024 477.0134 185.26208 204.47066 0.32426298
car 321.1512 338.36807 148.06569 162.7719 0.35390505
car 327.374 344.50595 140.43114 153.79329 0.399092
car 244.57523 276.683 166.9561 196.26697 0.6865488
car 369.71783 383.71252 144.14928 157.03531 0.74850017
car 446.28796 479.43292 197.3109 222.29007 0.85753
--
car 321.1671 338.41238 148.12378 162.71959 0.3254331
car 448.699 477.00894 185.30424 204.46227 0.3480434
car 125.981255 203.13852 181.45325 233.14409 0.45125562
car 327.34705 345.01572 140.3741 153.83179 0.451477
car 238.84384 275.23755 168.01881 196.92091 0.5754138
car 369.86017 383.89258 144.12463 156.65552 0.76846457
car 446.41632 479.40436 197.34048 222.13417 0.863591
--
car 130.69049 205.90694 179.01193 234.23279 0.30444956
car 321.19998 338.34827 148.15274 162.72739 0.3513006
car 448.7027 477.00598 185.29907 204.43396 0.35582793
car 327.47678 344.86945 140.33818 153.6818 0.43789047
car 239.26624 275.1714 168.43864 197.16434 0.71228904
car 369.89246 383.80908 144.21904 156.3237 0.75417244
car 446.45837 479.38455 197.45216 222.15192 0.8648072
--
car 448.6173 477.11023 185.24849 204.62326 0.31826338
car 321.1426 338.15237 148.0242 162.75815 0.37110376
car 239.00586 273.6372 172.08418 197.94373 0.3828557
car 327.17035 344.14252 140.1478 153.4501 0.3962762
car 370.03723 384.1326 143.9553 156.68848 0.75551087
car 446.55966 479.38422 197.28624 222.15366 0.85310274
--
car 448.6192 477.1248 185.25389 204.6445 0.31512988
car 289.07773 315.43738 162.93513 185.62617 0.32377997
car 321.24814 338.07227 148.17206 162.72943 0.33490914
car 327.102 344.19464 140.2405 153.60196 0.38569805
car 122.13246 195.67998 177.8226 233.32288 0.4515819
car 238.30751 273.79648 172.09196 198.61078 0.6120998
car 369.74152 384.05847 143.76494 156.46683 0.75716966
car 446.55478 479.40762 197.41891 222.12854 0.86724335
--
car 114.50062 190.90756 183.37068 226.80586 0.3117868
car 291.21927 313.4429 163.07854 184.80963 0.3240892
car 448.59918 477.02676 185.28563 204.48265 0.33548045
car 327.4151 344.7013 140.27661 153.48076 0.3668545
car 320.963 338.45923 148.26004 162.82735 0.40337098
car 234.83562 271.2323 172.41678 201.15369 0.40934157
car 369.44806 384.20392 143.30443 156.3922 0.82187027
car 446.40683 479.49823 197.38483 221.99275 0.87888247
--
car 448.596 476.98657 185.27213 204.48134 0.31632957
car 327.21042 344.47113 140.39612 153.61064 0.33437452
car 291.1355 313.41776 162.69232 184.48138 0.3451479
car 114.658356 188.08156 182.38075 227.61644 0.37783182
car 320.88342 338.46472 148.18437 162.68886 0.40124094
car 233.7362 271.25998 172.21744 201.96707 0.51500905
car 369.4834 384.31396 143.38673 156.2461 0.781253
car 446.3957 479.49796 197.38756 222.10838 0.87683505
--
car 448.54984 476.99417 185.27786 204.41557 0.31725544
car 291.08017 313.1676 162.84988 184.38829 0.32863167
car 320.833 338.6841 148.12463 162.80276 0.44052976
car 106.66709 182.83365 190.02016 226.37825 0.45089024
car 233.30621 269.42026 173.22746 201.1248 0.5724158
car 368.9457 384.66553 143.12437 156.34254 0.86687887
car 446.40298 479.50604 197.47444 222.18433 0.88149035
--
car 290.56552 312.88757 162.79138 184.99088 0.3295376
car 448.68228 477.02905 185.5267 204.5097 0.3551916
car 320.74594 338.99365 148.18297 162.6792 0.447045
car 102.0615 175.51385 181.80038 223.74704 0.61033547
car 369.33334 384.60892 143.27303 155.51422 0.81739694
car 446.40356 479.47284 197.56596 222.06165 0.8915238
--
car 448.69928 477.01944 185.45053 204.47237 0.3364532
car 227.25102 267.515 172.19817 202.60071 0.45309362
car 320.70895 338.9225 148.23451 162.82092 0.46324858
car 99.91584 173.14748 181.70193 223.51926 0.7734728
car 369.17416 384.7082 143.31677 155.42819 0.84456164
car 446.3477 479.41995 197.53107 222.07213 0.88885134
--
car 320.95096 338.57925 148.53662 163.00366 0.4003297
car 226.34819 267.55328 171.72023 203.99854 0.51621056
car 98.19116 171.89252 179.7259 225.02759 0.5518496
car 446.29617 479.4894 197.26471 221.70384 0.8438671
car 369.61682 384.779 143.53316 155.64272 0.8685084
--
car 93.439476 172.6261 181.71175 223.07849 0.40440568
car 320.71042 338.70602 148.39407 162.86414 0.44721264
car 225.5671 264.08038 178.44183 204.94836 0.457399
car 446.22906 479.53693 197.20532 221.60167 0.8164648
car 369.71304 384.66537 143.39075 155.06358 0.8359976
--
car 288.7445 314.8452 161.84787 185.99763 0.34950107
car 225.29762 265.78934 170.51083 204.43735 0.42160052
car 320.68448 338.7852 148.24017 162.81313 0.42220834
car 92.45443 162.82872 180.78633 220.7346 0.6952613
car 369.482 384.69394 143.26608 154.94592 0.83362025
car 446.21826 479.558 197.07382 221.7159 0.8378188
--
car 448.85785 477.05124 185.54863 204.24165 0.3202737
car 320.96378 338.54803 148.65678 162.94131 0.46252072
car 86.2763 155.57843 177.204 216.20741 0.72918624
car 369.84668 384.1624 143.01195 153.95885 0.7647037
car 446.04666 479.53415 197.15076 221.83347 0.8675568
car 222.29843 262.6477 175.71977 208.15553 0.8740243
--
car 448.89453 477.02658 185.47807 204.239 0.312718
car 320.86127 338.42554 148.69035 163.02737 0.47523317
car 82.363174 151.15163 176.38272 216.48663 0.7277818
car 369.72708 384.00958 142.75192 153.66838 0.7802589
car 216.06366 259.0679 177.24255 208.74869 0.80050915
car 446.06635 479.50912 197.11089 221.70837 0.80798763
--
car 448.8764 477.0474 185.49994 204.23558 0.32164395
car 320.89166 338.40924 148.77391 162.9892 0.4903599
car 369.6161 384.0622 142.77191 153.63338 0.7810611
car 446.08374 479.5195 197.08629 221.73116 0.8111852
car 215.1982 259.23697 177.22025 209.77643 0.8709926
car 83.0195 149.18184 176.47623 216.58932 0.8745299
--
car 448.80704 477.1335 185.53157 204.30609 0.3105084
car 320.91876 338.17822 148.79814 162.91093 0.47410607
car 79.823654 151.1365 175.45908 216.17963 0.47580528
car 369.12982 384.03036 142.13022 152.92975 0.68970495
car 212.57951 258.02698 175.65094 209.94978 0.79723406
car 446.14905 479.49823 197.07909 221.70627 0.8117785
--
car 320.98105 338.07263 149.1087 162.95834 0.43998125
car 69.89289 141.4643 177.41566 214.50511 0.48019764
car 446.27682 479.502 196.65833 222.02095 0.70982987
car 368.67346 384.33286 141.94849 152.52077 0.7359846
car 210.55017 255.67628 177.89551 211.53384 0.8654249
--
car 320.93256 338.1327 149.10701 162.97926 0.42255378
car 69.61379 139.10406 177.83014 214.12486 0.49318492
car 369.37158 383.9778 142.05554 152.39282 0.5990049
car 446.4205 479.6753 190.38298 218.1496 0.6764574
car 205.98102 251.78659 179.96391 212.4919 0.86335534
--
car 321.03915 337.8173 149.33978 163.06139 0.41822192
car 368.6972 384.13464 141.91504 152.06783 0.6041614
car 67.14072 136.66116 178.00713 214.28972 0.6597822
car 446.34808 479.53925 196.8973 222.01869 0.7043142
car 204.3578 252.52634 179.58955 213.5347 0.9089769
--
car 288.86624 311.11884 163.55667 186.58018 0.34595692
car 321.11102 337.9204 149.55023 163.26956 0.43535778
car 368.7696 384.012 141.47026 151.8929 0.6231136
car 66.72104 130.71684 177.22069 213.41888 0.7879741
car 446.19696 479.60907 196.93379 222.07266 0.8157201
car 203.32605 251.58313 179.43758 213.60648 0.92243224
--
car 288.8784 311.2355 163.9092 186.89539 0.3291034
car 321.1364 337.77588 149.33342 163.29076 0.44124132
car 374.6119 385.62518 141.62231 151.34283 0.5119546
car 67.060616 129.2792 176.50098 213.38913 0.72597945
car 446.2752 479.54535 196.80286 222.32599 0.81451654
car 202.54314 252.00214 179.63057 213.90889 0.9393974
--
car 321.53558 338.24796 149.65903 163.90335 0.43486294
car 374.8445 385.6231 141.35582 150.67252 0.6801708
car 198.77643 248.00246 181.6443 218.37766 0.82680875
car 446.16867 479.86316 196.57616 222.68578 0.84017986
--
car 321.47144 338.33447 149.7287 163.91919 0.44629425
car 374.74292 385.57513 141.37308 150.62416 0.6382902
car 198.79298 248.10416 182.47389 217.09898 0.83085626
car 446.17053 479.89322 190.02261 218.9288 0.8476915
--
car 285.01224 313.7112 164.74991 189.08818 0.34380248
car 321.5614 338.3869 149.45381 163.68912 0.44632387
car 193.17216 244.10657 182.25874 218.8158 0.5121943
car 374.7634 385.473 141.39984 150.57504 0.64713293
car 446.415 479.79828 190.00946 219.09093 0.8454994
--
car 60.08741 111.71085 174.15437 208.06728 0.33516085
car 285.01172 313.29358 164.95753 188.7824 0.42289767
car 321.6619 338.23883 149.59662 163.65518 0.45395803
car 374.62982 385.63422 141.30458 150.43338 0.70071316
car 192.36531 243.82948 183.23032 219.85771 0.73866135
car 446.30798 479.80325 190.16225 218.97548 0.84249204
--
car 321.47656 338.38205 149.73233 163.67302 0.45207146
car 284.86826 312.97357 165.15718 189.19174 0.55342656
car 191.42372 242.44312 185.89024 220.2483 0.6721352
car 374.5382 385.67703 141.16402 150.1569 0.7386931
car 446.50757 479.7835 190.11337 218.67194 0.79255515
--
car 50.836853 101.73179 175.18692 206.47469 0.48819706
car 321.36066 338.0079 149.31863 163.38695 0.49145463
car 374.97064 385.59705 140.65921 149.77385 0.73417544
car 446.9682 479.5052 197.17157 222.94073 0.79363763
car 284.58768 312.27148 165.23428 189.4921 0.80637836
car 175.86194 240.25664 189.37784 226.98576 0.8350186
--
car 49.90122 101.306046 176.74498 205.31789 0.3576832
car 321.3161 338.21875 149.45287 163.53487 0.44622156
car 374.99518 385.48508 140.61046 149.82243 0.70492405
car 447.1149 479.42126 197.10974 222.92126 0.7535999
car 284.16522 312.331 164.78725 190.07442 0.7852769
car 176.13084 239.50227 189.69305 228.10524 0.8155215
--
car 321.3282 338.49484 149.54156 163.54265 0.50738686
car 46.48045 97.50671 174.017 207.0652 0.51934314
car 375.0397 385.37958 140.753 149.83824 0.7051078
car 284.16388 312.3538 164.59055 190.40256 0.71988857
car 175.52647 235.96033 192.29881 232.3117 0.77781135
car 447.1671 479.29855 197.15599 222.54591 0.7923554
--
car 45.423157 96.801636 172.83212 201.408 0.42256442
car 321.3419 338.43204 149.56902 163.4107 0.49581054
car 283.96317 312.08182 164.43048 190.34444 0.58174616
car 374.79227 385.6047 140.32928 149.73544 0.7900384
car 448.10345 479.14963 197.27855 222.6702 0.7956663
car 172.067 229.59702 193.60562 232.40346 0.9526597
--
car 321.15872 338.27432 149.2949 163.45718 0.52300924
car 283.34393 310.79343 165.56183 190.57498 0.5800407
car 44.33436 93.56269 170.10677 202.39207 0.6181857
car 375.08417 385.6632 140.15115 149.50903 0.7440816
car 449.39645 478.99185 197.32166 222.50537 0.7646771
car 164.42296 223.62848 195.15115 234.04361 0.98278487
--
car 321.38568 338.0998 149.1569 163.26273 0.52650183
car 283.0868 310.75262 165.58968 190.71017 0.5906081
car 449.46808 478.8896 197.21378 222.72154 0.7281956
car 374.9808 385.92902 140.19734 149.41084 0.73227006
car 163.29593 224.99893 195.70918 234.67944 0.81964123
--
car 321.36237 338.3338 149.32576 163.58911 0.52733237
car 283.16785 310.681 165.59676 191.16597 0.54242945
car 374.69174 386.06833 140.14981 149.07738 0.7491461
car 448.86383 478.9994 197.45638 223.50865 0.76278955
car 159.42807 219.70053 197.44092 239.97437 0.94586945
--
car 283.0689 310.88858 165.10106 190.86563 0.48479182
car 321.2837 338.5549 148.98062 163.06389 0.5075036
car 448.5427 479.02997 197.13977 223.72101 0.5602613
car 375.1179 386.26855 139.70262 148.73361 0.7372926
car 158.37483 220.99037 196.59586 240.7666 0.93088377
--
car 280.2129 308.62662 165.76831 191.34508 0.40693074
car 322.0975 338.9243 141.07188 154.75618 0.45879173
car 448.8067 478.96268 196.97147 223.36179 0.61129165
car 375.3992 386.60507 139.56233 148.45096 0.7243098
car 153.80988 221.7663 196.9416 243.10968 0.9170798
--
car 321.89044 338.79398 141.1593 154.96326 0.43936998
car 279.93768 308.7107 166.10474 191.32779 0.47855633
car 375.77777 387.00598 135.26122 146.79843 0.64925814
car 449.80618 479.08566 196.97156 223.08826 0.692039
car 146.87976 211.27455 199.4232 246.4685 0.95275885
--
car 299.78833 337.07996 190.11726 215.05989 0.3074778
car 321.6863 339.01236 141.0251 155.8181 0.38818756
car 279.88248 308.0892 166.04991 191.41368 0.3956699
car 449.44836 478.94888 196.6594 223.85553 0.47964525
car 375.6939 387.31268 135.21887 146.78444 0.6880613
car 138.50461 208.87927 204.07193 251.12337 0.9124305
--
car 449.4124 478.84753 197.40475 223.95424 0.440654
car 375.73798 387.55902 135.19762 146.73471 0.65478384
car 131.96902 207.46167 206.77948 252.5964 0.91455513
--
car 448.99295 477.18222 185.75558 205.14359 0.3010275
car 448.95468 478.6769 197.36539 224.44008 0.43459603
car 375.78696 387.50284 135.28938 146.63446 0.69762695
car 127.94846 199.11252 207.8263 255.55711 0.83484197
--
car 320.906 338.37048 140.81262 156.22505 0.36583266
car 279.31616 306.69357 169.903 194.2397 0.42888507
car 448.42606 478.7559 197.10707 223.61978 0.52861935
car 375.621 387.3502 135.58884 146.36827 0.69345444
car 119.24609 191.88203 207.56142 259.27658 0.9137925
--
car 320.5157 338.7154 141.05658 156.7007 0.39893347
car 278.75653 306.3927 170.38477 194.45108 0.5062756
car 448.50903 478.8491 197.1008 223.2431 0.60873425
car 375.734 387.3772 135.52878 146.43446 0.699352
car 117.9982 189.58957 209.9539 264.49524 0.83448964
--
car 300.1057 336.473 189.93398 215.43372 0.31119314
car 277.51172 305.89017 170.26024 194.59727 0.5026523
car 448.50015 478.81094 196.7431 223.00514 0.63175523
car 375.80078 387.31348 135.58778 146.33563 0.6982968
car 113.41259 189.64462 212.43451 266.0431 0.9215466
--
car 276.7052 305.7083 169.48012 195.34373 0.30595088
car 300.5201 336.4458 190.09323 215.48578 0.3260311
car 321.05612 337.6515 148.51035 162.97266 0.3448419
car 448.46268 478.8289 196.62357 222.94667 0.6331538
car 375.92844 387.59442 135.54253 146.21832 0.68035054
car 105.94837 183.997 210.44316 271.04742 0.80500567
--
car 102.167534 181.34753 210.91452 274.3793 0.31979424
car 300.32843 336.63785 190.6691 215.90865 0.3268763
car 276.537 305.39954 169.77573 194.89536 0.33296198
car 321.07925 337.72913 148.61331 162.9968 0.35764065
car 448.2501 478.9393 196.20392 222.85957 0.58780116
car 376.01758 387.63425 135.45764 145.96817 0.65183973
--
car 320.7574 337.56433 148.79773 162.903 0.36470228
car 275.31323 304.7523 169.99391 195.2534 0.5478119
car 375.85956 387.95877 134.6461 145.76523 0.63351417
car 447.8389 478.79584 195.94833 222.54254 0.63758737
--
car 300.4601 335.2248 190.65923 215.30014 0.49476075
car 375.65576 388.23035 134.29187 145.6998 0.56211615
car 447.72375 478.79303 190.56984 217.0032 0.5658869
car 275.20605 303.50204 170.58646 195.24655 0.780585
--
car 300.28647 335.56506 190.89394 215.31058 0.41219723
car 375.6861 388.27994 134.24959 145.65259 0.59150183
car 447.37323 478.98627 190.52528 217.33441 0.59956574
car 274.99945 303.9704 170.41621 195.7591 0.78933764
--
car 300.37115 335.56158 190.8144 214.84485 0.4176308
car 274.6883 304.0225 169.85349 196.2408 0.56848943
car 447.25098 479.0857 190.54993 217.21448 0.58674914
car 375.74658 388.39258 133.96138 145.59227 0.6163052
--
car 313.2164 325.72015 143.29828 155.84499 0.33847526
car 327.36765 342.34174 140.16504 152.78389 0.34415537
car 300.88773 335.45236 190.82027 214.84848 0.37388092
car 375.82275 388.69528 133.46156 144.99437 0.46798816
car 446.25183 479.13272 196.88007 222.01485 0.6017798
car 59.45473 147.64015 231.43999 304.28445 0.613761
car 273.74966 302.75317 172.0268 196.71524 0.7222309
--
car 327.34058 342.4427 140.04607 152.58679 0.36942834
car 312.26877 326.20065 143.25346 156.34135 0.38869503
car 300.67856 335.82037 190.62706 215.04031 0.41206223
car 375.5818 388.2487 133.4928 144.96863 0.51836145
car 446.3525 479.06213 196.96716 221.87793 0.57325894
car 273.462 302.41177 171.8464 196.7879 0.66983676
--
car 300.53534 335.94434 190.57692 215.54347 0.32472527
car 327.41733 342.39307 140.10208 152.60374 0.36748448
car 311.44815 326.34326 143.26498 156.2573 0.47342992
car 446.58237 478.899 196.92667 222.18217 0.5220052
car 375.42865 388.3595 133.14874 144.92519 0.5498355
car 273.1477 301.87524 173.36707 196.98476 0.7467656
--
car 327.79382 342.67978 140.11401 152.72043 0.39817873
car 442.74667 475.51038 197.25023 222.4012 0.4819858
car 311.39648 326.2122 143.04623 155.92398 0.51498765
car 375.4703 388.37793 133.15895 144.60718 0.58812654
car 272.94888 301.8609 173.72842 197.2237 0.83501226
--
car 327.7001 343.06305 139.79945 153.03212 0.4033383
car 310.64575 325.82285 143.18208 155.91322 0.47901356
car 447.1693 478.86304 191.11009 216.55542 0.4852637
car 375.41818 388.3843 133.00552 144.54085 0.6480396
car 272.46396 302.83932 172.50153 197.51157 0.75666
--
car 327.71893 342.85358 139.95494 153.2075 0.43986225
car 307.73672 324.5763 143.74307 156.67992 0.5114005
car 446.87927 479.03748 190.70523 217.07758 0.58788824
car 4.445118 117.6022 232.9947 351.12878 0.63039607
car 375.43466 388.6058 133.45752 144.67725 0.63924885
car 269.48236 300.37842 172.59227 198.0739 0.7316121
--
car 322.03482 338.14496 149.45667 162.57672 0.37463975
car 0 114.68044 189.81685 340.85724 0.49849272
car 327.86227 342.8063 139.81134 152.98833 0.5005391
car 307.32526 324.3718 143.89594 156.90704 0.58568853
car 375.52536 388.3736 133.37856 144.49458 0.6302848
car 446.53995 479.28836 190.85913 217.40973 0.6458353
car 269.65082 300.17484 173.3049 198.13463 0.7377556
--
car 321.70743 337.9645 149.75987 162.36235 0.3613236
car 327.70615 342.86157 139.6359 152.98926 0.47549576
car 0 111.92434 147.55571 357.03452 0.53190416
car 307.03455 324.48364 143.99814 157.07239 0.54537976
car 375.47394 388.41165 133.04692 144.288 0.62059
car 446.47272 479.28116 190.4557 217.62094 0.6471865
car 269.57138 300.12192 173.57867 198.4676 0.6511255
--
car 322.17798 337.83478 150.0253 162.98605 0.35799524
car 327.7644 342.81714 139.83295 153.4001 0.43747148
car 0 99.23126 142.11493 351.90448 0.45219773
car 268.7924 299.56326 173.53835 198.73175 0.46377632
car 306.64438 324.23337 144.00317 157.27736 0.5094398
car 374.89908 388.6371 132.99974 144.3029 0.62765837
car 446.38104 479.40875 190.41418 217.77545 0.70737755
--
car 267.42545 299.67044 172.94014 199.03412 0.3463903
car 322.20496 338.57153 148.54454 162.64302 0.36605862
car 348.1428 363.9055 123.92192 138.26523 0.37626252
car 327.70374 343.1815 139.75009 153.96654 0.40541017
car 374.43454 388.60956 133.09764 144.25348 0.4468324
car 306.5025 324.29373 144.02806 157.78311 0.5477295
car 446.38818 479.3399 191.0222 217.49265 0.7321871
--
car 375.16174 388.9031 132.6811 143.93393 0.34200022
car 322.33765 338.05792 149.09836 162.24757 0.3423044
car 348.09628 363.89194 124.06675 138.63823 0.35865244
car 328.17657 343.49008 140.37714 154.25555 0.37445137
car 305.14417 325.90686 145.95819 161.66608 0.3990153
car 265.82785 298.75452 173.4621 199.19513 0.44158944
car 446.21985 479.4531 190.15674 218.43434 0.78137004
--
car 375.61697 388.94083 133.15613 144.14317 0.31598216
car 328.07648 342.96924 140.12117 153.5031 0.32404625
car 348.3321 363.94138 124.17969 138.77443 0.37168893
car 264.8361 296.26596 173.77837 200.2225 0.5061001
car 302.5925 320.9918 147.6386 161.9719 0.56705713
car 446.18997 479.47592 189.75931 218.51263 0.7161246
--
car 300.07303 335.3311 191.23997 214.20595 0.3066479
car 327.82123 342.9046 140.12215 153.49057 0.32087448
car 348.33942 363.902 124.26487 138.71631 0.33846056
car 302.54266 320.76907 147.97635 161.99849 0.54185617
car 264.84875 295.95557 173.57944 200.46959 0.5910678
car 441.02182 478.27136 189.41173 219.50679 0.7053005
--
car 348.6801 364.1418 124.14791 138.54437 0.3115591
car 327.38556 342.5448 139.7382 153.40111 0.3301908
car 302.2164 320.21005 147.95432 162.00705 0.6106203
car 264.11093 295.33447 174.08353 201.09818 0.68220115
car 440.99457 478.27374 189.27654 219.55524 0.6842038
--
car 375.69202 389.12213 132.45584 143.67621 0.33541843
car 327.5127 343.13297 139.11243 153.22115 0.35843766
car 263.72644 294.6956 174.58426 201.03084 0.4428228
car 301.0277 319.18503 147.01637 162.36978 0.5535432
car 441.0615 478.07947 189.19742 219.56642 0.690425
--
car 327.86343 343.8394 138.96751 153.45572 0.38239488
car 263.31015 294.1395 174.7289 201.28633 0.59193945
car 300.0919 318.265 146.68408 162.76022 0.631147
car 441.0025 478.12195 188.91408 219.69249 0.70115536
--
car 348.6208 363.70355 124.2536 138.20258 0.3000257
car 321.40652 337.66644 149.29797 162.2627 0.3008342
car 327.5279 343.57074 138.90315 153.30698 0.35778707
car 263.71786 293.29047 175.2186 200.67326 0.38079914
car 299.10513 318.68893 147.28928 162.61478 0.62523997
car 441.10678 478.03458 189.3849 219.3592 0.70662546
--
car 348.26953 363.50955 124.1117 138.31294 0.3060172
car 327.4416 342.71408 139.35884 153.78888 0.35502654
car 441.2824 478.02722 189.53384 219.37386 0.67725354
car 298.30737 320.36166 147.25034 162.60306 0.7253392
--
car 327.2126 342.65274 139.36621 153.94736 0.39520738
car 441.40704 478.0872 189.69666 219.24838 0.6470003
car 298.04355 319.90622 147.6768 163.13377 0.7302269
--
car 258.09973 292.76215 177.33281 205.23988 0.31479138
car 327.41754 343.369 139.16196 154.42078 0.37905833
car 295.81003 318.79474 149.34245 165.31671 0.656003
car 441.9215 477.8909 189.84032 219.37805 0.68068403
--
car 327.45142 343.48892 139.03728 154.92155 0.35385036
car 292.3801 322.98096 148.00493 166.9365 0.61035043
car 441.87372 477.9031 189.59218 219.5561 0.69454855
--
car 327.37274 342.96777 139.3225 154.82378 0.31075606
car 300.26898 338.48035 191.48108 216.75319 0.41167572
car 257.5474 292.34888 177.95534 205.68324 0.50987786
car 290.63654 324.08755 147.35728 166.07095 0.6487301
car 441.7746 477.9418 189.59473 219.85112 0.6893008
--
car 300.40604 337.96613 191.28517 216.39116 0.35821155
car 257.58807 291.78983 177.85924 206.12306 0.5070502
car 441.68222 478.05963 189.57837 219.9565 0.728244
car 290.24115 323.9511 147.33258 166.37262 0.7434673
--
car 286.83105 317.14258 148.22234 166.76535 0.6833264
car 441.68433 478.01743 189.69987 219.71251 0.6876706
--
car 300.49335 337.45154 191.14801 216.17569 0.31517774
car 255.98285 291.7434 177.15965 207.08443 0.39822814
car 446.3055 479.5191 189.53178 218.98895 0.69161373
car 285.20828 314.6461 149.92921 168.71477 0.74864656
--
car 327.21878 342.2436 139.31087 154.87782 0.30192843
car 300.794 336.91815 191.0963 215.66469 0.36342317
car 254.95242 291.79938 178.28139 207.50114 0.4236012
car 446.29172 479.51495 189.5356 219.06448 0.7050299
car 284.30435 314.4597 150.24696 169.26404 0.72155386
--
car 253.90082 291.29422 178.23419 208.23268 0.45461598
car 300.33386 336.46112 191.38596 215.28217 0.4666149
car 446.29462 479.5874 189.67453 218.83646 0.7121138
car 283.79608 315.36502 150.65184 169.5353 0.73738533
--
car 300.77856 335.5932 191.9855 215.43509 0.3384032
car 253.24974 290.19955 177.33667 208.62651 0.3751998
car 283.56097 315.48273 150.47845 169.44263 0.39370131
car 446.2716 479.60498 189.64752 218.78343 0.7126368
--
car 327.02603 342.5645 139.52328 155.5655 0.33224067
car 279.0481 304.71103 155.16626 170.65485 0.5079271
car 252.73897 289.51346 177.63573 208.68214 0.5497028
car 446.3839 479.55093 189.95662 218.64578 0.7255017
--
car 326.98615 342.7639 139.69598 155.88443 0.3395726
car 300.59387 335.64294 191.34444 215.21657 0.42616493
car 276.00934 306.3885 154.7491 173.74748 0.47796926
car 251.89957 290.23282 177.87704 209.01166 0.6529292
car 446.30814 479.6298 189.70564 218.76208 0.73336697
--
car 327.30194 342.65356 139.58061 155.73068 0.31102875
car 276.32172 304.40512 155.87651 174.11017 0.477698
car 252.81195 288.1893 178.96228 207.55641 0.50663996
car 446.33728 479.61853 189.72993 218.80054 0.71738064
--
car 300.59494 335.69684 191.4278 215.32976 0.32610363
car 274.99274 304.1127 156.10046 174.38062 0.6502553
car 252.03117 288.85934 178.56483 208.95023 0.6803229
car 446.2992 479.6908 189.74869 218.4503 0.705783
--
car 273.67795 305.25305 156.3969 175.92091 0.6643303
car 446.35168 479.6551 189.86365 218.39484 0.707531
car 252.35495 288.8025 179.46176 208.84018 0.7959263
--
car 325.9637 347.09015 137.25374 159.75092 0.32624218
car 252.76883 287.88126 179.58969 208.11967 0.59964913
car 270.27472 297.3627 158.90906 177.94676 0.7628767
car 446.1284 479.48956 197.04047 221.90338 0.80243844
--
car 325.7313 346.7958 137.04321 159.84323 0.32609022
car 252.54332 288.39984 180.00023 207.93332 0.6578875
car 446.18768 479.45868 196.89273 222.00523 0.7777866
car 271.0246 294.65692 158.64908 178.37975 0.7993952
--
car 325.68137 346.60312 136.86305 159.98239 0.3053402
car 322.79938 338.833 141.26079 158.12201 0.32482475
car 446.36792 479.68042 190.27692 218.16507 0.7024357
car 252.15329 288.51608 180.62502 207.75764 0.7132819
car 454.12418 479.84058 239.21588 324.869 0.7309716
car 265.72116 292.28967 159.65361 179.5471 0.9243602
--
car 325.8325 346.78873 136.61937 159.92798 0.32102275
car 452.60507 479.72827 232.74925 328.06503 0.6026112
car 446.56284 479.53485 190.06053 218.111 0.6087923
car 251.83205 288.68167 180.579 207.64566 0.6613943
car 265.6893 291.50693 159.90446 179.64911 0.8977167
--
car 440.64468 478.70007 190.12508 219.0498 0.58297276
car 440.74643 480.12112 213.39206 321.07187 0.6647301
car 252.70258 288.25455 180.88062 209.14784 0.81004936
car 261.75604 289.66202 161.3124 182.61534 0.8778745
--
car 439.68042 479.3936 189.61731 219.74135 0.6007664
car 253.48477 287.97708 181.13899 208.31879 0.6116809
car 260.10785 289.3911 161.5999 183.55945 0.68582165
car 429.5078 480.82147 207.44629 323.97437 0.69158554
--
car 253.45436 286.78363 181.9721 207.85281 0.48630133
car 446.348 479.68228 196.44008 223.84337 0.55009544
car 257.91 286.5822 162.39622 185.00793 0.90986615
car 432.92676 479.67926 239.16844 321.71573 0.9119946
--
car 322.67947 338.85797 141.34438 158.56177 0.32953382
car 253.28482 286.69202 181.73228 208.59007 0.47624356
car 439.51807 478.86853 196.284 224.03435 0.55925417
car 432.02386 479.19437 241.36118 321.98254 0.8457747
car 257.17426 286.26892 163.04616 185.5492 0.8896881
--
car 324.7287 346.16113 136.01509 160.34485 0.4614163
car 254.54535 284.86688 164.18849 186.77318 0.818026
--
car 325.13297 346.5098 136.6896 160.14822 0.45491853
car 249.86331 282.86664 165.92252 187.63115 0.8774433
--
car 325.09113 346.46432 137.41603 160.0509 0.52675784
car 401.15662 475.85043 209.13188 321.96313 0.7911994
car 249.37251 282.17636 166.48495 186.88622 0.9605771
--
car 242.26881 285.36414 176.62483 211.23418 0.30306312
car 387.67023 476.44812 209.06674 322.274 0.47468734
car 324.97708 346.36905 137.24234 159.86795 0.53462046
car 245.67656 282.10178 166.5495 187.49315 0.8106802
--
car 324.85843 346.49875 136.53897 160.42723 0.51912946
car 384.0925 479.30838 217.58894 314.2205 0.88614625
car 243.54143 278.69357 165.99348 189.04147 0.9041009
--
truck 364.68753 471.864 217.53595 309.14944 0.95508343
car 324.1502 345.3893 137.03888 160.42056 0.39971945
car 440.9624 478.70428 197.0428 222.54271 0.6271742
car 236.00317 275.6317 171.35753 193.77643 0.9216981
--
truck 348.7403 475.19232 217.30362 304.1729 0.59060466
car 324.24405 345.8299 137.14282 160.38496 0.3540646
car 446.19275 479.64435 197.53773 222.81342 0.7148758
car 232.25726 277.98016 171.53566 195.44197 0.76559794
--
truck 349.3868 471.83337 215.12767 309.229 0.9682139
car 324.5584 346.64465 137.55907 160.62238 0.4773835
car 440.0183 479.15152 196.47025 222.72263 0.6872721
car 231.00792 277.16425 172.3429 196.6174 0.8314208
--
truck 345.98413 472.20584 216.9208 311.8571 0.9764248
car 324.13348 345.95374 137.33728 160.73712 0.45567775
car 440.09912 479.28592 196.44664 222.57063 0.73137784
car 229.04285 275.83374 172.4284 197.78485 0.81433225
--
truck 331.50552 473.57318 211.38837 301.033 0.921738
car 324.69897 346.30804 136.39288 160.27261 0.44117886
car 225.77518 281.46545 173.8416 199.95276 0.7661433
car 446.33398 479.69528 197.23111 222.67365 0.7863082
--
truck 329.1917 474.95407 203.70056 309.82452 0.97900367
car 324.639 346.30222 136.00444 160.13255 0.4701111
car 438.38855 478.85696 188.37767 220.90729 0.6492603
car 224.30891 265.93732 173.90314 200.64226 0.7827743
--
truck 317.94977 475.99857 189.49825 309.53366 0.96543294
car 324.13303 345.97247 135.25148 159.96135 0.3653451
car 436.48837 479.3471 187.64485 221.2204 0.501701
car 215.30096 260.1227 175.73743 206.67291 0.9639198
--
truck 311.69046 474.73694 192.50737 305.08347 0.9318625
car 324.17526 346.00266 135.39946 159.72049 0.37293702
car 437.0282 479.3914 188.33354 220.98409 0.5504565
car 210.20071 260.81174 177.45909 207.09303 0.9095424
--
truck 302.03577 474.59946 189.00377 307.27658 0.4622927
car 324.48956 346.0174 135.13803 159.80667 0.33310872
car 436.65198 479.70047 187.86963 221.02036 0.57919526
car 209.65726 257.4184 179.35551 208.68051 0.9624671
--
truck 298.22495 474.98248 189.40952 309.73453 0.94969356
car 324.52533 346.12277 135.03885 159.76526 0.35363308
car 435.99136 479.71048 187.26091 221.10858 0.5676331
car 252.10593 286.19348 182.2158 210.24811 0.7942519
car 209.3628 255.27106 179.32938 210.48866 0.98251677
--
truck 293.26138 476.7259 195.54048 306.09183 0.5177282
car 282.97583 478.38443 126.61756 318.8511 0.32394242
car 324.58356 346.12628 135.75966 160.00677 0.37325206
car 436.23993 479.50674 188.19046 221.19185 0.71942466
car 248.71262 284.19348 182.49275 211.96736 0.8730289
car 201.72678 252.82356 179.8428 212.93161 0.98898196
--
truck 255.10843 474.6114 194.32312 301.01917 0.947955
car 346.83966 364.0779 124.38489 138.1201 0.34023684
car 324.39908 345.91992 137.65208 160.16914 0.40067858
car 282.42987 312.246 167.00816 198.83829 0.5058827
car 437.42197 479.4204 189.80362 220.58508 0.65668815
car 248.30875 283.16776 183.1956 210.35004 0.8850383
car 195.75046 242.94244 182.88286 218.11821 0.98718554
--
truck 254.61073 473.93378 193.69986 302.4332 0.9494088
car 323.55258 338.3269 140.64369 155.77435 0.32880303
car 324.2761 345.8304 137.97432 160.0122 0.39471784
car 347.0913 364.33594 124.43009 138.76051 0.40863982
car 282.40018 312.64316 166.78798 199.1073 0.41974002
car 436.73276 479.54602 189.02458 220.95767 0.64548063
car 248.80588 282.73367 183.39842 209.00519 0.83755034
car 191.86311 243.17888 184.55019 217.6934 0.9813044
--
truck 251.624 470.31262 196.20552 300.0702 0.77130497
car 347.0671 364.41104 124.50868 138.90562 0.37660813
car 323.46655 338.59027 140.42859 155.48773 0.44909987
car 437.49207 479.38116 189.71158 220.62619 0.6387368
car 253.21635 285.11063 183.2227 203.92932 0.8733638
car 188.05533 244.00485 184.05544 219.59187 0.98583424
--
truck 242.97043 467.523 138.32605 314.0192 0.85597336
car 347.36896 364.50546 124.52926 138.62125 0.3284331
car 282.44995 311.49115 167.36842 197.35513 0.3376945
car 323.54074 338.5793 140.47284 155.80704 0.38716882
car 436.8082 479.55444 188.99591 220.82262 0.6367146
car 254.52435 285.4423 183.39833 203.42941 0.9017048
car 185.16452 236.70805 187.3733 222.20653 0.9718164
--
truck 230.68199 467.03046 137.75621 314.12683 0.9305168
car 323.6839 338.45056 140.5995 155.45612 0.52825505
car 439.21286 479.2515 189.97673 219.63234 0.65143657
car 282.44882 313.00488 165.51483 191.23776 0.66795295
car 175.1746 228.24081 190.1332 226.40465 0.93059266
--
truck 224.20502 466.90128 156.88751 327.8686 0.85068196
car 257.30536 282.75656 181.38106 194.3408 0.3136266
car 226.00099 466.12222 138.39392 313.1584 0.376677
car 323.44016 338.809 140.5523 155.5741 0.57537675
car 282.7952 313.33966 165.05434 191.36899 0.59888846
car 439.00967 479.41922 189.93349 219.88535 0.70695066
car 169.74545 230.30037 191.09576 231.40048 0.9150991
--
truck 211.407 468.85477 156.42036 329.0478 0.8076284
car 347.16214 364.31522 124.52314 138.47964 0.3256795
car 323.20673 338.94373 140.24219 155.26985 0.6340918
car 282.3174 313.7419 164.40778 191.58386 0.6471167
car 439.66678 479.29144 189.79616 219.99817 0.6994359
car 168.77211 230.0083 193.83966 233.76656 0.9299584
--
truck 214.73085 433.6117 140.98315 306.40292 0.97811437
car 323.19778 338.53098 140.38641 155.38858 0.59508747
car 282.2682 313.77576 163.94148 191.04665 0.60680044
car 445.94485 479.99725 189.87247 218.74007 0.725321
car 160.82344 225.22641 195.32661 233.16644 0.87913465
--
car 323.24716 338.13974 140.52686 154.99516 0.6127915
car 446.06653 479.89038 190.36551 218.39644 0.72778755
car 279.24957 309.39816 168.31174 195.94629 0.8665514
car 156.28938 218.08397 194.06982 237.18356 0.8953978
--
truck 143.62679 210.2782 197.69052 242.49127 0.54451126
car 323.12375 338.0467 140.59697 155.46217 0.48725805
car 445.988 479.9294 190.25853 218.5654 0.7269262
car 275.24725 311.17188 167.61665 197.67424 0.8356237
--
truck 190.2226 482.89117 160.082 335.7188 0.7223973
car 322.75842 338.3329 140.42639 156.2502 0.4476078
car 446.126 479.69565 196.91208 222.14459 0.7120223
car 272.87674 311.67117 167.57567 197.45152 0.8153132
car 142.46335 200.62978 197.68546 244.80762 0.871816
--
truck 130.2439 185.6565 202.90305 252.30199 0.41891485
car 322.6095 338.38226 140.41042 156.44936 0.47075266
car 446.04675 479.71866 196.98851 222.06764 0.7220193
car 275.31903 311.3225 167.96007 197.31024 0.8016864
--
truck 184.052 357.45456 177.70938 282.8771 0.639819
car 322.0585 338.63483 140.24303 157.05113 0.4952153
car 276.93582 310.85825 168.25583 196.97418 0.63598067
car 129.03342 180.90396 203.74165 253.40419 0.65458965
car 446.292 479.53635 197.3735 222.26024 0.8140489
--
truck 141.49043 361.16614 176.4672 284.53165 0.95993567
car 321.85132 338.47427 140.73944 157.14288 0.49806145
car 276.26788 311.0606 167.78156 197.02289 0.5000351
car 116.884 169.7085 210.41585 262.81363 0.6223437
car 446.2223 479.5541 197.47502 222.20451 0.8209993
--
truck 151.24796 346.7963 194.31555 284.7455 0.64209485
car 321.9004 338.11517 140.80095 157.8007 0.52303857
car 100.28354 169.93584 208.62811 268.09955 0.588495
car 276.91235 310.94754 167.371 197.2466 0.6760495
car 446.2774 479.49686 197.30716 222.14412 0.8130337
--
truck 197.97 343.7268 170.50237 286.2186 0.34499305
car 321.69122 338.263 140.73749 158.25183 0.48603573
car 276.9689 310.90018 167.53792 197.24706 0.6626058
car 446.28214 479.5118 197.36057 222.16142 0.82341725
--
truck 137.10602 336.82172 174.64932 282.97116 0.82101154
car 255.24908 282.56116 181.86124 194.23502 0.42238483
car 321.55316 338.60205 140.69339 158.63817 0.528527
car 276.7445 311.00922 167.37619 197.465 0.6660268
car 446.23105 479.5856 197.0548 222.2228 0.81341267
--
car 87.59564 158.42186 216.55655 272.81854 0.37043074
car 254.75647 282.85565 182.03365 194.33577 0.39420348
car 321.53693 338.5599 141.17532 158.61368 0.44164875
car 276.93845 310.86862 167.00305 197.66267 0.6460184
car 446.36353 479.4888 197.15002 222.30228 0.81684345
--
truck 73.72909 156.24045 215.65036 278.90195 0.56351143
car 311.15546 330.54404 161.34256 187.54466 0.30979145
car 1.7329681 37.488297 237.65349 294.50726 0.32186
car 255.28745 282.27942 181.7934 194.38016 0.3650304
car 321.26123 338.80948 141.57523 158.76276 0.42901745
car 276.095 310.89615 166.4048 197.64005 0.7190073
car 446.44067 479.45618 197.33308 222.3178 0.8060782
--
truck 148.47055 311.8571 166.5177 283.9088 0.73988354
car 255.45985 282.22702 181.98224 194.32242 0.33692357
car 321.15616 338.1472 141.43588 158.24432 0.41718227
car 275.2482 311.0218 166.94118 197.61266 0.57319254
car 446.5484 479.4366 197.46687 222.26747 0.8257063
car 74.87341 136.27332 220.09657 278.8325 0.9019713
--
truck 142.28952 316.081 165.17332 281.95978 0.5793174
car 321.03632 337.7066 140.9834 158.08273 0.46626508
car 275.5382 310.34787 166.45781 197.46466 0.5776151
car 446.59567 479.40646 197.40099 222.25748 0.82946044
car 73.46185 135.66228 219.67484 280.30658 0.8302915
--
truck 124.91654 299.89902 165.052 280.07755 0.6209582
car 300.47165 316.64758 159.1359 173.41823 0.324294
car 255.31848 282.9388 182.17259 194.43132 0.44804248
car 321.5039 337.5378 141.602 157.68437 0.4797837
car 276.24365 309.02393 168.20377 196.27504 0.52230626
car 446.4951 479.44336 197.3127 222.2605 0.8356689
car 64.21999 116.8697 227.20541 284.62354 0.9466212
--
truck 114.525604 280.20282 166.07724 272.27924 0.8916061
car 321.9587 337.25964 142.03496 157.42427 0.38843578
car 51.979572 98.20194 226.99419 290.83292 0.745885
car 446.39743 479.46497 197.21982 222.18973 0.81203747
--
truck 111.84323 278.23578 166.7617 269.30392 0.93130636
car 299.78693 316.65585 158.7834 172.69394 0.3068853
car 321.66287 337.7456 141.7302 157.37013 0.45342743
car 35.46313 97.474144 230.1229 290.6376 0.56667095
car 446.44788 479.3875 197.27759 222.14282 0.7800949
--
truck 108.28544 272.9365 166.90393 270.46658 0.35948706
car 321.4927 338.06903 142.2043 157.03769 0.37644827
car 446.22614 479.50772 197.47586 222.28235 0.8536275
--
truck 104.244835 273.90747 165.66357 268.33047 0.7228919
car 15.87047 83.82037 230.53636 294.3983 0.55960184
car 446.19757 479.53918 197.48015 222.25784 0.84473723
--
truck 99.98887 257.83908 168.56471 260.29034 0.3975098
car 8.981237 86.03721 231.96022 299.56708 0.39204302
car 250.08519 282.42163 182.5711 208.51123 0.48946443
car 446.20502 479.50967 197.51338 222.22289 0.8577373
--
truck 94.51647 247.6111 165.39842 263.11096 0.45475906
car 278.0386 307.78955 168.47313 195.51434 0.31271392
car 0.9722614 78.031654 231.33636 305.88907 0.74137676
car 244.88995 283.14264 184.02914 218.00398 0.79666114
car 446.21838 479.4689 197.44601 222.20718 0.8654806
--
truck 89.54184 247.25575 163.8619 261.32462 0.92118067
car 278.08237 307.8824 168.12633 195.46165 0.3643226
car 242.03699 282.31332 183.73444 218.00589 0.8536118
car 446.22653 479.46774 197.43884 222.23143 0.868633
car 2.4822557 66.345894 233.46516 302.8193 0.91537666
--
truck 91.055664 250.60338 165.37685 259.63217 0.8626295
car 277.9271 307.74744 168.09326 195.47983 0.33357415
car 242.11499 282.46805 183.76637 218.05818 0.8350168
car 446.23618 479.46097 197.42188 222.24736 0.8623853
car 2.365458 66.28822 231.64526 305.12244 0.9427346
--
truck 83.198296 237.84819 167.6021 255.17747 0.4449842
car 277.9035 307.86465 167.99873 195.32016 0.3178634
car 1.3204587 64.27327 228.33014 305.9374 0.83839756
car 241.92496 281.98682 183.46349 218.5312 0.8443157
car 446.22122 479.44232 197.3784 222.19183 0.86900365
--
truck 81.97255 228.74611 164.79346 259.68365 0.8779109
car 278.0143 307.8485 168.14052 195.41301 0.30883977
car 0.9432918 60.92407 217.59676 314.01157 0.75700843
car 242.17905 282.02777 183.4658 218.01625 0.7765217
car 446.2079 479.44257 197.32396 222.18297 0.8691958
--
truck 78.935074 223.99557 164.11128 254.3686 0.8051253
car 0 55.011635 214.24089 315.803 0.82633525
car 446.30017 479.40182 197.40384 222.19269 0.8784956
car 242.24536 282.02948 184.5286 217.87485 0.884715
--
truck 67.537346 209.13385 164.03038 250.17633 0.6700064
car 277.6129 307.9058 168.03467 195.11081 0.41104496
car 0 53.277237 208.27423 317.68738 0.44495735
car 446.29773 479.38824 197.44641 222.15802 0.883854
car 242.2775 281.3086 184.38107 217.66046 0.91882765
--
truck 65.04845 209.63065 163.09431 250.08475 0.46158892
car 277.5895 307.77194 168.19911 194.90173 0.34861293
car 0 51.259075 208.33151 316.75507 0.5564942
car 446.29694 479.39124 197.45917 222.16245 0.8837046
car 242.19864 281.72766 184.61029 217.7148 0.92841464
--
truck 62.763763 209.2294 159.9489 251.12268 0.4772355
car 311.8599 328.50262 143.81413 157.54994 0.30897316
car 277.61804 307.8224 168.15135 195.05197 0.42800653
car 0 47.774788 226.05823 308.87958 0.7829713
car 446.3059 479.39914 197.49599 222.16562 0.88706195
car 242.51575 281.95862 184.32239 217.93562 0.93354976
--
truck 56.67044 194.83731 159.4551 246.75182 0.66844267
car 277.41263 307.66046 168.29169 195.36465 0.33648527
car 446.0946 479.55328 197.2449 222.20769 0.7997354
car 0.076282024 43.06693 232.65636 318.51648 0.804011
car 242.63263 282.00385 184.21896 218.0847 0.932697
--
truck 57.993073 183.68526 159.20294 246.97209 0.81911093
car 277.23462 307.69116 168.47334 195.28595 0.37181258
car 446.01624 479.62396 197.1128 222.32904 0.7943263
car 242.57031 281.948 184.56198 218.02145 0.93225724
--
truck 56.34872 178.39978 159.9306 244.7315 0.693702
car 277.1469 307.78528 168.62209 195.33005 0.41109705
car 446.03317 479.60922 197.11003 222.27992 0.79278415
car 242.68704 281.89627 184.62993 217.91377 0.93059736
--
truck 56.973938 175.4647 160.55179 242.62096 0.45887956
car 277.12057 307.89865 168.24661 195.54839 0.51982254
car 0 33.866116 238.9631 318.96323 0.5935207
car 446.05167 479.60834 197.24245 222.25394 0.79931
car 242.70284 281.9869 184.41693 218.00845 0.9363709
--
truck 58.453964 168.49825 159.87424 242.81464 0.7376209
car 0.1990056 30.074917 237.5086 321.02457 0.3535893
car 277.41147 307.83502 168.41791 195.32498 0.5088407
car 446.09003 479.58588 197.1355 222.34946 0.7634279
car 242.6859 281.63162 184.4642 218.28386 0.94603443
--
truck 45.204258 164.34253 153.88867 234.97902 0.7118714
car 277.35605 307.80334 168.58362 194.99217 0.40689513
car 1.125673 26.040462 245.38533 321.4185 0.5810041
car 446.07123 479.58676 197.11693 222.34863 0.7592603
car 242.83559 281.49466 184.60735 218.06398 0.93158877
--
car 0.86447597 26.054647 242.96588 323.3935 0.44428566
car 277.51065 307.95273 168.65193 195.23576 0.46399432
car 446.06723 479.60788 197.04681 222.42235 0.73739505
car 243.07605 281.3468 184.23766 218.04787 0.92209744
--
truck 47.918415 193.91862 155.84923 230.47246 0.44559404
car 277.2063 307.92148 168.76021 194.96613 0.4520218
car 0.38901597 22.965332 239.4654 324.29675 0.5700906
car 446.06876 479.61093 197.02763 222.43442 0.7352864
car 242.97626 281.51465 184.68074 218.065 0.9275771
--
truck 41.43032 160.9177 157.86156 230.6407 0.6222767
car 277.31635 308.06503 169.05133 194.72015 0.4750037
car 0.55566967 22.777857 240.06168 325.7076 0.5586768
car 446.06815 479.60565 197.00224 222.438 0.7398478
car 243.03183 281.38452 184.91875 217.9954 0.9314152
--
truck 38.01495 157.61736 155.33578 226.12595 0.496864
car 277.33618 308.13538 169.00502 195.00336 0.52067673
car 0.91089696 25.540163 240.69339 328.40717 0.5659243
car 446.05807 479.6096 197.02193 222.42798 0.74666476
car 243.10077 281.28687 184.88791 217.99757 0.9318239
--
truck 30.630304 149.89592 155.13742 225.50739 0.42501616
car 320.5023 338.5117 148.06625 163.07072 0.31481197
car 277.42392 308.13214 168.81012 195.09578 0.4854019
car 0.4914719 24.48852 265.15033 332.67407 0.5021816
car 446.05496 479.6148 196.96143 222.46877 0.73658967
car 242.93867 281.27203 184.73193 218.01785 0.9394498
--
truck 30.686453 152.93094 159.08812 224.78139 0.5189039
car 0.37736624 24.907543 265.26312 332.55496 0.34534672
car 277.85727 307.8743 169.09099 194.88255 0.43750113
car 446.05072 479.61664 196.9525 222.47627 0.7342788
car 242.8385 281.56158 185.0255 217.97603 0.93815565
--
truck 25.79234 144.1712 156.59088 226.99672 0.84624046
car 320.73376 338.2884 148.76312 162.64003 0.3183034
car 0.8814284 25.05293 265.11926 334.4238 0.36246935
car 277.70892 307.9768 168.4247 194.7407 0.46826836
car 446.3349 479.40182 197.37653 222.19478 0.8567754
car 242.43494 280.74048 184.15282 218.57945 0.9519207
--
truck 27.172676 144.63283 154.87773 224.06007 0.652975
car 277.79697 307.91656 168.45866 194.64043 0.4646388
car 446.32324 479.40274 197.34457 222.20518 0.8508357
car 242.46423 280.74826 184.42522 218.35623 0.9466086
--
truck 25.633818 137.60638 155.26561 225.19633 0.8256215
car 277.6197 307.90387 168.55241 194.56358 0.440626
car 446.32413 479.40436 197.36908 222.18501 0.8496858
car 242.5674 280.83237 184.37393 218.37915 0.95201176
--
truck 23.445707 130.63194 156.0542 225.77359 0.84916276
car 277.64484 307.92178 168.40088 194.58879 0.47084227
car 446.3204 479.39716 197.3886 222.17267 0.852737
car 242.36252 280.3159 184.25629 218.79167 0.94597554
--
truck 22.419344 130.38303 155.8193 225.8795 0.86657345
car 277.6162 307.86032 168.50377 194.55815 0.50891674
car 446.3287 479.3946 197.39807 222.168 0.85512835
car 242.34486 280.36734 184.29039 218.71129 0.94777054
--
truck 23.606962 111.466515 157.59145 224.75508 0.8426064
car 277.64774 307.9921 168.78331 194.42517 0.50886035
car 446.32547 479.3968 197.43095 222.15237 0.85579234
car 242.25912 280.52045 184.67279 218.46841 0.9390867
--
truck 22.873682 110.0817 157.02739 223.83179 0.89417636
car 277.48175 308.10687 168.60213 194.4634 0.5351018
car 446.29285 479.42053 197.44133 222.11581 0.84927434
car 242.4078 280.43835 184.92139 218.43703 0.9430376
--
truck 23.419607 110.45245 157.1306 225.12868 0.87795943
car 277.64078 308.11594 168.6199 194.4782 0.5581834
car 446.30905 479.40823 197.50557 222.09555 0.85428905
car 242.4153 280.3587 185.00252 218.40508 0.94410706
--
truck 17.642155 103.21229 156.29861 220.40604 0.71507794
car 320.15167 337.2591 147.45406 161.17783 0.30859438
car 299.54614 315.8368 149.52795 164.1594 0.4339403
car 277.9692 307.84024 168.54102 194.3389 0.6064037
car 446.3217 479.40524 197.523 222.09392 0.8545755
car 242.42984 280.3428 185.08667 218.24165 0.9342884
--
truck 16.793419 102.03748 156.40395 219.21596 0.7725623
car 320.42575 337.64642 147.65022 161.30978 0.3457333
car 298.18817 315.79953 148.88753 164.77943 0.5927384
car 277.96603 307.60962 168.48087 194.34772 0.59587085
car 446.3306 479.40607 197.47916 222.1079 0.8520707
car 242.293 280.25317 184.9175 218.35559 0.9331963
--
truck 16.040178 101.380165 156.22588 219.16849 0.6877152
car 320.68967 338.00137 147.54405 161.39807 0.31662008
car 277.98544 307.54987 168.49593 194.42091 0.591066
car 297.70416 315.61624 148.98482 165.24628 0.60924923
car 446.32605 479.40674 197.45198 222.10625 0.8525203
car 242.21342 280.2784 184.98775 218.41164 0.93315417
--
truck 16.442017 100.22662 155.85913 219.19025 0.7304489
car 320.62366 338.07898 147.26793 161.295 0.31050703
car 278.33966 307.5429 168.79231 194.36943 0.58140653
car 297.1297 315.34 149.06516 165.10251 0.58185583
car 446.34302 479.38904 197.46059 222.11159 0.8590349
car 242.46472 279.99442 184.79558 218.54716 0.93794525
--
truck 13.397337 93.7614 157.2827 214.75777 0.64695984
car 278.21365 307.16974 168.7726 194.27104 0.5695076
car 297.47116 314.83295 149.12598 165.28313 0.62974435
car 446.10263 479.49197 197.55003 222.07483 0.8213494
car 242.16348 280.06763 185.58522 218.56154 0.95960116
--
truck 14.567675 88.37501 157.84784 212.13077 0.6500349
car 278.02026 307.20526 168.63103 194.42126 0.5708081
car 297.09277 314.6318 149.98769 165.93361 0.61676246
car 446.11758 479.47467 197.46674 222.06808 0.80703604
car 242.27408 280.0627 185.61508 218.4576 0.956559
--
truck 13.452859 84.98041 157.04103 214.2225 0.41603684
car 296.81613 314.40112 150.13274 165.58179 0.5109378
car 279.45325 307.68427 166.33017 190.9111 0.58500284
car 446.08215 479.42273 197.3948 222.14276 0.7478456
car 242.42876 280.06738 185.73529 218.63882 0.9477578
--
truck 12.417412 83.787674 156.7936 215.5014 0.50292575
car 293.4653 313.0158 150.39677 166.29277 0.5045954
car 279.40247 307.81638 166.33357 191.03156 0.62377244
car 446.0733 479.41315 197.33823 222.21965 0.7357334
car 242.39021 280.10233 185.6338 218.69925 0.9456019
--
truck 13.535843 80.062195 158.14264 213.2551 0.59748733
car 292.2659 314.09152 149.44821 168.49115 0.6738167
car 278.25757 307.38794 168.14455 194.06314 0.6939744
car 446.0524 479.43457 197.37335 222.21152 0.75240546
car 242.44595 280.04907 185.50093 218.75475 0.9493728
--
truck 12.050847 76.02758 158.47324 213.53015 0.6309551
car 278.25906 307.63965 168.19006 194.47919 0.74567384
car 446.0593 479.43164 197.39923 222.19057 0.7695947
car 291.65604 313.73315 149.90697 168.84218 0.79738486
car 242.45753 280.00897 185.76808 218.71523 0.94886273
--
truck 11.592507 73.63431 158.35464 211.37936 0.7759414
car 248.05327 280.24167 184.15262 207.22469 0.56326777
car 291.6895 313.26233 149.77228 169.16269 0.72080517
car 278.25555 307.59628 168.31746 194.32518 0.74582195
car 446.07114 479.44067 197.45563 222.2016 0.7803384
car 236.82144 276.66388 185.6741 220.34583 0.9505807
--
truck 10.576569 71.766525 158.2917 209.62111 0.71042365
car 248.18184 279.80786 184.11897 206.88667 0.5702413
car 292.02786 311.76917 150.79803 166.45099 0.6310724
car 277.98883 307.5053 168.41133 194.516 0.76410276
car 446.04355 479.45874 197.50443 222.18855 0.7804377
car 236.62341 276.85522 185.1228 220.84622 0.9597123
--
truck 9.547745 70.36324 158.62292 210.16502 0.53386486
car 248.09454 279.7691 184.06584 207.18901 0.5597398
car 291.7918 311.3282 150.86096 166.11063 0.5716414
car 278.01337 307.62726 168.24245 194.45067 0.7630801
car 446.04193 479.45837 197.52014 222.20256 0.7834378
car 236.72513 276.8695 184.74933 220.92297 0.9596215
--
truck 8.996211 69.23737 158.05696 210.55598 0.49727982
car 291.85223 310.95224 150.80956 165.4449 0.49917144
car 277.9047 307.7099 168.286 194.19571 0.73688495
car 446.04794 479.45584 197.54045 222.18939 0.7871723
car 242.43427 279.64404 185.48137 218.82903 0.9578526
--
truck 3.7519562 63.409508 157.5469 211.41759 0.47066537
car 291.73853 310.04074 150.91557 165.493 0.3744181
car 277.68628 307.0388 168.69035 193.29999 0.7149887
car 446.20862 479.3471 197.576 222.21898 0.77431846
car 242.61429 279.51083 185.1408 218.7071 0.96275216
--
car 446.30713 479.2144 197.37833 222.27408 0.71055794
car 278.5552 307.12436 168.60635 193.11075 0.7543559
car 242.5318 279.28897 184.67326 218.80508 0.9694085
--
car 291.45963 308.7161 151.35107 165.63573 0.32688493
car 319.69223 340.6185 146.68172 161.71164 0.3338427
car 442.12253 477.83328 196.66118 222.71512 0.6629023
car 277.82666 307.13876 168.70203 193.11731 0.69334817
car 242.78003 280.16754 185.29196 217.38573 0.9713571
--
car 290.821 307.99808 151.25873 165.67155 0.3289747
car 320.04388 340.7025 143.18126 156.70232 0.34387472
car 277.94818 307.3183 168.30013 193.79895 0.7312084
car 441.93503 477.90726 196.86984 222.82428 0.73962015
car 242.97217 279.84973 185.01697 218.384 0.96286815
--
car 320.1434 340.64874 142.93529 156.5357 0.37011418
car 278.10577 307.33374 168.39174 193.91376 0.55944407
car 441.4434 478.12726 196.71698 223.23198 0.614327
car 242.95432 279.626 185.22644 218.72534 0.9573272
