--
car 300.7552 320.01593 -0.61848587 7.5474834 0.36881244
car 211.06345 224.02562 13.669216 25.308577 0.43743807
car 377.28482 387.0679 24.32932 35.104115 0.48922017
car 423.61197 439.33023 48.46061 64.73334 0.73832715
--
car 301.14972 319.57135 -0.62340975 7.503855 0.3470802
car 210.70886 223.60051 15.320077 27.101871 0.43061835
car 377.38953 387.05966 24.37336 35.047585 0.5241769
car 423.91357 439.26416 48.577797 64.760124 0.72286654
--
car 301.0266 319.65576 -0.6399097 7.5056067 0.34314808
car 210.80125 223.54288 15.296155 27.108427 0.40364859
car 377.3946 386.93954 24.340124 35.08563 0.5132189
car 423.85602 439.28055 48.4708 64.54679 0.73758274
--
car 395.2865 407.77515 46.348442 60.359787 0.31365457
car 211.592 223.35043 18.287804 30.260038 0.35212934
car 300.9415 319.72733 -0.6247378 7.5158124 0.35482693
car 377.37335 386.94205 24.342112 35.071922 0.5248215
car 423.8331 439.32303 48.462288 64.745514 0.75030994
--
car 211.62045 223.4372 18.132774 30.35045 0.31675872
car 395.28842 407.79556 46.32654 60.394714 0.3171491
car 300.90262 319.76968 -0.64107174 7.5084715 0.35673347
car 377.34674 386.93597 24.354252 35.092857 0.5304294
car 423.827 439.32007 48.489147 64.753914 0.7486214
--
car 300.93127 319.83707 -0.7158417 7.502274 0.3502129
car 377.31323 386.9718 24.321295 35.033886 0.52710503
car 210.51671 223.70801 19.10533 32.980423 0.69531554
car 423.7443 439.38742 48.47634 65.07465 0.7473876
--
car 300.92453 319.84427 -0.7095908 7.509814 0.3550114
car 377.32477 387.03976 24.31835 34.989727 0.54026693
car 210.41714 223.6699 19.21837 32.93609 0.7033661
car 422.33234 441.1942 47.16907 68.37766 0.764396
--
car 395.32904 408.03696 45.97553 60.499058 0.30073196
car 300.99127 319.82114 -0.70380664 7.5086646 0.37164107
car 377.33844 387.04578 24.318647 34.980846 0.5465952
car 210.35281 223.67496 19.256351 32.941444 0.7275936
car 422.34094 441.1988 47.169327 68.36837 0.768749
--
car 395.28824 408.05344 46.092384 60.487167 0.3033024
car 300.97528 319.89752 -0.7149579 7.5246224 0.37363315
car 377.37253 387.02664 24.38957 34.99953 0.54518515
car 210.22847 223.54126 19.726583 34.308887 0.6439114
car 422.31732 441.20074 47.24236 68.377144 0.7604317
--
car 395.3031 408.03748 46.09049 60.47696 0.30630565
car 300.969 319.91058 -0.73116887 7.5239673 0.36755815
car 377.36755 387.03027 24.384401 34.9941 0.54373044
car 210.28668 223.48914 19.71993 34.352577 0.62364125
car 422.3107 441.19604 47.239235 68.36993 0.7602364
--
car 300.9926 319.85425 -0.74289143 7.497495 0.3494648
car 377.34167 386.97064 24.34627 35.00889 0.5317215
car 208.56165 224.06424 22.753147 36.18301 0.7262993
car 423.6079 439.4395 48.42803 65.15185 0.7648143
--
car 301.00638 319.839 -0.75067854 7.4853554 0.35354078
car 377.39505 386.98218 24.29967 35.023987 0.5211199
car 208.6434 224.00536 22.751902 36.195114 0.7038104
car 423.61804 439.36954 48.442898 64.806915 0.7514558
--
car 301.47702 319.63925 -0.77200246 7.2261124 0.32221708
car 377.6159 386.2024 24.25136 35.501766 0.41033623
car 208.60585 224.18166 22.339706 36.38511 0.681495
car 424.04138 438.9903 48.69545 64.52263 0.71907276
--
car 301.47702 319.67868 -0.7742384 7.251623 0.33676314
car 377.57422 386.23154 24.228601 35.497128 0.4260478
car 424.03043 438.9837 48.71149 64.52041 0.7313652
car 207.19415 224.34747 22.951698 37.783703 0.74927515
--
car 301.54083 319.64276 -0.7749975 7.249321 0.340602
car 377.55957 386.2343 24.2097 35.48775 0.42730185
car 206.75485 223.75894 25.505661 42.579163 0.6108306
car 424.03043 438.98248 48.721146 64.519264 0.7321888
--
car 301.5554 319.63837 -0.7780552 7.245269 0.33440253
car 377.55994 386.239 24.213537 35.48879 0.4223774
car 206.7413 223.77428 25.50261 42.580566 0.61431426
car 424.02386 438.9972 48.69461 64.52734 0.73595184
--
car 301.5739 319.62302 -0.77735347 7.242207 0.3343343
car 377.553 386.2544 24.21353 35.487095 0.42803293
car 206.72209 223.73036 25.512547 42.628124 0.6179076
car 424.01028 439.0076 48.705086 64.543945 0.73402035
--
car 301.58713 319.6429 -0.8109696 7.228387 0.32223457
car 377.55035 386.25684 24.216702 35.50321 0.43050754
car 203.71524 224.04492 24.542082 44.40322 0.69447297
car 424.0112 439.00235 48.702534 64.53883 0.7338807
--
car 301.58575 319.641 -0.8154586 7.229558 0.31933928
car 377.5591 386.25232 24.221329 35.503086 0.42966413
car 205.25537 223.4748 26.801147 44.00648 0.66417
car 424.00012 438.97815 48.728428 64.56272 0.7316587
--
car 301.64145 319.5699 -0.75470155 7.2233605 0.34038612
car 377.56442 386.27155 24.201416 35.492485 0.44632033
car 423.99908 438.97083 48.735775 64.563255 0.73423105
car 203.3586 223.33391 27.461035 47.694923 0.7534393
--
car 301.62546 319.59503 -0.7502279 7.2219906 0.33494034
car 377.5662 386.26245 24.204586 35.490185 0.44663113
car 203.48468 223.3082 27.711443 47.84477 0.72220826
car 424.0108 438.98105 48.744186 64.586685 0.7357006
--
car 301.54834 319.65866 -0.73894525 7.2436385 0.33143285
car 377.59253 386.31216 24.222675 35.48696 0.44855773
car 203.48637 223.2835 27.680693 47.810417 0.7142199
car 424.002 438.99454 48.74572 64.6125 0.7401819
--
car 301.62915 319.62653 -0.7557741 7.2540584 0.30620152
car 377.6275 386.39172 24.211147 35.53508 0.43186483
car 202.92465 223.68503 29.099018 49.23798 0.58128285
car 423.96536 439.06158 48.691998 64.71127 0.748803
--
car 301.6265 319.66107 -0.7706721 7.273534 0.31253156
car 377.58267 386.43256 24.183987 35.549107 0.43101713
car 203.02655 223.67271 29.261324 49.249096 0.6114618
car 423.9284 439.05872 48.66764 64.86078 0.75776047
--
car 452.41757 466.14847 49.426888 60.942364 0.3167654
car 377.60068 386.13675 24.254438 35.371773 0.37349883
car 423.68185 439.34772 48.62331 65.01311 0.8162316
--
car 452.42398 466.1361 49.455143 60.952713 0.31742758
car 377.60794 386.13803 24.257607 35.381393 0.36731142
car 423.70987 439.30896 48.63201 64.975235 0.815581
--
car 452.4263 466.1366 49.468586 60.946445 0.32089597
car 377.61456 386.14636 24.259626 35.37076 0.36989218
car 423.70847 439.30356 48.637623 64.97476 0.8160571
--
car 452.40598 466.10403 49.44233 60.973564 0.30469635
car 377.63788 386.1037 24.254183 35.40334 0.35335657
car 423.68616 439.30417 48.65719 64.946106 0.8067854
--
car 452.40955 466.11353 49.442673 60.97688 0.30601224
car 377.62387 386.12265 24.250496 35.40541 0.35989985
car 423.70007 439.30215 48.64552 64.91097 0.80430305
--
car 377.61935 386.12433 24.262089 35.331936 0.3742337
car 423.75742 439.1345 48.75781 64.58046 0.7914577
--
car 377.62573 386.14694 24.261002 35.305527 0.3759115
car 423.7935 439.09497 48.768524 64.58382 0.78315026
--
car 377.58264 386.1497 24.252014 35.267338 0.38704535
car 423.8245 439.0662 48.824337 64.58876 0.7803388
--
car 452.3822 466.0773 49.35576 60.884094 0.31804034
car 423.96573 438.71378 48.9804 64.25691 0.7755109
--
car 452.40073 465.99377 49.35345 60.878536 0.31787106
car 423.99823 438.75046 49.06779 64.369865 0.77747166
--
car 377.85428 386.54813 24.305027 35.236313 0.37965852
car 190.03442 223.93834 41.7503 71.298096 0.71813136
car 423.79688 439.485 48.741543 64.94768 0.8312413
--
car 301.10022 319.94128 -0.5218117 7.3973646 0.30700386
car 452.24927 466.16376 49.26859 61.087017 0.31199828
car 377.80658 386.49292 24.268764 35.220314 0.384608
car 190.00731 223.94131 41.71606 71.287704 0.7806194
car 423.76334 439.60092 48.69484 64.987885 0.84514344
--
car 377.49475 386.71573 24.19923 34.991146 0.5290929
car 424.0825 438.89685 48.97473 64.78048 0.6887313
car 190.30952 223.94786 41.6364 71.07446 0.7583924
--
car 377.58292 386.56387 24.13818 34.996407 0.46694595
car 188.66776 224.25777 42.937374 72.94708 0.5189038
car 423.66727 439.33044 48.6772 64.625565 0.7874315
--
car 377.6073 386.5523 24.14591 35.021877 0.47164595
car 188.66241 224.2304 43.02584 72.81141 0.5198054
car 423.64215 439.3462 48.6798 64.70647 0.80217445
--
car 301.1964 319.66318 -0.65586245 7.410795 0.3518445
car 425.07477 437.73077 54.392715 69.515274 0.38323435
car 377.6614 386.40372 24.384064 35.515327 0.40301034
car 424.69272 438.01352 48.8464 63.744087 0.5580309
car 184.7337 225.47179 54.473637 77.53789 0.5962046
--
car 425.094 437.56464 54.418835 69.482086 0.3608052
car 377.82782 386.341 24.351868 35.748257 0.361001
car 301.16513 319.65796 -0.6649102 7.4091425 0.3687266
car 424.72046 437.9166 48.82983 63.71712 0.5500799
car 184.53954 225.6989 54.365616 77.85946 0.6599546
--
car 300.70242 319.67877 -0.5779805 7.339651 0.33289835
car 424.83502 437.9607 54.4527 69.40585 0.41344994
car 377.71954 386.75894 24.409912 35.486107 0.4405901
car 424.50525 438.4168 48.768215 63.729115 0.62293786
car 182.79337 218.9999 59.863495 87.25964 0.9213952
--
car 300.69003 319.68024 -0.57058764 7.364588 0.32290038
car 424.8949 437.9795 54.536407 69.462105 0.4100484
car 377.66675 386.7397 24.411741 35.45554 0.4441484
car 424.46835 438.3441 48.769093 63.683086 0.61772424
car 182.60138 219.10872 59.82312 87.40363 0.9320238
--
car 300.9281 319.21255 -0.49007413 7.368117 0.33546337
car 395.23666 408.27167 45.742226 60.226776 0.36262125
car 377.7085 386.6479 24.417957 35.57887 0.4390372
car 422.08072 441.19846 47.290573 68.7761 0.71642095
car 182.88297 228.79701 67.1579 102.84632 0.94616026
--
car 300.78983 319.4122 -0.46363658 7.4135337 0.34144244
car 395.26016 408.2808 45.775234 60.22248 0.35666734
car 377.64694 386.73834 24.430656 35.523556 0.46251342
car 421.99304 441.22806 47.3872 68.67587 0.73562056
car 182.93665 228.6283 67.27127 102.7145 0.9446108
--
car 300.86407 319.3099 -0.44879225 7.398317 0.3306374
car 395.29868 408.30487 45.769028 60.191223 0.35514548
car 377.65765 386.829 24.431803 35.43834 0.48868585
car 421.9652 441.24594 47.42433 68.63428 0.74459094
car 182.99272 228.64485 67.23016 102.596695 0.9395159
--
car 395.1717 408.2947 45.665874 60.2652 0.32447904
car 300.8949 319.46735 -0.5288156 7.412237 0.3457306
car 377.52142 387.0702 24.417292 35.25027 0.53299564
car 422.10532 441.122 47.226597 68.732414 0.7556802
car 182.15965 231.95345 68.243256 104.45777 0.80183536
--
car 395.19803 408.3502 45.578476 60.31727 0.32176542
car 300.93668 319.43204 -0.5400762 7.408735 0.33958417
car 377.35086 386.81165 24.374714 35.25819 0.5406246
car 422.0835 441.11542 47.24232 68.693214 0.78139096
car 182.01068 232.56221 68.27548 104.503876 0.8365407
--
car 300.8533 319.4187 -0.5141332 7.5916886 0.36179936
car 377.61865 386.5501 24.287128 35.59453 0.41526794
car 395.19846 408.30246 45.41811 60.38185 0.42217663
car 424.13867 438.3829 54.747734 69.63487 0.5445648
car 423.79434 438.68317 48.576958 64.28963 0.67716116
car 183.76437 240.84944 70.70482 112.54601 0.9511543
--
car 300.86707 319.43042 -0.51327693 7.569862 0.34775954
car 395.2741 408.29474 45.442917 60.404045 0.3873512
car 377.64948 386.46765 24.303905 35.63301 0.39462477
car 424.23737 438.36276 54.927532 69.74712 0.55754125
car 423.82803 438.63284 48.527584 64.21956 0.6823381
car 183.82214 240.83604 70.60178 112.57805 0.9523003
--
car 300.8846 319.4045 -0.51528555 7.570869 0.34609047
car 395.2747 408.31305 45.46929 60.39042 0.3904314
car 377.65225 386.4759 24.308346 35.63006 0.3996455
car 424.20853 438.40195 54.986153 69.70719 0.560257
car 423.82135 438.6136 48.523495 64.12759 0.6885199
car 183.80682 240.98227 70.65842 112.585785 0.9519704
--
car 395.26566 408.34418 45.332973 60.4959 0.32857126
car 377.74042 386.66962 24.2079 35.60971 0.3623821
car 300.93274 319.50232 -0.51085454 7.6128144 0.38943228
car 421.96777 440.31396 46.921654 69.23705 0.61240697
car 183.29837 247.15193 72.38682 117.47569 0.9518494
--
car 395.28952 408.27798 45.32115 60.495556 0.3283778
car 301.0435 319.5353 -0.6352477 7.499529 0.35149056
car 377.61023 386.65604 24.22717 35.623127 0.4315113
car 422.2167 440.79056 47.22148 68.82193 0.6427634
car 189.09825 248.28104 77.66147 130.99284 0.95426667
--
car 395.3128 408.2458 45.388733 60.508507 0.33139786
car 300.946 319.59476 -0.59697694 7.4816 0.36645085
car 377.59534 386.61737 24.233967 35.6233 0.43274054
car 422.24042 440.85257 47.18679 68.76727 0.668811
car 188.62653 248.8573 77.54117 131.12093 0.94411206
--
car 395.3148 408.23074 45.448322 60.517433 0.3319568
car 300.93164 319.60992 -0.6006217 7.4770617 0.36590734
car 377.57828 386.53 24.257072 35.59224 0.4237554
car 422.2405 440.85547 47.17268 68.7659 0.66737956
car 188.61783 248.90811 77.45153 131.21986 0.9423183
--
car 301.13718 319.16824 -0.49104676 7.436366 0.35606965
car 395.31073 408.10046 45.45959 60.604954 0.3718186
car 377.55212 386.73166 24.235594 35.434288 0.48557734
car 424.16397 438.7612 48.445774 65.62199 0.703639
car 188.6666 247.77432 86.45363 141.99039 0.9335455
--
car 301.19812 319.07315 -0.49220547 7.414079 0.34539017
car 395.31372 408.1045 45.554707 60.604797 0.4026993
car 377.55124 386.79324 24.224121 35.403393 0.4996599
car 424.23785 438.74152 48.39065 65.55087 0.7008759
car 189.00473 247.71323 86.26455 142.01933 0.9306915
--
truck 204.10599 246.64323 92.78179 150.60493 0.801808
car 424.70792 437.44016 54.912735 69.156555 0.36316314
car 301.2095 318.8318 -0.43549955 7.4378963 0.38074443
car 395.2044 408.08142 45.532154 60.555595 0.43608838
car 377.54068 386.8565 24.245169 35.3842 0.47692934
car 424.14758 438.87344 48.406353 65.43917 0.6992103
--
truck 204.29004 246.2425 92.57601 150.3442 0.8057194
car 301.2386 318.8245 -0.45818466 7.4525137 0.4017627
car 395.2358 408.07272 45.535793 60.537193 0.44014877
car 377.588 386.85452 24.222267 35.36306 0.4885797
car 424.10614 438.93253 48.362778 65.50055 0.71774614
--
truck 204.17567 246.20653 92.83664 150.21817 0.7909832
car 301.33173 318.76685 -0.4647259 7.4407725 0.40546215
car 395.2483 408.05908 45.53632 60.55202 0.44085115
car 377.57562 386.8494 24.23273 35.356743 0.495694
car 424.15808 438.83508 48.373795 65.499054 0.7049749
--
car 425.01135 437.089 55.269283 69.33494 0.33872876
car 395.2819 408.0951 45.476295 60.32404 0.39388716
car 301.20007 318.9683 -0.61838263 7.4436965 0.39530835
car 376.92926 387.04315 24.186594 35.326035 0.559075
car 424.39154 437.67477 48.406685 64.703606 0.6099033
car 205.76855 247.76625 99.97563 161.81113 0.7465497
--
car 425.02905 437.16092 55.303513 69.33129 0.35240614
car 395.32275 408.11514 45.440353 60.481647 0.37460715
car 301.15164 319.02383 -0.62313485 7.45191 0.38696805
car 376.9138 387.06326 24.18026 35.382153 0.5497289
car 424.36893 437.65894 48.330994 64.80463 0.61375
car 205.60545 247.76822 99.81931 161.87529 0.7607837
--
car 301.2479 318.97873 -0.6182995 7.39675 0.3909388
car 395.35953 408.1488 45.203655 60.4551 0.41926828
car 424.84238 437.97983 55.06415 69.04316 0.43476468
car 377.02014 386.89438 24.12414 34.950634 0.6150195
car 424.01447 438.32565 48.364155 64.78136 0.7027168
car 214.84485 256.5337 104.46734 168.39061 0.8530772
--
car 301.3652 318.80652 -0.5762307 7.3842354 0.37161744
car 395.368 408.1176 45.268383 60.45522 0.40713754
car 377.00394 386.86728 24.144432 35.01586 0.6059922
car 424.04745 438.39178 48.309155 64.98441 0.7085312
car 214.72104 257.01593 104.352 169.43571 0.8446491
--
car 301.33316 318.6947 -0.5642949 7.3790374 0.37792355
car 395.34076 408.09195 45.31592 60.44756 0.41940644
car 376.96698 386.91138 24.131714 35.02828 0.62466276
car 424.05066 438.46497 48.286327 65.04118 0.71883017
car 214.97678 256.78467 104.14801 169.30898 0.8167738
--
car 301.79898 318.4256 -0.5428164 7.2798104 0.3839615
car 395.3653 408.06528 45.48401 60.34815 0.42210633
car 424.86554 437.9511 55.120155 69.24042 0.49006253
car 203.86603 266.45013 106.68565 171.96109 0.53404343
car 424.09247 438.4057 48.256187 65.15845 0.6996454
car 376.8968 386.99786 24.159609 34.931904 0.7142462
--
car 301.5911 318.66116 -0.6782874 7.4123774 0.3497406
car 395.50757 407.96515 45.589138 60.26023 0.49550033
car 376.84717 386.9493 24.269003 35.47837 0.70239115
car 424.17944 438.1538 48.392056 64.88775 0.72334665
car 203.4544 281.7269 124.9989 194.40155 0.92668515
--
car 301.6913 318.7175 -0.6407828 7.400193 0.33040822
car 395.5048 407.91995 45.59714 60.26626 0.48610577
car 376.82104 386.9101 24.297718 35.506187 0.6939417
car 424.28558 438.13135 48.369804 64.88571 0.72269964
car 203.2268 282.11444 124.893524 194.34709 0.8998712
--
car 301.64413 318.7118 -0.6195306 7.394076 0.32129356
car 395.50848 407.9273 45.621426 60.246952 0.49003884
car 376.83496 386.92563 24.293022 35.493587 0.6960476
car 424.28467 438.13318 48.366344 64.884544 0.7234023
car 203.53006 281.89148 125.253235 194.32881 0.8978973
--
car 395.3914 407.86026 45.498653 60.242393 0.518236
car 376.76752 386.96808 24.022095 35.115868 0.7157558
car 423.79422 438.8058 48.018707 66.22772 0.81521153
car 202.95285 287.93106 138.96803 212.12614 0.9277391
--
car 395.34998 407.77695 45.54303 60.307014 0.542274
car 376.75366 387.0835 24.0229 35.132072 0.7155315
car 423.8059 438.80884 48.055153 66.14313 0.81333935
car 202.94481 288.0373 139.18895 212.1254 0.87219995
--
car 301.5447 318.6896 -0.7014781 7.24614 0.3172319
car 395.34006 407.86935 45.70475 60.329773 0.52703094
car 376.52124 387.2496 24.070595 35.20478 0.7163164
car 423.61725 439.11008 48.097366 66.34732 0.8548499
car 198.62556 306.27823 164.87216 253.05908 0.9528503
--
car 395.29684 407.85507 45.81968 60.49371 0.4295241
car 377.1794 386.49026 23.845552 35.402515 0.5199477
car 423.9469 439.02438 48.039604 65.80849 0.77447456
car 198.416 305.00885 165.84558 252.08958 0.94219327
--
car 395.3132 407.84225 45.793045 60.46744 0.4363663
car 377.1487 386.52783 23.869133 35.39755 0.5321403
car 423.92944 439.0537 48.009327 65.84528 0.7810978
car 198.19873 305.0645 165.7082 251.92204 0.93790364
--
car 395.39505 407.9067 45.848274 60.516193 0.3757587
car 377.3561 386.40314 23.83449 35.50846 0.48582098
car 203.4792 317.7721 179.60359 256.3738 0.73798805
car 424.19254 438.78415 48.198093 65.63948 0.7395961
--
car 425.08118 437.7195 54.988068 69.20571 0.35964262
car 395.3896 407.90198 45.84718 60.513973 0.3664368
car 377.35117 386.38626 23.835333 35.576084 0.4829101
car 203.35681 318.0251 179.94159 256.16843 0.7212287
car 424.19363 438.78238 48.22074 65.637955 0.7362122
--
car 395.3257 407.94556 45.54801 60.70358 0.38527006
car 377.3177 386.56497 23.926506 35.86248 0.50594366
car 424.42325 438.84546 48.274075 65.708984 0.74167174
car 200.18265 323.0425 196.98065 280.488 0.9946195
--
car 395.35498 407.87408 45.642487 60.67466 0.41037932
car 377.33014 386.55188 23.921549 35.866863 0.5059735
car 424.35916 438.95953 48.270073 65.66591 0.7585634
car 199.38715 322.9696 196.9852 280.75836 0.9947178
--
car 425.5935 438.2588 54.8829 69.272736 0.42248195
car 395.35202 408.0775 45.642002 60.57093 0.44262588
car 377.2971 386.61316 23.922188 35.92059 0.47217184
car 424.18048 439.34366 48.127144 65.58629 0.79840106
car 197.59827 330.7056 204.9096 295.30777 0.9514194
--
car 425.58392 438.24725 54.873173 69.2653 0.42280883
car 395.34692 408.06586 45.675606 60.55049 0.43917376
car 377.38333 386.61533 23.943277 35.816185 0.46258757
car 424.19452 439.3604 48.145775 65.606514 0.7989915
car 197.41695 331.6754 204.29208 295.11838 0.9218578
--
car 425.35446 438.17236 54.9541 69.1121 0.42576325
car 377.1927 386.1631 23.885141 35.49771 0.43456206
car 395.30328 408.1979 45.50741 60.686085 0.45087457
car 424.14056 439.18152 48.112343 65.58424 0.75492483
car 205.97394 336.42932 224.95546 333.17438 0.8235322
--
car 425.38495 438.1239 54.91033 69.08686 0.4104363
car 377.17438 386.11987 23.841288 35.45359 0.42736435
car 395.34756 408.14767 45.61568 60.67198 0.4349787
car 424.15533 439.19556 48.098236 65.61673 0.7565786
car 206.23526 336.63184 225.06892 333.70706 0.808021
--
car 425.3958 438.0961 54.925144 69.09606 0.41225874
car 395.3456 408.1465 45.638935 60.658726 0.44004887
car 377.16135 386.2091 23.864595 35.425045 0.44548988
car 424.1613 439.16418 48.103203 65.59254 0.75994545
car 206.59193 335.98544 224.84723 333.80963 0.83828026
--
car 301.63608 319.36234 -0.7267227 7.514371 0.30651549
car 395.47595 408.0028 45.75119 60.516495 0.3880647
car 377.34143 386.17746 23.81418 35.717785 0.43112567
car 424.40634 438.95035 48.366104 65.9475 0.7366531
car 203.96877 340.3702 235.0621 345.2781 0.87299955
--
car 425.21243 437.83493 56.052162 69.31286 0.32291073
car 301.66223 319.51797 -0.69797015 7.493243 0.38558045
car 377.30612 386.11945 24.02873 35.4549 0.47091433
car 424.74118 437.70694 48.52564 64.85901 0.5195539
car 205.40944 341.81094 236.03957 344.61328 0.88315654
--
car 395.4677 407.67963 45.699215 60.503494 0.32453927
car 424.92935 438.0516 55.56138 69.22288 0.35781255
car 28.337616 385.86942 22.368378 347.90915 0.38657466
car 301.77698 319.4526 -0.7051742 7.494096 0.42796877
car 377.5757 386.2054 24.050783 35.407772 0.46250784
car 422.83334 441.26608 46.74083 68.92229 0.52689284
--
car 395.47308 407.673 45.67283 60.50967 0.30869797
car 424.9432 438.1529 55.73119 69.2617 0.36005577
car 11.641545 397.679 68.196884 343.68756 0.39094305
car 301.71878 319.49133 -0.69043714 7.526237 0.44334334
car 377.60184 386.18567 24.039629 35.405537 0.4539015
car 422.8273 441.2999 46.737003 68.91817 0.5237343
--
car 395.40228 407.69394 45.685905 60.391277 0.34972373
car 377.49255 385.96335 24.01843 35.63413 0.41762447
car 301.78705 319.3812 -0.6790643 7.5352774 0.44471085
car 424.00577 438.496 48.2025 65.572624 0.6811
--
car 395.40057 407.69016 45.65538 60.41693 0.34443516
car 377.49796 385.93918 24.038418 35.641838 0.41684055
car 301.74615 319.30936 -0.6873583 7.5167346 0.41962767
car 424.0073 438.5259 48.241016 65.62249 0.68039614
--
car 395.44467 407.65134 45.743927 60.42445 0.30894962
car 301.82632 319.3382 -0.70925784 7.4618587 0.41159478
car 377.51837 385.82812 24.070885 35.66832 0.41655284
car 424.2526 438.53516 48.362713 65.55021 0.6838424
--
car 395.4269 407.6901 45.741066 60.41968 0.3057658
car 301.77405 319.40942 -0.70929813 7.5021963 0.41307405
car 377.47516 385.89456 24.113853 35.639256 0.41433102
car 424.18573 438.6372 48.35162 65.61844 0.6931834
--
car 395.36234 407.6512 45.754276 60.437458 0.311126
car 301.8418 319.35876 -0.7224939 7.492275 0.40020573
car 377.4527 385.90094 24.108046 35.62631 0.4169664
car 424.09775 438.56757 48.298985 65.49237 0.684952
--
car 395.31067 407.65036 45.846676 60.425983 0.3422378
car 301.8857 319.374 -0.7667004 7.48032 0.3856697
car 377.41296 386.00488 24.042448 35.597168 0.44891328
car 424.27438 438.61472 48.320484 65.63687 0.6695857
