--
car 394.9565 409.99045 47.88293 60.752533 0.3224963
car 109.997925 139.64598 118.714294 140.48915 0.58238536
car 159.25748 201.69196 88.49369 109.727776 0.85492235
car 197.75829 234.89276 78.42922 100.06845 0.88603
car 249.33334 283.28516 62.868946 84.90933 0.94901973
car 253.07954 293.23376 83.647095 106.63257 0.97880787
--
car 395.09415 410.37653 47.62289 61.253845 0.3328565
car 110.223885 140.04012 118.73446 140.58543 0.5196809
car 158.5133 201.61255 88.32158 109.84583 0.8069353
car 197.31564 234.92874 77.98352 100.78994 0.9077467
car 248.94974 283.66125 62.816948 84.95584 0.9406168
car 251.35497 290.85104 84.07839 106.64845 0.95733595
--
car 395.2358 410.25058 47.68094 61.11859 0.32274038
car 110.24442 139.88914 118.86706 140.65134 0.51598907
car 159.0297 201.41663 88.318214 109.71443 0.8232049
car 197.27933 234.87129 77.917534 100.930305 0.90900564
car 249.01549 283.65848 62.759277 84.937775 0.9415053
car 251.28276 290.79376 84.032196 106.59583 0.96164995
--
car 395.18134 410.2698 47.578815 61.245422 0.36089498
car 110.165115 140.06561 119.041275 140.5711 0.43968815
car 158.49896 201.5027 88.28892 109.872604 0.8153826
car 197.42732 234.79205 78.09212 100.431145 0.92165846
car 251.12431 288.31818 84.81121 105.608475 0.9347841
car 248.54301 283.82785 62.60253 85.12653 0.9465447
--
car 109.95151 139.87602 119.112686 140.55875 0.37254038
car 395.23788 410.26105 47.54774 61.245125 0.38894004
car 158.30922 201.50873 88.28564 109.90976 0.82356584
car 197.34258 234.78006 78.126205 100.45075 0.9250845
car 245.92314 284.6871 87.348236 109.82146 0.9481863
car 248.55537 283.91895 62.79314 84.98817 0.9581177
--
car 395.22742 410.28555 47.589325 61.203026 0.38443717
car 110.12847 140.15184 119.033775 140.6083 0.4002395
car 158.34048 201.47876 88.254776 109.89326 0.8290614
car 197.3602 234.78046 78.13393 100.42753 0.9252341
car 246.01627 284.55066 87.34941 109.80441 0.94693834
car 248.57755 283.91113 62.803486 84.98318 0.95799696
--
car 395.27505 410.28473 47.551723 61.273594 0.37672204
car 110.071945 139.88606 119.22195 140.64992 0.3890872
car 158.34523 201.43442 88.25696 109.933266 0.8199556
car 197.4266 234.68771 78.1438 100.443115 0.92452794
car 248.28203 284.1687 62.764988 85.02728 0.9598572
car 243.84991 285.57437 87.90126 111.109245 0.9784994
--
car 395.27625 410.28528 47.58369 61.25228 0.37336972
car 110.110085 139.93082 119.17848 140.6383 0.3904738
car 158.31396 201.44794 88.26038 109.92349 0.8207598
car 197.41849 234.68419 78.1442 100.448524 0.9240522
car 248.26773 284.18033 62.76897 85.01228 0.95964843
car 243.83063 285.599 87.8596 111.15503 0.97857326
--
car 395.26193 410.29065 47.561493 61.273945 0.36963117
car 109.99416 139.43355 119.543655 140.79662 0.38008007
car 158.55278 201.41316 88.258415 109.92658 0.8216706
car 197.32423 234.65103 78.13092 100.5056 0.92690754
car 248.40569 283.99213 62.727024 84.94611 0.96276224
car 242.11496 284.54626 88.015366 111.819244 0.981562
--
car 395.17395 410.51202 47.412937 61.071766 0.3402242
car 109.97302 139.29074 119.68284 140.83224 0.3474298
car 158.56624 201.39626 88.2004 109.89748 0.83000875
car 197.36028 234.61746 78.09608 100.51161 0.92491645
car 248.29474 284.02844 62.73336 84.93643 0.96242994
car 242.23274 284.48758 88.01456 111.88877 0.9813389
--
car 395.13284 410.36465 47.304028 61.040607 0.34115496
car 109.67856 139.74265 119.52744 140.7286 0.35837784
car 158.21736 201.35548 88.18268 109.89146 0.8086822
car 197.03313 234.72084 77.78508 101.104385 0.9191088
car 248.44882 283.8874 62.56413 84.95153 0.96005416
car 241.049 282.3149 87.882324 112.33867 0.983515
--
car 395.16476 410.27463 47.236843 61.096664 0.33112696
car 109.8256 139.88774 119.378174 140.86638 0.3890937
car 158.93091 201.2627 88.21321 109.77001 0.8028267
car 197.16351 234.95946 77.717705 101.22489 0.91738963
car 248.38751 283.905 62.58238 84.97594 0.9609516
car 241.01878 282.4578 87.89672 112.29461 0.9841175
--
car 159.88744 201.43576 87.72857 109.617294 0.7343798
car 197.451 235.39366 77.54198 100.4845 0.9097085
car 240.14066 280.44965 88.42452 112.04006 0.9268912
car 249.29274 283.20383 62.626602 84.53876 0.95151585
--
car 161.27426 201.09607 87.90274 109.54574 0.7643042
car 197.54683 235.40546 77.749 100.2034 0.90561086
car 249.6492 283.04352 62.67288 84.41618 0.9564707
car 234.93877 278.11545 90.33221 113.4562 0.9749633
--
car 161.1047 201.2161 87.91309 109.59866 0.766266
car 197.52083 235.47466 77.77931 100.210686 0.9083745
car 249.65378 283.04694 62.701775 84.43978 0.95770395
car 234.95825 278.16342 90.38766 113.44714 0.9763765
--
car 160.96175 201.3293 87.91424 109.5923 0.7633461
car 197.43805 235.49364 77.75585 100.241486 0.90631884
car 249.63484 283.06445 62.7067 84.447845 0.9581827
car 234.85777 278.2763 90.34947 113.500435 0.9767027
--
car 161.2003 200.85786 88.17955 109.68497 0.80773914
car 197.37938 235.35408 77.817566 100.07263 0.8877923
car 249.68935 282.9571 62.694805 84.47058 0.964371
car 232.73753 278.70108 90.13142 113.89755 0.97305423
--
car 161.3799 200.8759 88.11799 109.56457 0.7582353
car 197.23438 235.77356 77.61217 100.565445 0.8645356
car 230.43678 277.94724 90.25071 113.94204 0.9542413
car 249.7488 282.94467 62.69804 84.46746 0.9600161
--
car 161.28447 200.9319 88.14243 109.477196 0.77839863
car 197.33995 235.73227 77.67783 100.42692 0.88009304
car 230.2017 278.1127 90.203705 114.140366 0.959528
car 249.70541 282.95547 62.71775 84.49307 0.9633894
--
car 150.35556 190.06493 270.8068 328.0347 0.37135813
car 215.19647 353.05795 283.13608 354.46005 0.48466474
car 161.16016 200.89185 88.06781 109.54662 0.70559996
car 197.34628 235.6113 77.52569 100.66034 0.86291605
car 228.96289 276.6181 89.83924 114.52747 0.90637356
car 249.24228 283.28415 62.44584 84.756195 0.94628125
--
car 149.43593 190.10704 270.32803 327.23706 0.42655233
car 216.84467 352.133 282.72754 354.53235 0.42693356
car 161.15073 200.8788 88.067535 109.576836 0.7114692
car 197.32152 235.64993 77.50889 100.686295 0.8641774
car 229.04753 276.39514 89.70788 114.593414 0.91215104
car 249.29028 283.25104 62.47739 84.712456 0.9491756
--
car 109.590866 139.25568 119.98582 141.18529 0.30142352
car 162.267 321.32413 263.71405 344.21878 0.36719516
car 161.70876 200.07335 88.306366 109.5962 0.8120214
car 196.79437 235.31607 77.49229 100.84134 0.9012862
car 229.21658 273.7651 89.42923 115.26388 0.944871
car 249.33939 283.26917 62.51131 84.78685 0.9601849
--
car 145.43094 285.93723 252.66077 334.44345 0.7874612
car 161.57495 200.2141 88.43043 109.63384 0.80963254
car 196.887 235.42325 77.39966 101.43565 0.9117619
car 224.92644 270.76746 92.10354 116.95161 0.9466939
car 249.37762 283.11426 62.676685 84.69847 0.9651159
--
car 145.25656 286.30804 252.8082 334.79346 0.77518946
car 161.78719 200.11897 88.55089 109.541145 0.8351917
car 197.03969 235.64285 77.46796 101.23214 0.91910243
car 224.75763 270.88516 92.05662 116.94535 0.94933003
car 249.36708 283.1122 62.686466 84.727806 0.96792483
--
car 110.566216 139.74066 119.71329 141.08966 0.35676265
car 146.34708 282.97076 251.75476 336.96307 0.6603215
car 162.45436 199.8235 89.07955 109.08235 0.90156543
car 225.56197 269.3268 93.36222 116.39558 0.9063147
car 196.6194 235.62865 77.77582 101.104294 0.9243702
car 249.47427 283.28745 62.652836 84.84454 0.96471965
--
truck 128.68118 253.75763 241.50433 325.849 0.70668054
car 110.3731 139.45683 120.15304 141.31093 0.32118082
car 225.22949 265.0753 96.8279 117.33181 0.7980533
car 162.30893 199.60635 89.02871 109.18714 0.886298
car 196.6658 235.04611 77.94503 100.82604 0.9251111
car 249.61847 283.13626 62.84156 84.68051 0.9665932
--
truck 128.57912 254.96904 241.64287 325.60236 0.75812304
car 110.30613 139.39668 120.19651 141.38156 0.35065845
car 225.20505 265.08554 96.70064 117.448944 0.792859
car 162.52742 199.48935 89.038376 109.017784 0.89845353
car 196.48042 235.00768 77.95642 100.77541 0.9173438
car 249.63461 283.11984 62.89402 84.709564 0.9639613
--
car 130.69525 151.56134 125.79943 149.4774 0.3391027
car 233.97968 270.23087 91.86729 111.97549 0.45541504
car 110.28718 139.18526 120.50254 141.40479 0.5312744
car 112.87502 232.08229 236.69722 313.98483 0.6957354
car 221.40176 266.76483 95.69407 118.55338 0.88941085
car 162.11229 199.0767 89.1361 109.20891 0.88942504
car 195.87106 235.40889 77.72804 101.2464 0.918533
car 249.86678 283.12457 62.977802 84.89792 0.9623108
--
truck 100.570435 202.80342 228.38098 305.56363 0.6562481
car 110.20763 138.90486 120.65186 141.49539 0.4018158
car 234.16568 269.0831 91.64014 111.44273 0.5739814
car 162.11548 199.10052 89.258286 109.25166 0.8922458
car 219.73381 267.08572 95.31298 119.05163 0.90004987
car 196.12178 234.9743 77.75759 100.89246 0.9199364
car 250.06107 282.9273 63.1164 84.80378 0.9646004
--
truck 100.048416 202.92482 228.13423 306.26822 0.58235526
car 110.21529 138.91792 120.51515 141.43724 0.4048022
car 234.17548 269.02197 91.57888 111.36193 0.54332095
car 162.1298 199.03088 89.28537 109.20724 0.8948211
car 219.7562 266.9152 95.328125 118.9922 0.8988702
car 196.09402 234.91504 77.7728 100.80078 0.91866964
car 250.0415 282.9458 63.11608 84.81028 0.96486264
--
truck 92.383835 180.99161 225.9659 289.3262 0.71403253
car 146.02449 196.80188 200.30115 226.87518 0.4265613
car 130.51398 151.58598 125.85644 149.63997 0.44654676
car 109.8248 138.04381 121.113434 141.62723 0.61543316
car 220.55193 252.8189 99.7042 119.611725 0.64315444
car 223.34763 266.51068 93.79432 114.06341 0.72694874
car 162.90927 198.25085 89.31947 109.39295 0.84163713
car 196.2695 233.89096 77.9171 100.712616 0.91683215
car 250.0021 282.98273 63.146023 84.60321 0.96564525
--
truck 70.43862 164.88062 215.6315 284.12155 0.7711991
car 130.67337 151.5945 125.86641 149.4959 0.44107515
car 109.47616 137.32736 120.84193 141.28487 0.50220454
car 227.0922 264.0633 93.59975 113.248344 0.7532739
car 219.50108 253.82263 100.12305 120.364365 0.79971224
car 162.84602 197.72899 89.358734 109.41913 0.8488482
car 196.25548 234.27449 77.94691 100.69268 0.93456495
car 249.95665 283.0583 63.248028 84.72571 0.9731123
--
truck 70.315735 163.85783 215.08553 284.1526 0.73877174
car 130.70093 151.61334 125.862724 149.43594 0.4332014
car 109.48878 137.26477 120.845146 141.27672 0.48573428
car 226.9253 264.13898 93.635284 113.355354 0.7697896
car 219.54161 253.92122 100.04419 120.3149 0.8022313
car 162.89499 197.78194 89.266594 109.37846 0.8568837
car 196.20027 234.20103 77.938934 100.70382 0.93996817
car 249.9797 283.0346 63.263462 84.711395 0.97440004
--
truck 69.72594 164.3813 215.01 284.20407 0.70044893
car 130.6743 151.57016 125.932 149.46092 0.41409764
car 109.47946 137.15256 120.98274 141.34288 0.48336247
car 219.54234 253.98822 100.07798 120.28843 0.7918546
car 226.71976 264.74506 93.65981 113.374344 0.7974457
car 163.04832 197.75809 89.23735 109.46632 0.85322225
car 196.34698 234.17964 77.97687 100.72812 0.93950135
car 249.97084 283.07758 63.291443 84.76587 0.97393775
--
truck 81.26474 147.84566 213.40646 275.58038 0.6818991
car 52.509933 84.914986 121.45228 143.40997 0.55146307
car 109.02911 138.0262 119.61331 140.91327 0.5530978
car 130.36368 151.53168 125.90987 149.56992 0.562218
car 227.264 265.3789 94.103096 113.43386 0.76632804
car 216.87819 256.49796 99.18516 120.09229 0.8034385
car 163.06831 197.77855 89.396126 110.22636 0.8230223
car 195.75725 233.89561 78.1629 100.65098 0.9480418
car 249.95714 283.0401 63.265377 84.871956 0.9747919
--
truck 81.74533 147.6431 213.23524 275.79016 0.6519137
car 130.37444 151.539 125.81654 149.68604 0.53069633
car 52.617348 84.89878 121.48921 143.31096 0.55003417
car 109.040955 137.99957 119.7555 141.01413 0.5598628
car 227.18445 265.47122 94.12109 113.58488 0.76164037
car 162.93938 197.80511 89.405174 110.34438 0.8253479
car 216.98676 256.49194 99.255775 120.17776 0.8333567
car 195.71101 233.97156 78.2257 101.02022 0.9545059
car 249.91061 283.04297 63.252968 84.818275 0.97465426
--
car 49.64832 88.38141 119.56001 143.68008 0.36306846
car 215.74367 238.87274 102.72774 121.75769 0.43388423
car 130.77238 151.67181 125.25221 150.15448 0.4786269
car 109.32243 140.2049 118.0785 141.02596 0.57928354
car 162.43915 198.17047 89.51666 111.79128 0.7666256
car 215.69449 259.2038 97.92202 120.629776 0.89623505
car 72.59919 135.06357 211.47478 269.56 0.9326031
car 195.55748 234.15614 78.32597 101.30467 0.9610059
car 249.61513 283.4347 62.717075 84.547356 0.97182274
--
car 49.003235 88.11661 118.95122 144.06178 0.43415004
car 130.82875 151.63106 125.05985 149.98988 0.55189776
car 109.256584 140.13351 117.92272 141.11443 0.6705034
car 162.66734 198.16101 89.35215 111.76741 0.8226732
car 214.28339 260.99362 97.45861 120.89172 0.91522914
car 69.812065 135.91653 212.44121 270.96545 0.9403555
car 195.50229 234.01381 78.474 101.25063 0.96052784
car 249.64214 283.40683 62.78162 84.46328 0.97329146
--
car 226.64342 261.2841 94.41232 113.64938 0.46831
car 48.51915 68.9135 124.78438 145.95572 0.5892261
car 130.823 151.52567 125.17012 149.89919 0.5904568
car 48.736046 88.92568 119.7141 144.09207 0.6510275
car 109.114426 139.68127 118.19729 141.04175 0.7184729
car 162.69986 198.11674 89.2227 111.766685 0.831908
car 67.48733 124.19482 210.14 264.42465 0.9644052
car 213.75613 260.54977 97.29786 121.35483 0.96620375
car 195.63596 233.85564 78.647285 101.14899 0.96934015
car 249.55736 283.42136 62.88439 84.527534 0.9801714
--
car 227.02078 260.58917 94.83018 112.740166 0.34786955
car 46.90491 68.06094 124.926796 145.4783 0.56082654
car 48.55623 88.80038 119.91952 143.73776 0.58516276
car 130.86583 151.56583 125.366425 149.76173 0.60364085
car 109.19103 139.56642 118.144196 141.00642 0.67390764
car 162.42903 197.60716 89.588196 111.80459 0.8254228
car 61.105835 118.38 200.30319 256.6901 0.90967494
car 212.76062 259.84784 97.690834 121.38191 0.9617212
car 195.53427 234.1929 78.69747 101.637184 0.9709211
car 249.51639 283.46152 62.807785 84.47356 0.9753438
--
car 46.41014 78.01704 182.82239 209.1131 0.3937595
car 226.76477 262.02002 95.10291 111.69272 0.456684
car 47.54207 88.6165 118.68863 144.76083 0.64882576
car 109.54854 139.07736 118.42208 140.80132 0.65093416
car 130.83508 151.49213 125.562904 149.48528 0.69185174
car 44.751194 73.42312 124.12181 146.92824 0.7390563
car 162.66132 196.51637 89.88765 111.60182 0.84103674
car 54.679016 110.443596 199.47005 254.26857 0.91889846
car 195.60162 233.85637 78.48598 100.90829 0.96504974
car 211.8097 259.3561 98.00279 121.27213 0.968056
car 249.54837 283.36813 62.79406 84.30412 0.97297174
--
car 46.7178 77.94515 182.67566 209.24983 0.37015557
car 226.75923 261.99054 95.13021 111.64491 0.4950492
car 44.63926 73.42831 124.126144 146.76595 0.64055055
car 111.56137 133.68855 119.95758 141.50862 0.6445647
car 47.800064 88.63307 118.72817 144.47667 0.6469453
car 130.81586 151.47572 125.677475 149.42653 0.6820357
car 162.81248 196.40562 89.928085 111.5239 0.85348535
car 54.128944 109.94264 198.66096 253.94296 0.91002256
car 195.65356 233.6535 78.56493 100.59099 0.96431917
car 211.98988 259.06378 98.18754 121.135315 0.9653312
car 249.66489 283.3517 62.90882 84.28157 0.97335345
--
car 46.995155 77.93898 182.60316 209.19536 0.40481743
car 226.65018 261.85318 94.999466 111.48334 0.5202616
car 47.70612 88.640594 118.82683 144.45413 0.6503694
car 44.433605 73.357056 124.09584 146.66237 0.66233045
car 109.68212 139.09573 118.41914 140.8274 0.6781187
car 130.85188 151.42996 125.6714 149.39664 0.69566184
car 162.06004 196.33089 90.03565 111.64256 0.8414226
car 53.890465 109.80246 199.12222 254.06892 0.91429466
car 211.94603 259.0829 98.19211 121.09736 0.9628058
car 195.71783 233.36093 78.73094 100.45991 0.9629382
car 249.68883 283.33228 62.931446 84.294655 0.9748664
--
car 226.51974 262.049 94.92349 111.311386 0.45973945
car 44.374226 74.32291 124.69342 146.87845 0.5730677
car 46.76334 90.93275 118.55635 145.04189 0.72025275
car 130.82904 151.38864 125.86764 149.18605 0.72140616
car 111.4071 133.54593 120.15984 141.47025 0.7505637
car 161.81268 195.0194 90.06956 111.311646 0.8008434
car 52.280598 100.63429 196.6018 247.48842 0.91167694
car 210.2672 258.32907 98.38836 121.17115 0.9635072
car 195.63 232.84758 78.9608 100.97354 0.96507454
car 249.66737 283.29858 62.85155 84.2783 0.96850497
--
car 226.49048 262.17258 94.83948 111.44003 0.48866752
car 44.492092 72.96364 124.752045 146.73978 0.57079154
car 47.329067 89.771255 118.57547 144.69958 0.6352101
car 130.83101 151.36884 125.84147 149.2055 0.73007613
car 111.44579 133.55452 120.074326 141.431 0.7588231
car 161.84521 195.14159 90.04489 111.24719 0.80972683
car 51.99523 100.71719 196.26025 247.37192 0.9274013
car 195.64279 232.9313 78.93914 100.906784 0.9657132
car 210.33267 258.2636 98.40327 121.12241 0.96645683
car 249.64053 283.29794 62.882023 84.28068 0.96956444
--
car 44.15544 73.896416 125.01239 146.63649 0.48955336
car 46.673244 91.53687 118.55407 145.00838 0.69888157
car 130.84213 151.39186 126.07292 149.10387 0.7191417
car 111.57631 133.65361 119.9611 141.1437 0.74239475
car 161.07933 194.29385 90.34539 111.80614 0.81081045
car 48.242096 97.04588 195.41232 243.56424 0.9071727
car 209.4771 257.3843 98.4137 121.157906 0.96408665
car 195.9348 232.09386 79.21199 100.8805 0.9658786
car 249.75838 283.23212 62.93177 84.160034 0.97184813
--
car 44.147324 74.26629 124.909424 146.67038 0.5069841
car 111.60484 133.69737 119.82995 141.02286 0.69667184
car 130.85919 151.36076 126.06352 149.11623 0.70987934
car 46.578655 91.62568 118.474525 145.12543 0.7499692
car 160.97461 193.65753 90.46333 111.806274 0.7547103
car 47.348625 96.00453 194.83783 242.84512 0.9140126
car 196.25533 231.55125 79.28838 100.26038 0.9599491
car 209.91975 256.46362 98.20399 120.907295 0.9620883
car 249.84787 283.14966 62.967346 84.113045 0.97362244
--
car 44.079487 74.28352 124.81287 146.64418 0.46420687
car 46.56223 91.76386 118.61986 145.1327 0.698294
car 111.52488 133.66444 119.91017 141.2639 0.7064357
car 130.93845 151.39717 126.003784 149.28287 0.70928395
car 160.93846 193.51979 90.59588 111.82891 0.7568948
car 47.7255 94.68112 195.46991 241.45963 0.8868748
car 195.87863 231.54735 79.571175 100.89738 0.94906014
car 209.56087 256.3276 97.832436 121.24018 0.96054476
car 249.85042 283.1736 62.936134 84.12706 0.9711576
--
car 111.65434 133.37827 120.48455 140.93039 0.65476316
car 46.684402 91.6393 118.72135 144.97618 0.6606024
car 42.516224 64.70401 125.88475 146.03447 0.66413015
car 130.91353 151.6792 125.59169 149.44511 0.678642
car 159.72298 194.68298 90.781876 111.89646 0.81014395
car 48.01726 94.97543 195.21945 242.05322 0.89619297
car 195.72166 231.47696 79.01859 100.16975 0.9500042
car 208.44106 257.57584 97.30995 121.15857 0.9700797
car 249.12904 283.46594 62.815247 84.11937 0.9774955
--
car 394.92603 409.76575 47.931355 60.007668 0.30415535
car 42.598866 64.70243 126.0018 145.98808 0.6184962
car 111.626816 133.35971 120.53311 141.01761 0.6256168
car 46.75975 91.522285 118.85355 145.00389 0.64108574
car 152.16602 193.2296 91.4919 112.07084 0.6636424
car 130.8561 151.67212 125.708305 149.3215 0.6717533
car 47.455006 88.42856 191.86043 231.7981 0.7962625
car 192.9975 228.0447 80.76617 101.8482 0.951469
car 209.18135 256.17093 97.54941 121.319275 0.96463704
car 249.17365 283.44623 62.921185 84.14695 0.978443
--
car 395.02124 409.73096 48.053867 59.98607 0.33877292
car 46.87346 91.50913 118.939064 144.81012 0.59638304
car 111.63263 133.3349 120.72845 140.91342 0.6495521
car 42.632153 64.65622 126.04917 145.95949 0.67881525
car 130.89717 151.64803 125.82475 149.21693 0.6901441
car 152.90315 191.97021 91.51526 111.97006 0.72286147
car 45.959064 87.33818 190.8536 231.72237 0.7556443
car 210.16316 254.9555 98.00344 121.0551 0.9583226
car 192.00812 227.88998 80.887314 101.867035 0.96659034
car 249.49866 283.28503 62.97041 84.017 0.9800532
--
car 395.0111 409.74213 48.030434 59.97015 0.33266792
car 46.821754 91.58476 118.98529 144.79634 0.5992621
car 111.64346 133.31984 120.714294 140.9201 0.6488246
car 42.61886 64.67621 126.05953 145.98375 0.674269
car 130.88646 151.61429 125.8456 149.20781 0.69860405
car 152.78787 192.06296 91.45494 112.077 0.747077
car 45.847164 87.62977 191.18692 231.72955 0.789387
car 210.05112 255.02429 98.0088 121.1224 0.9609975
car 191.91368 228.01785 80.857346 101.91658 0.9673968
car 249.47868 283.28586 62.983997 84.00458 0.9805634
--
car 395.03265 409.71835 48.058838 59.975464 0.34243575
car 46.796005 91.566124 119.00766 144.78854 0.606508
car 111.63475 133.33499 120.70457 140.91733 0.6476357
car 42.57421 64.61786 126.06542 145.84729 0.65804875
car 130.89076 151.6217 125.8369 149.21681 0.6963885
car 152.78485 192.10953 91.4695 112.08173 0.7508921
car 45.8563 87.878365 191.04555 231.88495 0.75453377
car 210.07187 254.99648 98.04142 121.10037 0.95989156
car 191.80693 228.10092 80.85548 101.91074 0.96792555
car 249.51337 283.26337 62.99975 83.9937 0.98071766
--
truck 46.8914 84.677444 179.64275 230.67253 0.76894057
car 46.847626 91.65471 119.093544 144.72282 0.510043
car 130.84387 151.55061 126.45176 149.03552 0.6230006
car 111.81764 132.36787 122.67138 140.66623 0.6602467
car 42.75127 64.594154 126.14906 146.00014 0.68465847
car 154.15253 190.63718 91.72526 112.30576 0.722644
car 206.2554 251.03325 99.24837 122.89386 0.938434
car 191.4549 227.40854 81.025635 101.65795 0.94699574
car 249.62543 283.21527 62.92575 83.95903 0.97878164
--
truck 46.72313 84.61582 179.77443 230.76021 0.7591996
car 46.835396 91.55294 119.13685 144.799 0.51280606
car 130.83647 151.56706 126.43341 149.04968 0.61160105
car 111.75907 132.40129 122.69233 140.64433 0.64764214
car 42.658283 64.58138 126.12909 145.92441 0.6666698
car 154.14647 190.81187 91.778435 112.35243 0.7365616
car 206.32071 251.01271 99.196724 122.9573 0.9411293
car 191.41988 227.5424 81.11963 101.71528 0.9513925
car 249.60268 283.21152 62.962788 83.99363 0.9796695
--
truck 44.986984 85.1426 178.48543 227.82347 0.74918306
car 46.655403 91.95022 119.0381 144.92859 0.5614458
car 130.85191 151.52612 126.570526 149.13408 0.6161229
car 111.70472 133.27257 121.02802 140.79324 0.66277903
car 155.9493 189.42467 91.69303 112.27583 0.6778865
car 42.64034 64.48481 126.03323 145.8937 0.6786957
car 205.34273 251.39651 99.378975 123.08541 0.94910234
car 190.11374 227.41507 80.916954 101.864365 0.961169
car 249.71881 283.17978 62.891037 84.03594 0.97715974
--
truck 44.654636 85.03114 177.77272 226.77211 0.77766675
car 395.00327 409.68427 48.04294 59.92975 0.31860992
car 157.19409 188.57742 91.70872 112.20834 0.42452574
car 46.941628 91.436844 119.18355 144.81157 0.53036594
car 130.78716 151.5004 126.672386 149.06847 0.62502074
car 112.01388 132.27672 122.69317 140.6641 0.70809877
car 42.627304 64.54855 126.04301 145.83539 0.72249633
car 204.27 252.13077 99.544 122.7238 0.92679507
car 189.74086 227.54312 80.76902 101.663574 0.9597267
car 249.58995 283.23947 62.89438 84.14584 0.9738531
--
truck 44.75294 84.80237 178.29471 226.3368 0.75011563
car 157.09322 188.24583 91.81512 112.03363 0.31548324
car 394.99493 409.69815 48.039196 59.955982 0.31570736
car 46.834824 91.49356 119.08812 144.98405 0.5475617
car 130.79544 151.46246 126.78961 149.02563 0.6107608
car 42.63787 64.55608 126.06751 145.89694 0.69741124
car 112.03974 132.30301 122.75898 140.60146 0.7253422
car 204.1708 251.93922 99.21618 122.95733 0.92530704
car 189.34837 227.68445 80.64973 101.67001 0.9478962
car 249.57587 283.29108 62.814137 84.14268 0.9727651
--
truck 44.683628 84.84275 177.50247 226.238 0.7431687
car 395.02325 409.6952 48.05466 59.94883 0.32338125
car 157.12053 188.29364 91.83646 112.08634 0.35289872
car 46.725212 91.77166 118.92853 145.06693 0.5768105
car 130.76398 151.45334 126.633095 149.08261 0.61855596
car 42.58417 64.61307 125.98067 145.86597 0.6858132
car 112.026855 132.32956 122.719154 140.62268 0.70551807
car 204.15413 251.74945 99.29512 122.8486 0.91926515
car 189.34396 227.80698 80.57087 101.62584 0.95830286
car 249.54428 283.28497 62.834732 84.13616 0.9742534
--
truck 44.048386 84.46336 177.66557 225.74051 0.7107608
car 394.9508 409.73782 48.08404 60.016598 0.31679797
car 131.04413 151.56296 126.59974 149.12242 0.5389057
car 46.64201 92.072685 118.90028 145.01498 0.5547945
car 111.810776 132.41847 122.87067 140.66267 0.69913197
car 42.594448 64.5353 125.958145 145.84488 0.7101333
car 202.30241 251.48196 99.10653 123.178 0.8903276
car 189.54237 227.69522 80.90365 101.68594 0.9559753
car 249.45628 283.37994 62.683514 84.258514 0.9689305
--
truck 43.74156 84.25361 178.67657 225.20067 0.71689373
car 136.20932 154.1888 105.23421 116.12097 0.30353662
car 394.87784 409.9587 48.084953 60.268135 0.32158008
car 202.45096 231.90585 106.68551 125.81007 0.37900114
car 46.535732 91.68668 119.37362 144.38902 0.6132651
car 43.13336 64.770424 126.01406 146.07475 0.6334704
car 130.98131 151.4799 126.69395 149.01654 0.63428503
car 112.20778 132.59848 122.89072 140.45259 0.71716785
car 201.50916 252.33069 99.05237 123.995476 0.9553138
car 189.68799 227.01357 81.36232 101.557556 0.9599759
car 249.7219 283.2782 62.736584 84.15996 0.9687525
--
truck 43.875423 84.23582 178.77266 224.99425 0.7119504
car 136.20724 154.22157 105.22631 116.14288 0.30411336
car 202.43991 231.9285 106.66607 125.82279 0.35735515
car 46.543736 91.70926 119.35013 144.39194 0.60673743
car 130.98796 151.48495 126.70217 149.04855 0.61568725
car 43.13297 64.76714 126.00581 146.079 0.6307906
car 112.187256 132.62288 122.918304 140.45798 0.70955783
car 201.5085 252.35161 99.07074 124.008286 0.9563656
car 189.71661 226.96663 81.38324 101.54855 0.9598661
car 249.77766 283.22955 62.813206 84.19116 0.9697077
--
truck 43.901302 84.25114 178.7554 225.08183 0.7162923
car 394.91525 409.93735 48.125675 60.259205 0.30135608
car 136.19838 154.22383 105.237564 116.14995 0.30418873
car 202.4343 231.97003 106.67288 125.80769 0.36922044
car 131.00589 151.47382 126.70734 149.03651 0.6097396
car 46.45717 91.80667 119.32203 144.4243 0.6170849
car 43.12669 64.75985 126.022156 146.07089 0.6279564
car 112.18818 132.6382 122.91415 140.45686 0.70939213
car 201.49811 252.30898 99.09006 123.998795 0.9557837
car 189.7104 226.97385 81.38603 101.56369 0.9616145
car 249.78304 283.2562 62.84755 84.198166 0.9689718
--
truck 42.613182 84.08707 179.03343 224.40271 0.71307975
car 201.9645 233.79251 106.24546 126.08975 0.34373474
car 131.04063 151.64854 126.37384 149.2337 0.6368432
car 46.54772 91.481 119.201256 144.47533 0.6433609
car 43.09823 64.789246 126.00739 146.05821 0.6595122
car 112.16749 132.52449 122.79672 140.53764 0.68075836
car 199.90668 251.33357 99.662865 124.46954 0.9589406
car 249.73595 283.33197 62.7318 84.25076 0.96616834
car 189.42203 226.18356 81.63482 101.75872 0.96969604
--
truck 42.565628 84.172195 179.14424 224.62614 0.7252115
car 202.01984 233.60312 106.25356 126.07779 0.3529373
car 46.64056 91.307434 119.30452 144.43204 0.62010115
car 131.0219 151.62807 126.461754 149.21036 0.63664913
car 43.121956 64.79225 126.02935 146.05595 0.6666043
car 112.203 132.51382 122.806305 140.52534 0.68542033
car 200.00182 251.17032 99.66267 124.32599 0.95466024
car 249.73695 283.3326 62.734856 84.25767 0.96529454
car 189.49095 226.13895 81.65546 101.64781 0.96814996
--
truck 42.705597 84.301476 178.87259 224.36453 0.7504189
car 134.4499 149.27957 105.64335 117.37984 0.44970927
car 201.51378 233.35707 106.29507 125.92902 0.58166665
car 46.72284 91.46391 119.17956 144.38976 0.62137806
car 43.010265 64.743004 125.94111 145.93562 0.6574259
car 130.88243 151.51538 126.6346 149.0485 0.67437077
car 112.212326 132.48679 122.989456 140.44823 0.73094225
car 199.47615 250.1941 99.85379 124.48812 0.9333306
car 249.6522 283.40308 62.69297 84.24508 0.9638337
car 189.29817 225.7172 81.6729 101.77925 0.9657454
--
car 132.93973 149.36836 106.05639 118.33116 0.48326787
car 130.99686 151.47174 126.48073 149.45113 0.62063223
car 46.486214 91.93618 118.913475 144.60884 0.63569266
car 42.02987 83.57284 184.23485 220.8788 0.6655207
car 43.09008 64.764046 125.89474 146.0625 0.6686591
car 111.956726 132.61197 123.01347 140.52809 0.749993
car 200.10759 248.58112 99.47592 124.40216 0.9399312
car 188.85635 224.45743 81.655334 102.13044 0.9601705
car 249.5707 283.47897 62.687263 84.306145 0.96312165
--
car 132.77826 149.35565 106.08699 118.26503 0.46669292
car 131.03789 151.47658 126.516365 149.40149 0.6003247
car 46.579605 91.8334 118.91004 144.58559 0.65493435
car 43.092606 64.75946 125.87736 146.06377 0.6836648
car 43.462933 87.57037 183.72427 221.74174 0.69483525
car 111.92023 132.70316 123.002716 140.50574 0.73179734
car 200.47885 248.46176 99.13727 124.344284 0.93726206
car 249.55183 283.51035 62.702946 84.325005 0.9657608
car 188.80408 224.41821 81.645874 102.14928 0.96682745
--
car 133.11404 149.55188 105.60037 117.95946 0.5111597
car 130.93062 151.46779 126.542534 149.25172 0.6539353
car 47.056465 90.6788 119.10785 144.44566 0.673783
car 43.434376 87.6066 183.45102 221.81403 0.69992644
car 43.1001 64.808655 125.864655 146.05447 0.7010109
car 112.029945 132.5829 122.91344 140.46107 0.74059767
car 200.41786 248.39456 99.16453 124.32283 0.9451449
car 249.58469 283.46396 62.743908 84.30118 0.9690144
car 188.829 224.45119 81.65176 102.12759 0.97008264
--
car 198.4937 219.15105 110.94781 126.39943 0.31542972
car 130.84247 150.14763 106.03048 120.82396 0.45956966
car 130.94604 151.3835 126.726135 149.22826 0.5820866
car 42.826862 64.47308 125.90739 145.8633 0.6359867
car 47.283657 90.73535 119.34823 144.37486 0.69234455
car 111.88534 132.59569 123.07041 140.47478 0.7072701
car 43.449375 87.94756 184.9276 222.4303 0.8801713
car 200.37154 247.35332 99.44561 124.13904 0.93108946
car 188.60883 223.00752 82.24173 101.89392 0.9693888
car 249.7073 283.34726 62.812046 84.27841 0.97625583
--
car 198.38495 219.20001 111.006195 126.34158 0.33383933
car 130.84862 150.20634 106.13641 120.91069 0.45588973
car 130.99248 151.27016 126.745316 149.35681 0.57269955
car 42.933376 64.52138 125.81546 145.92096 0.61902267
car 47.21467 90.73499 119.292755 144.49637 0.70587397
car 111.88145 132.60172 123.06568 140.46721 0.70988417
car 43.536377 87.771835 184.88332 222.4926 0.882253
car 200.58646 247.21585 99.46845 124.18484 0.9318331
car 188.66273 223.07191 82.266685 101.811615 0.9693284
car 249.80553 283.25964 62.839462 84.25414 0.97617733
--
car 198.38167 219.19507 111.00779 126.34863 0.33485138
car 130.86333 150.19824 106.15161 120.8884 0.46171895
car 130.97961 151.27855 126.76225 149.33577 0.5729541
car 42.845047 64.44761 125.851006 145.84663 0.6295667
car 47.36098 90.53366 119.31987 144.42279 0.70170146
car 111.86728 132.59404 123.07511 140.46188 0.71890974
car 43.580025 87.72556 184.91936 222.50664 0.8796351
car 200.5952 247.20416 99.47909 124.16985 0.93130404
car 188.6234 223.08914 82.26708 101.776184 0.9691321
car 249.80553 283.25787 62.836636 84.25399 0.9761517
--
car 131.25224 151.62567 126.49005 149.44823 0.48845905
car 47.567486 91.317986 120.08811 144.33594 0.5308564
car 42.709145 64.41912 126.139946 145.65245 0.565066
car 111.55009 133.35 121.98105 141.39145 0.74670184
car 43.57395 84.97336 180.97198 225.86143 0.8490753
car 195.00243 244.78563 100.51754 126.85379 0.9370554
car 188.00731 222.3772 82.144455 102.8077 0.9469703
car 249.65741 283.5357 62.456604 84.46946 0.9650966
--
car 131.34328 151.63776 126.59437 149.47845 0.4517687
car 47.565903 91.2995 120.08652 144.34277 0.5311846
car 42.654922 64.41611 126.15996 145.61877 0.56803083
car 111.474014 133.37083 122.02441 141.32404 0.7426616
car 43.568535 85.03601 180.88818 225.64374 0.8369244
car 195.13737 244.67233 100.57159 126.8273 0.9372442
car 188.11444 222.32883 82.23439 102.56968 0.9481192
car 249.78545 283.50415 62.55766 84.46227 0.96560156
--
car 131.32611 151.64095 126.564964 149.42377 0.46764144
car 47.958282 91.063385 120.19803 144.24776 0.5185485
car 42.822956 64.412094 126.22465 145.65625 0.5909047
car 111.545975 133.35335 122.07535 141.32547 0.7400401
car 43.585476 84.92648 180.92168 225.89845 0.85512066
car 194.61035 244.8357 100.29038 127.21484 0.93507826
car 183.18495 218.99855 83.23674 103.79846 0.94951993
car 249.64174 283.65552 62.620777 84.62086 0.962907
--
car 129.22314 150.50159 105.90037 120.777275 0.34982893
car 131.33377 151.63847 126.582726 149.38376 0.47630954
car 47.76358 91.11722 120.17023 144.30551 0.5380726
car 42.802334 64.48842 126.20592 145.69702 0.5883669
car 111.52521 133.42242 121.962006 141.30746 0.755368
car 43.48496 84.30937 180.84709 225.66864 0.86203355
car 194.01764 244.65222 100.53029 127.4219 0.940816
car 183.23793 218.73636 83.09453 103.845894 0.9542466
car 249.68079 283.64417 62.6297 84.6279 0.9610595
--
car 129.38054 150.50352 105.995636 120.74875 0.34139225
car 131.34665 151.6517 126.58574 149.45448 0.4587675
car 47.97077 90.937454 120.17408 144.2978 0.5330903
car 42.776485 64.44455 126.20806 145.60443 0.5992164
car 111.502785 133.35713 122.005554 141.34372 0.74612504
car 43.50498 84.17181 180.67323 225.44943 0.85743594
car 193.96611 244.66364 100.577385 127.37139 0.9373787
car 182.95108 218.7959 83.07508 103.75829 0.9549813
car 249.67581 283.6508 62.632977 84.626305 0.9607393
--
car 129.35362 150.57208 105.9856 120.81303 0.35475454
car 131.36005 151.656 126.58613 149.44597 0.45216
car 47.866486 91.043945 120.14603 144.33202 0.5342932
car 42.777294 64.4263 126.19834 145.60924 0.5930194
car 111.47959 133.34831 122.02917 141.3468 0.74471235
car 43.56247 84.23808 180.62811 225.41847 0.865859
car 193.93816 244.69191 100.48891 127.465706 0.93788725
car 182.90797 218.70166 83.07017 103.69226 0.9513
car 249.68156 283.64752 62.63955 84.624146 0.9608778
--
car 129.25964 150.73134 106.466545 120.9833 0.46379405
car 131.2875 151.64255 126.55471 149.36224 0.4839084
car 47.98948 91.080925 120.3524 144.15152 0.51904386
car 42.797707 64.47926 126.34195 145.64456 0.5994233
car 111.56722 133.26917 122.14705 141.39668 0.76337844
car 42.98652 84.30906 180.5817 225.32738 0.828426
car 193.82063 244.69139 100.522156 127.70315 0.9240849
car 249.69272 283.65988 62.702236 84.702644 0.9646125
car 182.90753 218.32138 83.40152 103.43202 0.97220945
--
car 144.9352 178.35324 95.963486 113.02959 0.31737012
car 395.5083 408.94028 48.06171 59.34162 0.3616169
car 47.90389 91.04933 120.2859 144.16393 0.5434439
car 131.29526 151.70628 126.642624 149.31383 0.54833806
car 42.748127 64.51838 126.26344 145.61632 0.5887019
car 111.6075 133.10532 122.05486 141.47476 0.7472529
car 43.27107 84.19119 180.65063 225.41959 0.84817576
car 193.39256 244.59604 100.509026 127.51417 0.93664706
car 249.6633 283.67056 62.724392 84.692566 0.9662976
car 181.80994 218.72278 83.524155 103.55961 0.97340286
--
car 145.00336 178.35847 95.94406 113.02618 0.3168061
car 395.48703 408.93546 48.053246 59.341652 0.3695883
car 131.31924 151.70956 126.63486 149.33472 0.54108006
car 47.8575 91.08072 120.261444 144.18202 0.54800487
car 42.75604 64.514404 126.24893 145.62042 0.5899642
car 111.59034 133.12238 122.068306 141.46062 0.74855965
car 43.195087 84.25347 180.64465 225.36403 0.8441261
car 193.28178 244.7428 100.53767 127.52492 0.93963224
car 249.66447 283.66333 62.74132 84.707596 0.96685165
car 181.77463 218.68552 83.52216 103.541016 0.97416586
--
car 145.01288 178.49571 95.977165 113.317085 0.3091235
car 395.51627 408.93433 48.08209 59.28013 0.35454726
car 131.31287 151.6688 126.644745 149.36641 0.54169416
car 47.91378 91.09065 120.30066 144.1488 0.54472053
car 42.780636 64.5002 126.27603 145.63652 0.5950898
car 111.589066 133.10336 122.066765 141.45242 0.7547245
car 43.30382 84.21585 180.75609 225.3665 0.8373861
car 193.39021 244.64372 100.35202 127.60182 0.9338052
car 249.69801 283.62665 62.756905 84.706345 0.96827805
car 180.60605 218.71158 83.8554 103.83538 0.9802671
--
car 144.79971 178.5357 96.011 113.200874 0.32688746
car 395.49008 408.95016 48.08107 59.282005 0.3564966
car 131.31932 151.64969 126.6401 149.3767 0.5414102
car 47.78436 91.163246 120.25505 144.18965 0.55014074
car 42.771973 64.502625 126.25652 145.6278 0.58783394
car 111.59703 133.15312 122.11613 141.43634 0.7579413
car 43.214462 84.246254 180.62505 225.33498 0.8196419
car 193.39445 244.6073 100.32165 127.65657 0.9345504
car 249.61853 283.69394 62.811623 84.71076 0.97018385
car 180.64583 218.58391 83.853836 103.85305 0.979607
--
car 395.58463 408.94156 48.14468 59.285385 0.34228092
car 131.35542 151.63916 126.5648 149.42928 0.5232793
car 47.502987 91.37892 120.14464 144.30164 0.55142844
car 42.758503 64.47931 126.23558 145.60175 0.56367755
car 111.550186 133.25989 122.10062 141.41881 0.7498464
car 42.80566 83.43596 184.92508 222.04921 0.8439232
car 193.22394 244.42166 100.25571 127.6269 0.94183016
car 249.67271 283.6377 62.754543 84.64059 0.9704858
car 180.6648 217.59607 83.75068 103.92042 0.97726643
--
car 395.73602 408.9643 48.78826 59.623623 0.33914575
car 193.68825 224.19316 109.34605 128.41899 0.37641457
car 42.970596 64.72541 126.264915 146.1052 0.39659905
car 47.044464 91.69607 119.51585 144.49152 0.56573933
car 130.95595 151.42351 126.73455 148.71817 0.6266496
car 111.930374 132.87505 123.28128 140.96922 0.781972
car 42.68272 83.70767 184.73169 223.17822 0.7894818
car 193.01445 244.28708 100.67717 126.75423 0.8901096
car 180.08952 217.36719 83.60339 104.17053 0.9642938
car 249.52011 283.4861 62.797894 84.84654 0.9754788
--
car 395.75705 408.90448 48.845734 59.62708 0.32357627
car 193.69049 224.17087 109.40518 128.48311 0.36550206
car 42.960606 64.726425 126.25673 146.09293 0.39621943
car 47.07156 91.65263 119.5054 144.49043 0.5620865
car 130.98811 151.46771 126.7948 148.81378 0.60455644
car 111.85122 132.8856 123.26614 140.9911 0.7777413
car 43.593483 84.240486 180.79234 225.6575 0.78006667
car 192.94566 244.34451 100.63246 126.84067 0.8891621
car 180.13261 217.34328 83.6326 104.153656 0.9642729
car 249.52274 283.5184 62.842083 84.845924 0.97429407
--
car 395.77402 408.9098 48.868904 59.61644 0.31974664
car 193.68623 224.21936 109.37639 128.4771 0.36112466
car 42.961662 64.7243 126.232544 146.07922 0.3928522
car 47.09466 91.5883 119.51328 144.4823 0.5622391
car 130.96455 151.4601 126.75909 148.81113 0.6148814
car 111.87424 132.88072 123.25966 140.99379 0.7749095
car 42.624493 83.816986 184.96414 223.22064 0.7880844
car 192.91394 244.36713 100.6198 126.88826 0.8930764
car 180.10782 217.36394 83.63055 104.16305 0.9650807
car 249.51926 283.5347 62.891712 84.84528 0.97496784
--
car 193.58952 224.17038 109.255104 128.45203 0.3574929
car 42.979824 64.69618 126.19982 146.0872 0.40739056
car 47.10066 91.56954 119.4507 144.5148 0.551791
car 130.97173 151.46872 126.78885 148.85126 0.5919293
car 43.43151 84.3992 180.55873 225.73044 0.7667174
car 111.87034 132.90016 123.323944 140.89285 0.7711192
car 192.4967 244.55501 100.4702 127.016365 0.8884588
car 179.58264 217.41536 83.46197 104.636475 0.9631414
car 249.53922 283.0985 62.926388 84.745 0.97521126
--
car 144.81807 177.18546 96.080414 113.26162 0.3474441
car 193.60057 224.14423 109.32606 128.46005 0.37576252
car 42.997444 64.69179 126.22251 146.09532 0.4020971
car 47.069355 91.62331 119.460846 144.50533 0.5457315
car 130.99454 151.45935 126.794754 148.85342 0.5792916
car 43.33848 84.46772 180.14531 225.66339 0.72658294
car 111.78825 132.89767 123.31052 140.9142 0.769639
car 192.6126 244.50253 100.58652 126.821846 0.8741453
car 179.60587 217.40916 83.45597 104.61218 0.9625197
car 249.61418 283.02423 62.96402 84.72359 0.9738238
--
car 144.65962 176.84753 96.0311 113.19026 0.30422813
car 193.522 224.3416 109.14896 128.231 0.3258437
car 42.90501 64.64678 126.235916 145.96495 0.4116821
car 47.134468 91.37805 119.41019 144.49986 0.5383682
car 131.12024 151.5054 126.8127 148.9426 0.54090804
car 43.026924 84.28247 180.44771 225.62526 0.7196246
car 111.68577 132.95338 123.40009 140.93405 0.7725264
car 192.58266 244.65257 100.57664 127.18145 0.9210409
car 179.59071 216.06178 83.25457 104.882774 0.96841544
car 249.4198 283.27084 62.969078 84.80548 0.97448134
--
car 193.54286 224.44354 109.0098 128.22021 0.3012814
car 144.70909 176.84288 95.83865 113.324615 0.30379888
car 395.5287 409.17645 48.754826 59.812157 0.3163709
car 42.8724 64.62748 126.094376 145.96881 0.3800589
car 131.34608 151.53358 126.76636 149.06865 0.4715288
car 46.831013 91.82985 119.07603 144.73744 0.5651143
car 111.63714 133.05405 123.42617 140.91467 0.7489391
car 43.23715 84.395454 180.54796 225.70808 0.77681273
car 192.59459 244.63564 100.52387 127.22644 0.9169405
car 179.51775 216.0293 83.21052 104.94498 0.96739864
car 249.355 283.11746 63.390713 84.68871 0.97408605
--
car 193.58713 224.4727 108.681305 128.2264 0.30058438
car 395.2876 409.33435 48.637447 59.749023 0.3524153
car 144.77495 176.44435 95.9437 113.231415 0.38387114
car 42.886475 64.74211 126.13298 146.03519 0.43631512
car 131.29454 151.51599 126.74507 149.08496 0.48881721
car 46.819107 91.9057 119.07104 144.66838 0.5549305
car 43.249317 84.3813 180.48419 225.67345 0.7305016
car 111.623856 132.9717 123.39156 140.95139 0.7479686
car 192.79817 244.45744 100.607056 127.27321 0.91622466
car 178.95464 215.13591 83.185936 105.515205 0.961385
car 249.42186 283.29736 63.33223 84.77115 0.97251034
--
car 193.54462 224.40192 108.690155 128.19116 0.3046072
car 395.29227 409.32626 48.640266 59.729034 0.35706437
car 42.86584 64.6418 126.12437 145.9321 0.40351525
car 144.70512 176.46893 96.001976 113.19805 0.409769
car 131.2301 151.48703 126.75059 149.09584 0.502405
car 46.738483 91.86835 119.03727 144.71584 0.5904726
car 111.51547 133.08078 123.388794 140.87334 0.7334158
car 43.20064 84.434326 180.47083 225.71304 0.7499392
car 192.70189 244.5589 100.65265 127.23066 0.91280156
car 179.02985 215.07579 83.206825 105.50276 0.96238214
car 249.40527 283.06165 63.344845 84.46899 0.9774948
--
car 420.68344 435.73053 29.571117 44.75095 0.33300185
car 395.16272 409.43533 48.61265 59.820026 0.34192964
car 193.28693 224.19766 109.1215 128.28224 0.36852348
car 42.89405 64.63698 126.23145 145.97925 0.4101026
car 131.21393 151.51663 126.69601 149.10739 0.5161922
car 46.673264 92.01103 119.05998 144.66983 0.5964394
car 43.15381 84.20049 180.40543 225.26076 0.70622396
car 111.546104 133.0501 123.37507 140.88364 0.7356626
car 192.18073 244.7933 100.68875 127.019035 0.8883227
car 178.33217 214.90053 83.22873 105.603226 0.9574015
car 249.13925 282.45642 63.674076 84.296005 0.9827634
--
car 420.5964 435.7931 29.498463 44.729805 0.30560845
car 395.18567 409.4076 48.635933 59.821934 0.33541465
car 193.31708 224.21826 109.106415 128.29277 0.36761624
car 42.869423 64.647514 126.199615 145.95503 0.3966434
car 131.22568 151.52478 126.67841 149.10226 0.5181024
car 46.622063 92.08984 119.00625 144.69473 0.616067
car 43.3217 84.22475 180.3801 225.19814 0.7130567
car 111.54247 133.06902 123.36567 140.88376 0.7347578
car 192.20157 244.8262 100.68613 127.03494 0.89042705
car 178.29916 214.8614 83.156685 105.63199 0.9591635
car 249.17395 282.3813 63.65132 84.25281 0.98257816
--
car 420.5956 435.7945 29.49729 44.738476 0.30733904
car 395.18036 409.41522 48.63263 59.833138 0.3326994
car 193.35551 224.1923 109.04846 128.31992 0.3636737
car 42.86689 64.69814 126.23704 146.00398 0.4025299
car 131.24866 151.51628 126.68369 149.10133 0.5030145
car 46.730583 92.048355 119.08042 144.60938 0.58317155
car 43.395664 84.19394 180.42468 225.1347 0.7124532
car 111.5194 133.08087 123.362236 140.89436 0.72926897
car 192.23228 244.80894 100.617966 127.115746 0.8864029
car 178.39304 214.89207 83.04856 105.56734 0.9542282
car 249.18977 282.40076 63.650562 84.3115 0.982431
--
car 193.14877 224.94896 108.62191 128.05138 0.31990585
car 395.13092 409.59552 48.559555 59.851986 0.361903
car 42.722523 64.6233 126.352066 145.8734 0.44435793
car 45.428936 95.15618 119.05099 144.21881 0.59050727
car 130.91121 151.23886 126.491714 148.91309 0.6035041
car 43.069603 84.74668 180.53856 225.19473 0.75396067
car 111.59866 132.78586 123.23876 141.01848 0.755834
car 193.06383 244.30373 100.71264 127.112656 0.93744165
car 178.55147 213.16943 83.52089 105.71196 0.9652989
car 249.07751 282.14905 63.344696 84.40789 0.9878581
