--
truck 414.09766 437.8549 27.117788 68.94261 0.50928783
truck 392.02368 430.94693 73.85692 132.84497 0.62276506
car 377.40796 400.31818 68.25739 98.051414 0.35701948
car 371.07925 394.53357 93.467766 126.21949 0.59996414
car 346.7688 378.07593 102.31239 135.46033 0.8684697
--
truck 414.2353 437.83032 27.006521 68.24855 0.4701116
bus 392.25873 431.39032 73.64035 132.99202 0.6541144
car 370.90164 394.62244 93.64987 126.41477 0.67591476
car 346.54242 377.31158 102.6946 135.46397 0.87777007
--
truck 414.0882 437.58972 27.27822 68.217384 0.49961102
bus 392.5345 431.74872 73.513626 132.99542 0.67816126
car 370.86014 394.63373 93.465866 126.294 0.6284402
car 346.7541 377.3421 102.98991 135.53229 0.8572592
--
truck 377.37082 400.3201 68.035774 98.53493 0.3088121
truck 414.00406 437.54587 27.116135 68.31376 0.49334124
bus 392.44327 431.59738 73.57532 133.01508 0.64891994
car 370.95978 394.67496 93.16749 126.41426 0.6044842
car 346.67422 377.52673 102.825134 135.59776 0.8428482
--
truck 377.3862 400.34296 67.911 98.61186 0.30011356
truck 414.03604 437.61465 27.448 67.97811 0.44896087
bus 392.59995 431.5655 73.741646 133.08417 0.65430677
car 370.90146 394.65826 93.21205 126.4417 0.6163885
car 346.67285 377.49246 102.859314 135.5983 0.8507425
--
truck 377.36365 400.34195 67.887314 98.712006 0.30233198
truck 413.90683 437.71848 27.158287 68.24264 0.45624858
bus 392.61224 431.52835 74.02334 133.0928 0.66840935
car 370.8997 394.61694 93.23836 126.45451 0.6153589
car 346.68936 377.50433 102.815445 135.58955 0.84448636
--
truck 392.3568 431.2605 74.906044 132.75366 0.6106022
car 370.8925 394.65042 93.10112 126.55502 0.55930454
car 346.63214 378.05078 102.686386 135.58952 0.84128183
--
truck 392.4277 431.4333 74.873535 132.70073 0.6327237
car 370.9222 394.57184 93.18456 126.501015 0.58524156
car 346.55124 377.95428 102.64597 135.63228 0.8538621
--
truck 392.37152 431.31412 74.64537 132.79074 0.63491774
car 370.92313 394.5797 93.13882 126.49934 0.5900242
car 346.5891 377.93024 102.66016 135.5817 0.85952365
--
truck 377.42566 400.37628 67.5854 99.0029 0.31031004
truck 392.0246 431.10498 74.783165 132.78494 0.7696916
car 371.09482 394.59967 93.04945 126.75753 0.5112116
car 346.77734 378.12918 102.53217 135.60687 0.82206714
--
truck 377.40878 400.30325 67.80595 98.8493 0.3145801
truck 392.06882 431.28473 74.75106 132.6497 0.7826728
car 371.07187 394.70868 92.91383 126.82491 0.4823001
car 346.7196 377.94354 102.55804 135.6344 0.82414985
--
truck 377.39642 400.29404 67.869576 98.88383 0.31250653
truck 392.25177 431.33203 74.74284 132.56325 0.76479286
car 371.0147 394.68985 92.9238 126.838 0.5162907
car 346.69467 377.7935 102.549416 135.66086 0.83048564
--
truck 377.48364 400.10352 68.400444 98.51876 0.31361434
truck 392.02432 431.3603 74.96008 132.27197 0.79971755
car 371.0399 394.61026 93.13765 126.62389 0.5448851
car 346.63882 377.4507 102.99506 135.67772 0.8899323
--
truck 377.46765 400.1063 68.428116 98.506454 0.31137398
truck 392.1235 431.24692 74.974655 132.3071 0.79236186
car 371.0248 394.61337 93.19274 126.596825 0.5599755
car 346.6184 377.47455 102.99955 135.65222 0.8947674
--
truck 377.48047 400.11084 68.44717 98.51256 0.32025602
truck 392.01404 431.1423 75.02893 132.34784 0.8130462
car 371.00906 394.63058 93.25925 126.58293 0.5756301
car 346.624 377.43234 102.988014 135.69048 0.8897368
--
truck 439.24188 474.0205 35.237476 60.807007 0.30121586
truck 377.49496 400.03473 68.69339 98.40163 0.31981054
truck 392.0417 430.80255 74.60555 132.58301 0.812986
car 371.0366 394.6813 93.10889 126.64152 0.55443025
car 346.6321 377.3862 102.98695 135.67699 0.8877991
--
truck 392.15787 431.35925 73.8469 132.74002 0.75473666
car 370.9729 394.7581 93.19024 126.567116 0.6161027
car 346.5872 377.36447 103.00314 135.60521 0.90565896
--
truck 414.06854 438.42636 27.887405 68.116646 0.30611464
truck 392.13095 431.36975 73.603065 132.77963 0.74796015
car 371.04437 394.68048 93.30678 126.517334 0.58291095
car 346.60413 377.4922 102.97448 135.64943 0.9025895
--
truck 391.98553 431.73962 73.75309 132.78023 0.7311691
car 370.96936 394.7477 93.57423 126.38363 0.5896989
car 346.58313 377.54855 103.0984 135.59894 0.90094626
--
truck 391.7508 431.63214 73.81833 132.81743 0.73579884
car 370.99213 394.7086 93.49359 126.38146 0.5742203
car 346.5932 377.55902 103.09055 135.6069 0.89695156
--
truck 377.47897 400.1254 68.60474 98.177055 0.3151004
truck 391.7859 431.52887 74.20192 132.68985 0.7488505
car 370.99808 394.72433 93.53314 126.366196 0.57731146
car 346.59784 377.5647 103.08314 135.624 0.89175874
--
truck 377.39084 400.25967 68.5603 97.96451 0.30886853
truck 440.3515 472.84366 35.60916 60.676884 0.4013556
truck 391.91776 431.724 74.49035 132.70613 0.6823868
car 370.99524 394.83536 93.59664 126.32154 0.60766524
car 346.57767 377.6121 103.006935 135.70908 0.8868493
--
truck 377.39047 400.2639 68.50548 97.99144 0.30040398
truck 440.42932 472.71906 35.560265 60.954025 0.37030646
truck 392.14023 432.0484 74.24176 132.66714 0.64842784
car 370.99496 394.86774 93.71014 126.291855 0.59549594
car 346.5573 377.65628 103.02235 135.68666 0.89255446
--
truck 377.37048 400.21167 68.576546 97.8744 0.3078845
truck 412.1982 434.48907 38.857635 70.97149 0.30966893
truck 392.29218 432.20584 74.73669 132.48544 0.638215
car 370.97913 394.8825 93.697 126.2635 0.60357565
car 346.54965 377.61606 103.0301 135.64586 0.89951444
--
truck 392.6149 433.2177 75.87761 131.82674 0.74925154
car 377.4924 399.99722 69.11691 97.33655 0.35717702
car 371.3534 394.88715 93.41778 125.58884 0.69213635
car 346.34518 377.94217 103.16318 135.58696 0.88990176
--
truck 377.50125 399.9074 69.156746 97.16845 0.38711718
truck 392.27567 432.0136 74.90997 132.18861 0.8271826
car 371.37894 394.73135 93.37571 125.5292 0.6500739
car 346.45648 377.81924 103.07159 135.6439 0.87517136
--
truck 377.5451 399.99692 68.90714 97.397 0.3693336
truck 392.0652 431.71954 74.57346 132.22649 0.84472007
car 371.3687 394.72324 93.64649 125.455864 0.6525134
car 346.4857 377.78253 103.09848 135.65718 0.88172626
--
truck 377.43048 399.9868 69.27524 97.27784 0.38059342
truck 391.85278 431.6854 75.23519 132.08246 0.84034604
car 371.4101 394.71805 93.65703 125.442924 0.6697583
car 346.48657 377.80212 103.116585 135.65976 0.89851123
--
truck 377.4594 399.94998 69.312195 97.07773 0.3894066
truck 392.01968 430.62296 75.586586 131.83578 0.83654374
car 420.75626 437.79233 63.472363 78.30907 0.3679237
car 371.3097 394.81894 93.68327 125.363464 0.72719395
car 346.52945 377.61697 103.126305 135.84114 0.90664077
--
truck 377.46283 399.99646 69.19909 97.15768 0.39022678
truck 391.82648 430.27438 75.484375 131.90483 0.8433359
car 420.7574 437.77997 63.431015 78.35896 0.35951632
car 371.37012 394.79953 93.59047 125.326775 0.7185428
car 346.5218 377.67386 103.12013 135.82991 0.9093972
--
truck 377.49454 399.88553 69.52111 97.01046 0.36731228
truck 392.5733 430.72522 75.263794 131.85825 0.8031007
car 371.4384 394.7645 93.295296 125.419495 0.7003875
car 346.56714 377.67166 103.03626 135.93594 0.90461904
--
truck 410.44162 432.91293 50.89431 80.29853 0.34699246
truck 377.57413 400.04086 69.03833 97.61051 0.36630908
truck 392.46735 430.723 74.69 131.95215 0.8226701
car 371.40482 394.75046 93.495995 125.56245 0.662372
car 346.53763 377.7067 103.15454 135.89006 0.8965577
--
truck 410.41193 432.89072 50.760204 80.22496 0.34464854
truck 377.57697 400.03857 69.05279 97.58896 0.36043048
truck 392.59482 430.89133 74.78069 131.84235 0.8178521
car 371.42487 394.7104 93.51996 125.56755 0.6499518
car 346.58218 377.6412 103.1606 135.89355 0.8959645
--
truck 377.64212 400.08032 68.867584 97.769264 0.34406263
truck 392.0224 430.56668 74.57703 132.05019 0.8166753
car 371.44293 394.68417 93.533035 125.56126 0.6547002
car 346.62683 377.6067 103.13276 135.92287 0.89405835
--
truck 377.61716 400.2787 68.40689 97.89465 0.32394096
truck 410.046 432.01788 50.85308 79.97283 0.38705155
truck 391.95074 431.11893 74.83231 132.10132 0.8270756
car 371.39136 394.7083 93.59328 125.5586 0.66814566
car 346.6314 377.55936 103.18851 135.91322 0.8982399
--
truck 377.70163 400.3733 68.07099 98.06124 0.36606646
truck 410.1819 432.0728 50.96925 79.77155 0.37077528
truck 392.10046 430.76465 74.16365 132.30675 0.8605123
car 371.5891 394.5371 93.49521 125.31544 0.6169317
car 346.49854 377.83716 103.325035 135.87492 0.89659
--
truck 446.80057 468.85242 39.914528 73.277 0.33071736
truck 409.09418 432.31503 49.87298 80.555504 0.37103766
truck 392.219 431.2894 72.38825 132.49278 0.826086
car 371.7448 394.4293 92.91554 126.160515 0.3510981
car 346.83496 376.99686 102.81368 135.91219 0.8415886
--
truck 408.66022 431.8452 49.91739 81.64258 0.3532445
truck 392.12033 431.00977 72.790596 132.66571 0.84518653
car 371.69214 394.32895 92.44887 126.66433 0.31261814
car 346.86868 377.01865 102.68234 135.90729 0.8365747
--
truck 408.64572 431.85135 49.959072 81.615974 0.35226253
truck 392.12036 430.97684 72.817825 132.70511 0.84282684
car 371.68842 394.34772 92.428604 126.66016 0.31315127
car 346.86816 376.97647 102.68311 135.90337 0.83431
--
truck 371.75903 394.34137 92.34289 126.64038 0.31020698
truck 409.0576 431.4585 49.247574 81.3999 0.5257018
truck 392.31772 431.13034 72.22116 132.75392 0.81118345
car 346.8939 376.97525 102.715164 135.82607 0.82433724
--
truck 371.82587 394.38837 92.264244 126.623215 0.32057893
truck 446.38123 468.46457 40.620747 75.62336 0.390325
truck 409.53604 430.84122 47.63462 79.9753 0.4558782
truck 393.0248 431.114 72.494995 132.70854 0.8490297
car 346.90063 376.9948 102.675125 135.8521 0.8141699
--
truck 371.8556 394.33707 92.32625 126.56136 0.31149963
truck 409.46744 430.56055 47.135662 80.147934 0.43944174
truck 446.3431 468.77682 42.93007 81.1628 0.5014813
truck 393.0797 430.92093 71.24953 132.79298 0.87719584
car 346.86768 377.0441 102.6754 135.84532 0.8180238
--
truck 377.69434 399.854 68.8518 98.22287 0.33241883
truck 371.84653 394.39688 92.32844 126.63732 0.33474633
truck 409.43503 431.38895 40.24988 71.7077 0.45600492
truck 446.26483 468.8001 43.16357 80.75543 0.51983184
truck 392.8221 430.81952 71.68123 132.76477 0.8738701
car 346.88312 377.02948 102.71955 135.86897 0.81138444
--
truck 371.816 394.38058 91.980865 126.67178 0.32899994
truck 446.7506 468.5436 43.698006 80.03907 0.45658216
truck 409.36414 430.82742 41.936047 70.11217 0.50651634
truck 392.75504 430.6372 72.93139 132.45982 0.81044513
car 377.3927 399.7485 69.41546 97.85745 0.32746044
car 346.94815 376.89734 102.711296 135.82626 0.82921803
--
truck 446.5661 468.3166 43.74141 80.51291 0.32763526
truck 371.82117 394.4023 91.92825 126.667984 0.33204314
truck 409.34 430.78033 42.077705 69.90969 0.5056625
truck 392.71436 430.18668 73.28266 132.4689 0.76796013
car 398.12732 425.89886 64.34913 85.37699 0.32838094
car 377.37662 399.7956 69.39786 97.780014 0.33998692
car 424.08514 453.44943 64.149574 88.07227 0.3772364
car 346.93793 376.88123 102.69431 135.81929 0.82691664
--
truck 371.8226 394.3868 91.95614 126.67658 0.31823575
truck 446.46124 468.38382 44.04383 80.3425 0.35723495
truck 409.36343 430.80765 42.180584 69.99914 0.4794043
truck 392.84387 430.3328 73.77048 132.42403 0.7569058
car 397.9316 425.5723 64.33315 85.16651 0.32325244
car 377.38394 399.79376 69.47856 97.789604 0.32651192
car 423.14285 453.53934 64.44653 88.62386 0.32794064
car 346.9448 376.88895 102.73933 135.79083 0.83208585
--
truck 371.84454 394.37854 92.01187 126.594086 0.32170305
truck 446.5801 468.03635 45.04425 80.149506 0.4133031
truck 409.43018 430.3343 41.893196 69.53497 0.52776307
truck 392.7889 430.3553 74.43716 132.33124 0.75147986
car 396.69553 425.00394 64.68883 85.82001 0.35158557
car 377.45502 399.52295 69.76797 97.62779 0.35293472
car 421.40353 452.97522 64.61916 89.04129 0.36793882
car 346.96417 376.94116 102.70136 135.77516 0.8285234
--
truck 371.89322 394.31018 92.27138 126.498146 0.30610716
truck 446.46942 467.77487 45.60148 80.272316 0.3418878
truck 409.4127 430.53705 41.93987 69.5335 0.44092792
truck 392.34988 430.26462 73.33872 132.60716 0.73842657
car 346.9439 377.12848 102.759094 135.76556 0.8295529
--
truck 377.6107 399.81274 69.20927 98.51243 0.3225649
truck 445.73663 467.44788 46.04126 80.31164 0.50624
truck 409.3386 430.54572 41.770004 69.5701 0.5639687
truck 392.11478 430.8615 72.13678 133.11037 0.8665712
car 371.4671 394.44232 93.095985 126.75672 0.33710676
car 346.90543 377.3753 101.933395 135.89288 0.81842834
--
truck 377.68103 399.77158 69.296364 98.39561 0.30105475
truck 445.53784 467.019 46.66469 80.11453 0.45361772
truck 409.43182 430.57004 41.459614 70.4766 0.5668332
truck 392.3543 432.13168 74.84466 132.48503 0.823834
car 371.51236 394.43515 92.903984 126.79266 0.33464152
car 346.92422 377.38052 101.96667 135.88403 0.8041101
--
truck 445.57578 466.93 47.04274 80.34746 0.32179794
truck 409.3413 430.4283 41.71531 70.40706 0.53692615
truck 392.29572 432.0748 74.555016 132.46767 0.8147081
car 371.4771 394.4099 93.05537 126.79839 0.35327226
car 346.92453 377.33215 101.974625 135.89934 0.8103039
--
truck 377.6534 399.7362 69.08766 98.54322 0.31005684
truck 409.25415 430.30997 41.74195 70.25521 0.54739225
truck 392.5083 432.0476 74.886154 132.30782 0.81115395
car 371.48523 394.4189 92.97933 126.81696 0.34835002
car 346.92328 377.3152 101.985664 135.89767 0.8094934
--
truck 445.88287 467.623 47.044167 81.73028 0.34003985
truck 409.1678 430.56366 42.134155 70.05973 0.5531837
truck 391.7669 431.54178 72.54256 132.97568 0.7722699
car 371.39563 394.3515 93.33025 126.72655 0.38033384
car 346.8704 377.27335 101.99462 135.93875 0.82692623
--
truck 445.19904 467.56412 47.209282 82.36159 0.41744488
truck 408.86404 430.26895 42.312714 70.21066 0.5211373
truck 392.11493 431.6087 73.48933 132.62415 0.7806091
car 377.5737 400.04355 69.656624 97.81535 0.3234845
car 371.35242 394.44528 92.88056 126.69352 0.43954688
car 346.89963 377.15912 101.987305 135.93657 0.8227169
--
truck 444.9408 467.50055 46.731537 82.664665 0.45654917
truck 408.63007 430.5312 42.226097 69.97143 0.51476
truck 391.78442 431.65765 72.43605 132.78075 0.7542653
car 371.3816 394.39145 93.15171 126.6418 0.43396106
car 346.8664 377.19644 101.98204 135.91939 0.8318159
--
truck 408.4638 430.4538 42.09886 69.841545 0.50397867
truck 391.86035 431.98322 73.65432 132.52332 0.7656901
car 371.3935 394.3834 93.11106 126.64928 0.42449757
car 346.89944 377.1477 101.956726 135.96559 0.82295513
--
truck 409.09338 430.8102 42.124973 69.49521 0.5255197
truck 392.0116 431.98145 72.952095 132.67459 0.73974127
car 371.36368 394.38495 93.13688 126.64423 0.44054338
car 346.8822 377.13553 101.99554 135.93971 0.83463913
--
truck 409.08954 430.93552 42.16641 69.19234 0.5033597
truck 392.0597 432.1715 72.8504 132.72658 0.70450336
car 371.17096 394.51288 93.583 126.707275 0.47595417
car 346.7634 377.25882 102.057816 135.89537 0.8418323
--
truck 442.74164 467.15076 48.14287 86.03121 0.39456707
truck 409.06476 431.09827 41.88246 69.4044 0.5234715
truck 391.9619 431.67462 73.50046 132.56418 0.7101156
car 371.16217 394.49222 93.24527 126.785866 0.42848545
car 346.78748 377.22922 102.095795 135.8876 0.81802034
--
truck 409.09335 431.1847 41.922195 69.68266 0.5313598
truck 391.82562 431.6412 74.290924 132.42403 0.74811333
car 371.1344 394.4985 93.03568 126.79963 0.4655895
car 346.82336 377.0262 102.049355 135.9109 0.82741797
--
truck 377.49692 400.09564 69.6483 98.03958 0.30563706
truck 442.64517 467.37677 48.42138 86.99253 0.3425407
truck 409.12354 431.2198 41.73574 69.603745 0.5096307
truck 391.81622 432.27853 73.55357 132.61255 0.78338844
car 371.57385 394.36148 92.726585 126.542114 0.39269066
car 346.74802 377.14423 102.27591 135.74644 0.78293693
--
truck 409.23053 431.3086 41.76773 69.49206 0.49509186
truck 392.25195 433.09778 73.52715 132.47034 0.7776276
car 371.59427 394.34335 92.81044 126.595116 0.3846187
car 346.7382 377.21008 102.278046 135.7465 0.78289706
--
truck 409.2229 431.15692 42.251053 69.03174 0.47122318
truck 392.06808 433.41492 73.66204 132.44281 0.7410116
car 371.60022 394.37384 92.67106 126.60931 0.36715692
car 346.73758 377.12497 102.40932 135.74147 0.77827984
--
truck 409.25873 431.2142 42.06143 69.64896 0.5017688
truck 392.3748 433.50812 73.32326 132.48595 0.72597396
car 371.6142 394.36124 92.592064 126.64007 0.3764748
car 346.74503 377.13538 102.41753 135.74193 0.78313696
--
truck 409.14725 430.93307 41.81304 69.56741 0.48879865
truck 392.1505 433.0957 74.06717 132.52971 0.7776204
car 371.6122 394.3579 92.69534 126.604774 0.3648155
car 346.74384 377.1741 102.41474 135.73355 0.77374315
--
truck 442.4506 465.5914 54.40744 90.07915 0.31936914
truck 409.11417 430.62552 41.826267 69.83593 0.48225996
truck 392.11703 432.6717 74.31176 132.64154 0.7985569
car 371.61545 394.33694 92.71301 126.60967 0.36707827
car 346.74924 377.14084 102.40012 135.7394 0.78287464
--
truck 409.21576 430.9171 41.649017 69.382675 0.4244199
truck 392.0695 433.09628 73.34753 132.62415 0.7814328
car 371.62894 394.34552 92.92863 126.5189 0.3843014
car 346.7384 377.13513 102.3985 135.7563 0.7904335
--
truck 408.9501 430.866 41.41051 69.40918 0.42971125
truck 392.2031 432.98328 72.713066 132.67065 0.7242583
car 371.64386 394.36823 92.82853 126.58859 0.3653068
car 346.73297 377.12466 102.50789 135.69704 0.7935407
--
truck 408.96686 430.8158 41.383823 69.3527 0.42624712
truck 392.1261 432.9641 72.639755 132.72018 0.7330484
car 371.6182 394.36966 92.79675 126.586235 0.3720183
car 346.72998 377.0642 102.59311 135.68245 0.80212855
--
truck 408.85687 430.86963 41.63129 69.34114 0.37394556
truck 392.29285 432.74313 73.50759 132.73969 0.72601044
car 371.61874 394.41156 92.74555 126.60642 0.38202006
car 346.65134 377.05194 102.577385 135.73193 0.8141797
--
truck 408.9381 431.0243 41.39734 69.61156 0.3606351
truck 392.4175 432.7053 74.146515 132.60257 0.7392595
car 371.5879 394.4592 92.67769 126.61944 0.39218822
car 346.65765 377.0374 102.57771 135.76233 0.8068914
--
truck 409.04102 431.03674 41.611023 69.51075 0.34757778
truck 393.33752 431.11322 81.32336 133.65039 0.73004586
car 371.6115 394.46802 92.58215 126.527245 0.39386892
car 346.6967 377.1215 102.683876 135.71788 0.8259847
--
truck 408.46045 430.72958 42.213593 69.244576 0.34384242
truck 392.10123 432.26547 73.43108 132.5748 0.8177871
car 371.45737 394.98755 92.08627 127.00819 0.3758604
car 346.83386 376.70752 102.678246 135.68417 0.8768248
--
truck 408.5356 430.74442 42.252163 69.27347 0.35760888
truck 392.208 432.31226 73.609184 132.44823 0.7958857
car 371.4601 394.98132 92.11537 126.99669 0.38262534
car 346.82294 376.74728 102.66652 135.68045 0.8837067
--
truck 408.67834 431.19464 42.68189 69.25189 0.35599783
truck 392.03622 432.26157 73.57436 132.38562 0.82147735
car 371.48026 394.95654 92.16589 126.99998 0.376836
car 346.8224 376.74686 102.70094 135.67935 0.88099265
--
truck 408.2199 430.58218 42.98611 68.82813 0.38725945
truck 392.00003 432.02774 73.21883 132.58775 0.7948356
car 371.4932 394.94934 92.17604 126.98537 0.37466547
car 346.8384 376.7237 102.710175 135.66832 0.87640405
--
truck 408.19794 430.77142 43.11052 68.49691 0.3568147
bus 391.80005 432.34113 73.30294 132.66924 0.39871594
car 371.4507 394.94272 92.25311 126.95272 0.40391308
car 346.8233 376.73056 102.699104 135.66197 0.8839348
--
truck 408.1119 430.67892 43.06297 68.50104 0.36428815
bus 391.76947 432.36078 73.27769 132.67406 0.39148077
car 371.45367 394.93597 92.26007 126.948715 0.40035358
car 346.8124 376.7407 102.71071 135.66292 0.88424855
--
truck 408.37622 430.6795 42.73649 68.55821 0.3551625
bus 392.4267 433.18802 73.418915 132.2261 0.40286013
car 371.45282 395.00195 92.15393 126.97285 0.40102243
car 346.82098 376.7094 102.68127 135.67596 0.893532
--
truck 408.59595 430.53952 42.813408 68.28517 0.34318802
bus 392.42328 433.36676 72.82374 132.206 0.38630557
car 371.49017 394.94376 92.11801 126.98308 0.37495595
car 346.8237 376.74463 102.661766 135.6842 0.88869447
--
truck 392.4675 433.40833 72.957184 132.22475 0.78411764
car 408.5696 430.63382 42.98763 68.12941 0.33489874
car 371.4545 394.95276 92.17435 126.959854 0.38756725
car 346.82034 376.7422 102.76522 135.66162 0.89230037
--
truck 392.54248 433.3535 73.1236 132.0608 0.7794665
car 408.7131 430.54675 43.08914 68.07557 0.3843948
car 371.47098 394.94476 92.22378 126.89285 0.39170077
car 346.8351 376.71106 102.799065 135.5449 0.8961131
--
truck 392.533 433.669 71.9662 131.95609 0.7544315
car 371.46475 394.94608 92.29726 126.87033 0.38241765
car 408.50897 430.54947 43.014877 68.202774 0.3971742
car 346.84152 376.7132 102.81231 135.55513 0.89445627
--
truck 393.0105 430.89624 82.20552 133.21758 0.7472301
car 371.47446 394.95413 92.28138 126.90355 0.3696859
car 408.53827 430.82452 42.791878 68.345665 0.38563865
car 346.85272 376.6967 102.78609 135.58586 0.89307827
--
truck 393.1942 433.74332 70.50848 132.1283 0.78650177
car 371.49515 394.7749 92.443405 126.80789 0.36195096
car 408.52542 430.86566 42.556377 68.73675 0.37172484
car 346.92596 376.82535 102.58679 135.73308 0.88730645
--
truck 393.33487 433.89352 70.69576 132.13907 0.7599903
car 371.4764 394.82294 92.37886 126.818085 0.38501665
car 408.51294 430.79938 42.52453 68.7601 0.39033052
car 346.96912 376.71277 102.669266 135.71603 0.88098335
--
truck 393.04807 431.1239 81.45573 134.09135 0.74466664
car 371.55304 394.51663 92.60342 126.9985 0.31318846
car 408.49048 430.6376 42.533928 68.79526 0.32666123
car 346.9722 376.87875 102.53202 135.79637 0.85940266
--
truck 392.60794 431.54285 81.506035 134.12898 0.7666599
car 408.2649 430.5642 42.772232 68.883705 0.32642454
car 371.5432 394.539 92.46781 127.08406 0.34547856
car 346.9838 376.85654 102.44551 135.83914 0.85545725
--
truck 391.81213 429.85086 81.94215 134.06131 0.77137756
car 407.94263 430.1766 43.14171 68.85012 0.34138846
car 371.34534 394.57083 92.332375 127.22295 0.3948153
car 346.98856 376.81845 102.34168 135.87491 0.8486413
--
truck 391.4571 429.8906 81.92853 134.178 0.7263746
car 407.91852 430.24005 43.03461 68.89099 0.33666283
car 371.42834 394.52866 92.34368 127.12727 0.38498574
car 346.9726 376.912 102.22168 135.89934 0.8494929
--
truck 389.32922 429.89105 73.664925 133.95969 0.80036545
car 407.79272 430.04852 42.925087 69.05499 0.32753146
car 371.68228 394.31635 93.038635 126.94748 0.37486422
car 347.04767 377.2141 102.179115 135.92526 0.8241365
--
truck 365.99173 397.49622 70.44583 126.91222 0.33883765
truck 388.62146 430.8932 72.53102 134.51166 0.7963704
car 407.85446 430.0136 42.636726 68.577515 0.33373648
car 346.75797 376.7562 102.92381 135.84978 0.8505162
--
truck 367.00308 397.55606 70.83746 126.91824 0.4346598
bus 389.18378 430.93033 73.13009 134.16566 0.4369748
car 407.80038 429.8774 42.535603 68.89408 0.34978402
car 346.89926 376.13028 102.80876 135.91579 0.88649976
--
truck 366.41702 397.18018 71.12182 126.935326 0.4023699
bus 389.25882 429.97507 73.495 133.76022 0.4287678
car 407.68375 429.64587 42.536182 69.32369 0.36343133
car 346.89688 376.2966 102.74974 135.8387 0.86267024
--
truck 388.85596 429.39792 73.39054 134.10257 0.8045594
car 346.57245 376.86227 102.76759 135.67293 0.864626
--
truck 388.94473 428.60898 73.16524 133.95361 0.8069504
car 371.1356 393.45483 94.89634 126.363396 0.30234313
car 407.9006 429.75928 42.283707 69.938194 0.3218555
car 346.17545 377.18973 102.91921 135.66252 0.8959408
--
truck 365.6493 395.17825 68.73433 125.86802 0.43335682
truck 390.23688 427.25278 81.804726 134.25574 0.77844423
car 408.2594 429.5675 42.669353 69.47419 0.3417318
car 343.55334 373.73108 103.5966 136.03998 0.86052465
--
truck 366.58417 396.03262 68.91563 125.32463 0.422689
bus 388.88202 428.25137 72.70446 133.98688 0.4268336
car 408.36078 429.7661 42.701035 69.3265 0.34259033
car 343.7401 373.66763 104.17611 136.37775 0.91264826
--
truck 390.3403 426.89267 83.01101 133.92264 0.7144687
car 408.31946 430.04532 42.5703 69.12432 0.32485646
car 371.60947 393.1283 93.414665 126.16903 0.3846431
car 343.51688 373.7162 103.48237 136.98389 0.8561512
--
truck 390.34595 426.8046 82.73682 134.39998 0.769998
car 408.47177 430.03415 42.42975 69.45511 0.33721447
car 371.37775 392.9653 93.35101 126.2683 0.35355353
car 343.24368 373.8782 103.89316 136.8557 0.87418854
--
truck 390.28024 426.53116 82.67783 133.86223 0.7265935
car 408.3994 430.1723 42.68293 68.99885 0.34486708
car 369.78506 393.03546 93.72244 126.25961 0.6036664
car 343.33472 373.39777 103.98639 137.29868 0.88228416
--
truck 408.4816 430.28513 42.08069 68.86092 0.38627777
truck 389.85004 427.05975 83.41195 133.45203 0.78067666
car 342.3127 373.67697 103.96945 136.2346 0.701693
--
truck 408.5752 430.28714 42.440823 68.8044 0.41855398
truck 389.91296 426.52005 83.34901 133.39764 0.7912297
car 342.56305 373.6751 103.58704 137.43153 0.5934921
--
truck 389.8355 426.6234 82.94051 133.67915 0.81305325
car 408.34503 430.3965 41.989952 69.11961 0.33475512
car 370.28284 392.80606 92.8143 126.56602 0.35176107
car 342.27698 374.1692 103.86338 138.48875 0.7463949
--
truck 389.84238 427.21536 83.03896 133.75777 0.87270045
car 408.4077 430.32205 42.087925 68.884995 0.4362411
car 369.9808 393.27994 91.97681 127.11967 0.52833307
car 341.90103 374.11655 103.902275 139.42093 0.8859567
--
truck 369.50443 392.66168 90.31765 127.773026 0.47112098
truck 389.39417 427.02896 82.35663 134.48375 0.8616702
car 408.55795 430.453 42.06114 69.07437 0.4065481
car 341.83923 374.35287 104.05331 140.40695 0.8596943
--
truck 369.5826 392.32037 90.021576 127.63481 0.38986138
truck 389.16104 426.86508 82.56833 134.7183 0.8271701
car 408.44086 430.4882 42.049805 69.09491 0.39192575
car 341.808 374.29877 104.177795 140.38214 0.9074206
--
truck 386.2184 422.43314 82.873405 134.25186 0.83735627
car 408.65295 430.42746 42.669254 68.69872 0.4236922
car 368.8046 391.31906 92.22177 126.76506 0.46734476
car 340.9269 372.99063 104.87938 140.14095 0.9037509
--
truck 385.27243 423.85233 82.475006 134.71535 0.8721192
car 369.56647 391.53973 90.419495 127.0295 0.3761962
car 408.27435 430.62003 42.60212 68.664276 0.46327624
car 340.23666 373.81815 103.48397 141.16652 0.90430343
--
truck 383.25702 423.79916 82.204956 138.38661 0.8097486
car 408.1872 430.48663 42.22285 68.863205 0.483685
car 340.0565 371.24783 109.202736 142.29985 0.90754473
--
truck 381.87292 425.14127 83.16507 142.0087 0.89736146
car 364.6284 387.5658 94.66769 127.63225 0.32994148
car 408.22195 430.662 41.916607 68.819176 0.4736418
car 339.06915 370.67728 108.94687 143.2651 0.8965068
--
truck 381.8077 425.05426 83.04015 142.06068 0.88758326
car 364.54962 387.63974 94.65604 127.724304 0.3308082
car 408.21756 430.63123 42.002663 68.77961 0.48867503
car 339.10458 371.0641 108.75216 143.47969 0.8971455
--
truck 379.83505 425.42944 83.026855 144.03065 0.86095834
car 408.1251 430.63687 41.781357 69.02844 0.474362
car 338.2761 371.24542 107.807045 144.27112 0.9403234
--
truck 379.34525 424.74036 82.365776 144.88022 0.86421126
car 408.24103 430.6258 42.043064 69.11728 0.4426263
car 338.09167 370.85025 107.99301 144.43193 0.94095373
--
truck 375.3471 420.76657 85.201805 146.13177 0.91497827
car 408.58704 430.67624 42.340023 69.36037 0.42124218
car 335.60745 369.3432 109.325 145.4095 0.9005442
--
truck 374.97903 419.9341 85.450096 146.31157 0.92287844
car 408.63385 430.7046 42.337933 69.395294 0.43134728
car 335.82785 368.73962 109.87905 145.62332 0.91100705
--
truck 375.00146 419.8869 87.79373 146.8124 0.84537596
car 408.81213 430.97443 41.908554 70.1539 0.38203922
car 332.80246 372.0236 108.170166 146.4637 0.8449794
--
truck 374.49683 420.55594 87.894485 148.81262 0.8525612
car 408.93564 430.96085 41.876003 70.09159 0.3909573
car 331.70624 366.81973 109.29569 148.26337 0.8962596
--
truck 370.63318 416.66263 87.56861 151.15631 0.83629084
car 409.04025 430.97382 41.729916 70.04859 0.38435882
car 328.7397 368.43198 109.11891 150.74487 0.94843143
--
truck 370.69885 417.03134 87.84373 151.4222 0.8242563
car 408.93497 431.09 41.660557 70.07248 0.37528086
car 328.7667 367.5583 109.3186 151.64795 0.9329887
--
truck 368.71262 417.01343 87.59922 152.2416 0.84688437
car 408.53003 430.97443 41.800167 69.43222 0.33673105
car 328.17953 368.8364 109.041084 152.72174 0.90017515
--
truck 367.99597 416.1522 86.898506 153.64392 0.8758936
car 408.5809 431.14905 41.784336 69.28798 0.36529577
car 327.09558 368.71866 109.25353 153.60098 0.79759574
--
truck 365.50705 415.54633 82.63393 156.06392 0.90234107
car 408.59763 431.0637 42.101612 69.02799 0.40315837
car 323.70276 367.5671 109.86616 152.5768 0.82905895
--
truck 364.29263 415.46146 82.94981 157.13448 0.9093774
car 408.4394 431.1014 42.088276 69.069244 0.3900044
car 322.7853 356.59875 117.24659 153.98721 0.800262
--
truck 363.2233 415.60632 82.4032 157.5974 0.9323256
car 408.35068 430.8053 42.312138 68.87699 0.37346193
car 322.45206 354.9931 118.723564 154.01724 0.8881012
--
truck 361.56268 415.8185 82.1526 158.53989 0.93457025
car 407.91376 431.12344 42.13893 68.977844 0.35494217
car 319.28204 357.25473 117.112885 155.50821 0.7756779
--
truck 361.79062 415.50085 80.6972 158.63005 0.90293556
car 407.88196 431.05408 42.136593 69.049416 0.34343722
car 318.9492 357.32855 117.316864 155.73914 0.7973677
--
truck 361.29456 416.00955 81.63235 158.62584 0.8904097
car 408.00146 431.22147 42.006477 69.19997 0.35789716
car 317.50955 355.4171 118.37127 156.59026 0.8000871
--
truck 358.93582 410.72336 82.12804 161.11694 0.90719783
car 407.97354 430.898 42.339127 68.92915 0.36446396
car 312.38657 349.55606 122.24612 161.20699 0.8401854
--
truck 358.3472 410.6092 81.781456 161.4299 0.90743214
car 407.91382 430.8657 42.47501 68.655 0.35869792
car 311.64252 350.0971 122.04337 161.20961 0.8288616
--
truck 358.28027 409.42615 82.997665 160.8348 0.9083478
car 408.03403 430.91278 42.627075 68.59688 0.38127857
car 309.75427 349.16666 125.89624 162.40007 0.9145535
--
truck 357.68457 408.2389 81.49067 162.00052 0.8830205
car 408.10196 430.62128 42.658905 68.7376 0.38311222
car 308.46234 349.04138 126.715805 162.44296 0.9354912
--
truck 353.85602 410.77264 91.79226 164.82182 0.87918997
car 408.1375 430.79413 43.14342 69.04106 0.35002765
car 305.4525 348.7514 126.8604 163.0923 0.82878387
--
truck 351.8366 410.04773 91.75882 166.03183 0.8575576
car 408.21146 430.93903 43.036613 69.273865 0.35371116
car 304.88007 344.68344 127.2676 164.28395 0.81712836
--
truck 304.40564 354.41144 114.886696 167.33319 0.8167741
truck 350.46548 409.70602 90.96357 166.6269 0.9027354
car 408.2928 430.97748 43.20543 69.33038 0.36593685
--
truck 346.43668 406.0407 91.376465 169.19817 0.7508666
car 408.3184 430.98553 43.452343 69.01178 0.38833207
car 300.96228 340.9429 128.78122 169.13876 0.88456255
--
truck 345.99298 400.0084 90.01213 169.15625 0.79387575
car 408.35324 430.9239 43.89364 68.71974 0.42301384
car 398.8111 440.85016 111.23972 145.8355 0.5112918
car 300.01624 339.88248 128.52534 169.81058 0.67852134
--
truck 399.39478 441.95627 72.29499 130.43105 0.3672683
truck 345.29718 398.09067 91.797775 170.66266 0.86501336
car 408.37802 430.76025 43.876923 68.767265 0.4323915
car 298.2369 338.99484 129.03256 171.81969 0.78859526
car 398.30255 439.6766 112.5009 144.83582 0.8498345
--
truck 398.9724 441.93668 71.76489 131.35751 0.35116643
truck 343.7987 398.69672 88.31799 171.82088 0.868784
car 408.15982 430.84692 44.11239 68.73594 0.4075856
car 396.52087 439.98312 112.52718 146.47327 0.84664816
car 291.83224 331.86166 135.90152 172.87779 0.91072357
--
truck 398.66794 442.06638 71.95218 131.99338 0.31237692
truck 343.98523 398.1668 89.6526 172.88751 0.83492875
car 408.13266 430.93042 43.81705 68.92198 0.3900433
car 396.08823 439.70132 112.85477 146.31311 0.8335245
car 291.70035 332.33218 135.72197 173.11502 0.9577944
--
truck 342.891 399.4106 89.55853 172.12196 0.7802182
car 408.25516 431.10913 43.33284 69.26922 0.31717813
car 395.40393 440.1771 113.11499 145.91643 0.79439455
car 290.81085 331.98096 136.01326 173.42387 0.9688455
--
truck 393.88065 447.03854 71.83503 129.20486 0.37249893
truck 343.25336 398.6278 85.62041 175.98053 0.8081778
car 408.22565 431.00583 43.372864 69.42577 0.31099263
car 395.0787 439.40735 113.49154 146.7458 0.6905173
car 288.49188 331.82446 136.22641 174.3665 0.88570946
--
truck 393.45703 447.51852 72.01651 129.0866 0.31219578
truck 343.2014 398.42676 85.88362 176.1833 0.785187
car 408.3599 430.819 43.958927 68.92704 0.36376572
car 394.48972 439.7202 114.15991 147.31749 0.551272
car 285.86902 330.51224 136.32121 175.82483 0.8645545
--
truck 337.83594 396.02463 97.618126 179.06525 0.7419387
bus 337.83594 396.02463 97.618126 179.06525 0.3360636
car 408.36115 430.8878 44.24548 68.47996 0.3558002
car 391.88266 434.8265 114.90813 147.50415 0.41313514
--
truck 390.82004 446.99866 71.19785 127.92217 0.37025198
truck 338.4583 395.8882 98.088264 181.93982 0.793589
bus 338.4583 395.8882 98.088264 181.93982 0.39245576
car 408.5346 430.72562 44.37214 68.3867 0.33118498
car 391.31552 435.1781 114.91105 147.26048 0.5425515
--
truck 337.82413 391.4116 100.184456 180.61037 0.66472197
bus 335.36554 395.12125 98.36272 182.7121 0.6113319
car 389.19223 432.91553 115.34404 148.40945 0.85275364
--
truck 332.3648 395.05548 98.167564 181.86473 0.72665894
car 268.02966 320.19952 140.5522 186.07164 0.7997605
car 388.35602 432.33276 115.690414 148.83089 0.8190664
--
bus 326.58453 393.13858 106.94337 186.22891 0.65914214
car 267.64346 313.23203 141.14204 191.88536 0.862087
car 388.1473 431.88846 120.48344 150.53146 0.900157
--
bus 326.66956 393.1422 107.05889 185.9939 0.67275184
car 267.56018 313.1087 141.18661 191.66522 0.83165437
car 388.06207 431.92825 120.45358 150.53662 0.8948949
--
bus 325.1276 391.8177 107.37778 187.12326 0.7114298
car 260.41257 314.72778 143.85371 192.27373 0.8885783
car 387.34515 431.32953 121.82021 150.80595 0.9401101
--
bus 324.007 392.75873 107.651535 187.55081 0.74045044
car 259.2187 312.74936 143.47998 193.34406 0.8755676
car 387.11768 431.80743 122.32433 150.75677 0.9331851
--
truck 322.3629 390.5759 92.39109 189.1864 0.6769185
car 254.41518 311.02258 145.83182 196.5237 0.8702771
car 385.04468 432.5194 122.397446 151.61891 0.95248276
--
truck 320.81693 387.24084 110.39622 189.73459 0.6921831
car 250.37054 299.1356 146.71707 200.44177 0.8076104
car 384.40808 433.34277 122.79288 151.56744 0.9496965
--
truck 320.3861 387.01837 110.54388 190.50826 0.663574
car 249.64188 297.83368 147.67264 201.78873 0.8813794
car 384.30292 432.93198 123.11369 151.49057 0.95970935
--
truck 320.16788 385.00516 113.21446 192.40498 0.7379868
car 408.2796 431.00595 43.59286 68.029175 0.35402006
car 241.14203 295.82928 156.71419 205.14809 0.77642447
car 383.64578 434.4034 124.54622 152.71797 0.97725403
--
truck 320.2049 384.92328 113.25827 192.41898 0.757123
car 408.23837 430.94763 43.67514 67.99976 0.3667804
car 241.17854 295.625 156.70102 205.16768 0.77415127
car 383.6849 434.25244 124.54112 152.70659 0.97848064
--
bus 315.37735 380.68036 116.19804 197.32516 0.76286566
car 408.37872 430.7128 43.598804 68.64073 0.30545226
car 230.85986 283.7789 160.02742 211.04715 0.8959244
car 380.6545 435.88913 125.573944 155.4538 0.9897419
--
bus 314.03467 379.30524 116.5267 198.01573 0.72760713
car 408.3734 430.70306 43.52901 68.80335 0.30688635
car 354.23834 369.2284 101.078285 115.737976 0.3539576
car 229.39436 283.38568 161.07428 211.31683 0.9633879
car 381.0669 434.59497 125.73599 155.451 0.9884634
--
bus 311.48163 379.17584 116.82174 198.86249 0.7443849
car 408.38116 430.71338 43.656292 68.66973 0.31292266
car 353.82452 369.71808 101.621414 116.22226 0.41460833
car 226.16878 282.60297 161.86433 213.7949 0.9855438
car 381.09616 434.26215 125.88053 155.72255 0.989618
--
bus 308.58795 376.47653 116.523346 198.65784 0.7534408
car 408.3134 430.79346 43.67402 68.54791 0.3080247
car 354.04565 370.17535 101.64817 116.60208 0.51100004
car 222.22333 278.83438 163.33136 216.39331 0.9830756
car 379.59528 429.40802 125.68747 155.35443 0.9851313
--
truck 306.1027 376.09174 116.75836 199.66943 0.72508866
bus 377.81497 440.74612 79.469215 142.34584 0.45861632
car 408.5744 430.86783 44.00781 68.34894 0.34331948
car 354.2599 370.24054 101.38293 117.98868 0.68191296
car 216.19014 275.5799 165.0937 220.34511 0.87701255
car 378.86606 430.21417 125.580124 156.84996 0.97844213
--
bus 377.20786 441.35205 79.11908 141.56831 0.3868951
bus 303.88937 374.27493 117.04629 199.61967 0.66880333
car 408.69867 430.59796 43.690163 68.19048 0.4155191
car 353.76416 369.98212 101.7705 118.874626 0.53920394
car 210.03906 268.57312 167.54747 223.06757 0.9569225
car 377.83527 430.43277 125.73078 157.11528 0.98094743
--
bus 378.25278 440.79407 79.19526 141.82663 0.32009047
bus 299.78494 374.90286 117.33958 211.29993 0.8561488
car 353.53918 369.84775 101.86088 119.11922 0.37082797
car 408.54285 430.59827 43.70594 68.07844 0.43758225
car 377.55884 429.8869 125.95635 157.36034 0.96543443
car 208.67091 266.8541 171.91472 227.82318 0.98336124
--
bus 298.34192 372.87003 120.8608 210.97273 0.9559034
car 408.6924 430.33838 44.03961 68.06881 0.44500482
car 377.4152 431.89044 130.33234 158.22905 0.9627799
car 204.63477 263.97797 173.116 228.58875 0.98726505
--
bus 297.35056 371.81467 121.24383 211.07474 0.94430244
car 408.4406 430.65656 43.917118 68.15403 0.43215638
car 377.01273 432.28482 130.0205 158.57909 0.95968676
car 199.92946 260.49548 175.00377 229.81305 0.98994225
--
bus 296.86234 371.65396 121.78759 213.14929 0.9007753
car 408.37616 430.89044 43.630337 68.575226 0.4027476
car 376.64624 432.33655 129.87566 158.73584 0.9638433
car 196.06517 259.11313 177.19269 232.64326 0.970258
--
bus 296.43466 369.9552 122.95814 217.4939 0.8975238
car 408.64282 430.53085 44.280685 68.45215 0.42632824
car 376.37186 430.81577 130.17789 159.08968 0.97631973
car 189.15659 252.10497 180.77608 237.7783 0.98823375
--
bus 294.86514 371.24234 122.793274 218.55197 0.88662666
car 408.62552 430.67926 44.20092 68.5563 0.3974973
car 376.60693 430.2048 130.53885 159.09988 0.9812002
car 185.95459 250.38669 181.49318 240.35307 0.9914459
--
bus 291.3247 364.54785 123.1377 220.44456 0.89372647
car 408.22665 430.63818 44.593525 68.27202 0.4017194
car 182.3499 247.9866 181.05443 243.12169 0.94051343
car 376.5519 431.05835 131.36707 158.81288 0.98250276
--
bus 285.4273 370.02194 131.16652 217.75566 0.84989244
car 408.13596 430.52347 44.695847 68.180725 0.41674212
car 170.95685 240.59818 186.57332 250.79063 0.9121843
car 375.89474 430.06564 131.92274 158.84177 0.9741181
--
bus 281.07922 368.49298 133.72517 221.0028 0.94405866
car 408.2653 430.80597 44.600494 68.63959 0.32470983
car 162.95885 233.70207 192.3067 255.4989 0.96986705
car 374.88275 428.176 132.1172 159.33197 0.98229706
--
truck 369.23438 433.80728 88.18049 136.44765 0.31858838
bus 280.38547 368.29462 132.80203 221.97578 0.96723366
car 408.344 430.84457 44.782574 68.55354 0.34645295
car 158.95609 232.11113 194.17691 257.0502 0.96648496
car 374.56638 428.73563 132.2813 160.03497 0.9867107
--
truck 368.1181 434.5219 87.78045 137.61476 0.30465162
bus 276.8195 366.48593 133.06737 224.24606 0.9642494
car 408.14636 430.66135 44.80189 68.60141 0.34732175
car 154.15009 226.1427 194.22607 260.84048 0.82319564
car 374.01038 428.56848 132.48013 160.81879 0.9877898
--
truck 368.35898 433.89166 87.80663 138.20288 0.30735514
bus 275.24573 364.92523 133.7056 227.90082 0.951158
car 408.15985 430.71667 44.77105 68.48314 0.38824722
car 150.26634 224.68997 195.27327 264.6671 0.91152805
car 374.17142 428.83932 132.81046 160.97893 0.98791325
--
truck 368.4259 436.21973 65.74814 133.59921 0.40781862
bus 273.011 360.91846 134.78973 230.8659 0.88965964
car 408.2119 430.74472 44.569366 68.28904 0.42374587
car 145.2422 219.03485 196.92508 268.85892 0.96748513
car 374.64932 428.37738 132.32619 161.05254 0.9871689
--
truck 367.70538 436.4242 84.73598 138.8827 0.4712484
bus 267.99643 352.2294 136.75807 235.75699 0.9151221
car 408.26276 430.66522 44.77981 68.13842 0.4159918
car 135.55171 209.53418 202.00433 273.11316 0.99025065
car 373.34195 428.57367 133.37611 161.67337 0.99175835
--
truck 367.67285 436.21387 84.853424 139.22845 0.45854864
bus 266.68463 350.0827 136.52893 236.46147 0.9309588
car 408.32147 430.72906 44.775173 68.15162 0.41162965
car 373.1382 428.54416 133.08846 161.76262 0.98966986
car 131.23323 207.82594 201.64185 275.38205 0.9980636
--
truck 369.03864 435.50928 86.922005 137.35783 0.44997793
bus 263.38614 347.6935 134.0257 240.5548 0.8894648
car 408.40286 430.6931 44.72565 68.36008 0.40139967
car 122.130974 205.31564 205.92241 279.24084 0.9828052
car 372.61847 428.16916 133.4023 162.0869 0.9912873
--
truck 369.26813 435.43555 86.46619 138.01369 0.41999206
bus 260.68655 346.30054 135.31804 242.87788 0.9535415
car 472.4191 479.94672 46.95879 61.727196 0.3087619
car 408.2749 430.60004 44.954117 68.43041 0.42462614
car 121.66976 199.36496 208.57109 282.02948 0.98575294
car 372.60678 427.872 133.35202 162.16832 0.9923264
--
truck 369.31952 433.4592 88.50511 138.31036 0.44883174
bus 259.90057 340.6018 139.83577 243.21025 0.87499636
car 408.23624 430.55743 45.088352 68.35855 0.43895647
car 114.41402 194.04893 211.8312 287.5492 0.9538607
car 371.82178 426.72693 133.70938 163.40974 0.99006134
--
truck 250.85756 344.54706 144.1586 255.40604 0.6720983
truck 101.65558 200.27112 221.23882 293.9967 0.8060904
bus 248.1032 339.3441 141.36395 238.00502 0.83413184
car 408.27853 430.4007 44.938034 68.45275 0.46820655
car 371.06552 427.76752 134.80603 163.67787 0.9886072
--
truck 368.50092 432.50403 87.65488 139.10222 0.5291943
bus 249.29443 337.65262 142.82346 239.12773 0.8790779
car 408.30652 430.3974 45.042507 68.48818 0.44371772
car 99.19992 186.3129 217.1633 295.916 0.9497842
car 370.40512 428.09393 135.18631 164.41484 0.9850007
--
truck 368.10663 432.61484 86.33011 140.40314 0.36255515
bus 246.35931 337.53342 140.96478 247.0326 0.8096841
car 408.29428 430.41565 44.629875 68.67513 0.3639877
car 370.21884 427.65588 135.31406 164.83376 0.9740706
car 79.87188 174.4991 227.79868 302.9395 0.98530275
--
truck 368.01926 433.27002 86.263176 140.68492 0.31473705
bus 244.4853 338.1072 140.43079 248.05736 0.9162823
car 408.23056 430.3695 44.50766 68.705635 0.380919
car 79.72554 171.78825 227.84769 307.43256 0.9599155
car 370.13342 427.80902 135.5005 164.86723 0.9758913
--
truck 238.42052 337.11877 147.2526 260.73355 0.3150792
bus 240.5825 341.6718 147.68495 258.09433 0.95194656
car 408.29724 430.4789 44.6813 68.71183 0.42425397
car 69.50245 167.07338 236.70102 312.85468 0.9507717
car 370.2368 426.70355 135.10739 165.57938 0.96609247
--
bus 234.86177 338.73727 146.77353 261.8176 0.9563135
car 408.32477 430.63153 44.265026 68.87819 0.42795622
car 57.442245 158.06705 240.50381 315.1539 0.8979265
car 371.02454 425.58463 134.673 166.13202 0.9652793
--
bus 233.11674 336.78934 147.6113 262.60855 0.9727173
car 408.31934 430.58517 43.818672 68.8904 0.40786663
car 55.30371 155.1763 239.94667 320.25317 0.8377906
car 371.1775 425.2956 134.63641 166.63771 0.95449126
--
truck 369.23383 450.57645 42.127605 153.46886 0.3106498
bus 228.43399 329.94754 149.69275 266.93588 0.9686257
car 408.0164 430.6112 43.453785 68.951035 0.40251386
car 40.096714 143.23245 244.084 330.2901 0.83257025
car 367.65045 421.97546 134.87592 167.0295 0.9384112
--
truck 369.4067 450.61917 42.042114 153.69542 0.3117591
bus 228.26584 330.03137 149.485 267.10944 0.97118896
car 408.06076 430.67462 43.55429 68.89755 0.3951324
car 39.99086 143.09702 244.5766 329.78836 0.8399692
car 367.6407 421.98706 134.87103 167.11632 0.93961173
--
truck 222.32587 324.75552 160.02959 277.74466 0.44168937
truck 30.293934 130.01656 249.13261 340.24524 0.71139413
bus 222.3601 325.55405 149.81248 270.89856 0.9472695
car 408.4419 430.74878 43.930527 69.0618 0.39500746
car 367.70465 422.81122 138.62994 167.72325 0.92347836
--
bus 214.85147 320.3839 147.0198 279.4584 0.9565983
car 408.52234 430.77768 44.108627 69.06904 0.33383912
car 13.194302 123.99213 261.0552 348.00787 0.8824687
car 366.3026 424.27203 138.54996 168.00443 0.9168475
--
bus 214.85008 320.5829 147.46455 279.68796 0.9675508
car 408.50403 430.8076 43.902256 69.08951 0.3464371
car 12.823548 124.0764 260.84314 348.1285 0.8917356
car 366.63116 424.024 138.52998 168.08191 0.92245024
--
bus 211.64589 316.47595 147.5896 280.9712 0.8995465
car 6.219878 112.05496 260.7826 349.59204 0.90575874
car 366.34344 424.56985 138.42902 168.01683 0.9181296
--
truck 212.55884 317.65607 159.64026 282.3965 0.32519776
bus 210.87729 315.2794 147.97078 283.25995 0.9032858
car 408.51578 430.67526 43.471073 68.85765 0.3077813
car 3.0501688 109.995735 259.43546 351.29074 0.9306706
car 366.09167 424.8211 138.37047 168.33047 0.94164014
--
truck 364.74902 440.64807 50.604973 148.85333 0.36815274
bus 196.37683 314.17758 157.94461 284.7036 0.97156537
car 408.44095 430.6175 43.11612 68.9212 0.33101594
car -0.17559528 87.42703 262.85696 349.9485 0.95927286
car 365.47742 425.34106 138.94907 168.37106 0.96194166
--
truck 364.43283 439.9706 50.772984 147.99437 0.37205073
bus 192.89383 312.26447 155.65526 297.58875 0.7778881
car 472.31314 479.96225 45.832954 62.48799 0.30434203
car 408.47614 430.47845 44.019447 68.76996 0.4310402
car -2.4060953 80.71753 263.8941 362.1018 0.7952949
car 366.00577 424.10257 138.68575 168.56311 0.96461695
--
truck 367.29944 432.13818 86.24182 144.1459 0.32033098
bus 189.8299 309.1561 154.48895 302.3358 0.81797606
car 472.343 479.95447 45.838554 62.412 0.3087274
car 408.40634 430.5 43.885956 68.87972 0.4284766
car -0.32715797 69.406555 261.95825 351.78845 0.57358253
car 365.87613 424.17963 138.94519 168.58829 0.9680521
--
truck 367.36252 432.68945 85.00164 144.96603 0.31246293
truck 369.7217 450.51337 42.84092 153.29216 0.3545661
bus 188.23734 308.0295 153.68834 301.87598 0.8887328
car 408.37622 430.48944 43.990715 68.81102 0.44070527
car 0.053272247 69.076225 261.99704 351.2391 0.80637795
car 365.47266 424.35083 138.95737 168.57854 0.9672364
--
truck 365.37296 439.32193 51.620693 149.31879 0.3482786
bus 183.65518 307.89066 152.93015 304.5261 0.6467448
car 472.28934 480.00287 45.838394 62.497528 0.3384109
car 408.76587 430.3887 43.881847 68.44617 0.5643917
car 366.9028 422.45636 140.06584 168.33473 0.9713743
--
truck 365.31497 439.6427 51.392178 149.08037 0.47654238
bus 179.90643 304.70502 150.92477 306.59702 0.75994694
car 472.33545 479.96783 45.689884 62.746803 0.3048774
car 408.70923 430.157 43.338013 68.52892 0.5086693
car 366.354 422.51862 140.05879 168.1263 0.9746534
--
truck 364.9954 439.6491 51.243347 149.39986 0.48086956
bus 178.18916 302.67242 151.33693 308.25153 0.60428864
car 472.30328 479.9461 45.688046 62.741047 0.31689185
car 408.68704 430.26825 43.25731 68.65021 0.49536636
car 366.50006 422.35272 140.21094 168.2518 0.9731765
--
truck 365.08948 439.7338 50.877953 149.16965 0.49117014
bus 173.61226 300.0996 155.90887 305.91 0.44392708
car 472.0636 480.00293 45.682556 62.80312 0.33843586
car 408.77267 430.34067 43.492233 68.80312 0.47204176
car 366.3689 422.05853 140.33456 168.16261 0.9739714
--
truck 365.5275 439.69476 51.163895 149.36638 0.5247039
bus 170.2992 294.9178 155.9418 307.51437 0.7363064
car 472.07904 479.95383 45.83009 62.599552 0.31870112
car 408.63202 430.0438 44.004185 68.652145 0.5819686
car 366.4634 422.0047 140.26262 168.15234 0.9756443
--
truck 365.92523 438.6221 51.524258 148.94528 0.39442775
bus 161.79817 286.9466 163.31671 332.23022 0.79283696
car 472.05212 480.03232 46.188347 62.067303 0.38156813
car 408.773 430.22534 43.992058 68.65602 0.5381209
car 366.68912 421.57574 140.71504 168.09528 0.9778159
--
truck 367.76938 428.76227 87.67675 144.47687 0.41420957
bus 160.4385 287.56696 166.09729 333.1127 0.8399544
car 473.0876 480.08463 46.417526 61.67895 0.32885247
car 408.2899 429.90222 43.70753 68.39163 0.44941646
car 366.2051 421.75702 140.45177 168.25954 0.9767091
--
truck 368.02682 429.37906 87.55389 144.11722 0.3640668
bus 157.48898 290.35947 169.78886 334.63766 0.81476253
car 408.22488 430.1052 43.576454 68.10367 0.49322626
car 366.30292 421.7357 140.50691 168.2257 0.97793955
--
truck 367.52344 428.1283 88.31285 144.09134 0.3450842
bus 147.28659 282.012 176.27321 332.57913 0.9600292
car 473.32657 480.13654 46.399174 61.79717 0.3146414
car 408.32047 430.07706 43.7483 68.16946 0.5166367
car 365.7715 421.95462 140.29774 168.60808 0.97615933
--
truck 367.53717 428.57956 88.16244 143.9451 0.3419462
bus 143.93689 280.3493 178.25829 332.94135 0.97108203
car 408.4832 430.1468 43.808735 68.15464 0.53385067
car 365.78833 422.01093 140.29984 168.61432 0.9741704
--
truck 366.2652 426.6422 89.05974 144.50827 0.43832272
bus 128.10571 272.4549 185.4125 338.09076 0.92384213
car 473.19623 480.25018 46.46327 61.497253 0.33287036
car 408.0376 430.03955 43.78472 68.14054 0.48654592
car 365.24557 421.88153 140.31487 168.686 0.9691458
--
truck 366.6593 426.8029 88.88647 144.63875 0.43612212
bus 126.27817 271.10797 186.88431 337.54904 0.8380601
car 473.16614 480.25217 46.481613 61.484627 0.34195092
car 407.98505 429.95844 43.805477 68.16321 0.50019354
car 365.19168 421.96313 140.31233 168.6621 0.9717051
--
truck 367.0846 427.75073 87.52812 143.88556 0.36087117
bus 114.79448 272.8988 184.60806 348.10864 0.87137485
car 473.1398 480.1989 46.61688 61.336864 0.3459354
car 407.9685 429.95593 43.729137 68.204124 0.48274446
car 365.6179 421.0569 140.39925 168.75781 0.9742346
--
truck 364.72842 439.02808 50.57936 148.09813 0.3895063
bus 111.54592 270.69098 187.05447 347.40628 0.86697555
car 473.11313 480.2222 46.62779 61.361507 0.35020602
car 408.05856 429.97385 43.93904 68.32583 0.4878238
car 365.49857 421.08612 140.58237 168.77907 0.9735895
--
truck 364.69516 438.7402 49.79465 148.99075 0.34605828
bus 102.770256 271.71024 186.93143 349.52875 0.8069135
car 473.12708 480.2107 46.675983 61.28293 0.32332543
car 408.12744 429.8125 44.36702 68.10193 0.5611631
car 365.51483 420.96292 140.75558 168.71504 0.9765123
--
truck 367.1585 429.66052 86.97532 144.7215 0.346544
bus 96.03472 259.4908 187.82645 348.74216 0.85638964
car 473.08453 480.2137 46.67095 61.3146 0.32131627
car 408.237 429.6795 44.552357 67.98329 0.5759592
car 365.3804 420.8979 140.63232 168.8026 0.9772057
--
truck 367.11185 429.0323 87.31044 144.7615 0.32913753
bus 95.10396 258.1656 189.00922 348.48328 0.77166283
car 472.87167 480.1823 46.83873 61.251965 0.33688903
car 408.3519 429.847 44.700123 68.0781 0.54556006
car 365.34833 421.18457 140.62404 168.6609 0.97592926
--
truck 367.2126 428.66534 87.80364 144.43825 0.32193738
bus 88.323746 254.7378 198.16014 353.51324 0.8321326
car 472.85187 480.18442 46.75975 61.351974 0.3321508
car 408.2971 430.07303 44.589504 68.19071 0.516203
car 365.3965 421.40652 140.6053 168.58917 0.9747036
--
truck 364.8247 438.7025 50.283897 148.80171 0.35806984
bus 85.61426 255.90091 199.0272 352.64664 0.708825
car 407.99725 429.9187 44.103268 68.28479 0.42254293
car 364.70822 421.5829 140.69418 168.53702 0.97027534
--
truck 365.0571 438.38803 50.53258 148.8818 0.3726344
bus 71.7206 247.51344 202.23401 353.20377 0.86235696
car 408.2366 429.70102 44.70678 68.0161 0.4923514
car 364.72122 421.59442 140.70607 168.50134 0.9705454
--
truck 366.77615 435.93768 62.914665 136.09189 0.34923038
bus 62.364807 247.5548 204.82138 354.9741 0.6931071
car 444.15912 457.1866 31.271988 41.535698 0.3077397
car 408.36298 429.81003 44.97986 68.06803 0.52196205
car 364.73294 421.7027 140.6135 168.52518 0.96963465
--
truck 366.96835 436.0548 62.8523 136.42885 0.3685883
bus 61.524666 246.95346 204.88655 354.1515 0.6975556
car 408.46234 429.90475 44.78721 68.17511 0.5002321
car 364.71268 421.61923 140.67004 168.51328 0.97023886
--
truck 366.86542 436.0132 62.637028 136.31207 0.35210335
bus 39.640144 237.70923 204.7822 356.69214 0.6433133
car 408.40274 429.78595 44.80326 68.07889 0.49575898
car 364.92578 421.8137 140.58234 168.42903 0.97176963
--
truck 364.5527 438.84818 49.748104 150.02946 0.37380654
bus 29.874073 224.82558 208.51828 360.87076 0.8940386
car 408.1668 430.16577 44.157543 68.61199 0.36057842
car 365.06293 421.5996 140.56046 168.34161 0.970609
--
truck 364.54922 438.86377 49.79861 150.05367 0.38143492
bus 29.033138 220.65245 209.65326 360.73288 0.9014414
car 408.21304 430.1515 44.234283 68.57843 0.37017328
car 365.01443 421.653 140.50963 168.35391 0.970544
--
truck 364.84818 438.73032 50.9626 149.59326 0.43535402
bus 22.26722 214.9314 211.63307 359.0054 0.8632005
car 443.9784 457.10867 31.474113 41.423477 0.32559124
car 408.4129 430.1615 44.231483 68.60343 0.42272624
car 364.9216 421.7304 140.61234 168.30699 0.9706267
--
truck 364.82324 438.75034 50.98693 149.47507 0.4476831
bus 22.16873 214.90182 211.5642 358.63324 0.8532615
car 444.00162 456.9834 31.472555 41.2296 0.30306828
car 408.36597 430.1649 44.074245 68.64983 0.40903774
car 364.93314 421.86087 140.61156 168.28003 0.97001565
--
truck 364.8421 438.76666 50.43102 149.7481 0.45066458
bus 14.025028 215.63173 212.238 358.78625 0.87284255
car 443.90698 457.2428 31.462599 41.645164 0.30014676
car 472.14203 479.7859 46.487415 61.940426 0.3082448
car 408.3307 430.14764 44.15685 68.73396 0.43172768
car 364.83557 421.91922 140.4136 168.4015 0.96636957
--
truck 364.7825 439.00565 49.42579 150.20253 0.46179137
bus 0.62523365 207.05965 214.43378 358.53336 0.7682972
car 408.25705 430.40707 44.2182 69.024994 0.33943227
car 364.9038 421.91754 140.54462 168.37796 0.96605146
--
truck 364.88684 439.0511 49.449387 150.2078 0.4724289
bus 0.397017 207.61986 214.02028 358.52423 0.7182925
car 408.15353 430.32825 44.14501 69.04789 0.33593568
car 364.9375 421.886 140.55672 168.32802 0.9690798
--
truck 365.3277 438.14633 50.59377 148.07397 0.5050347
bus 5.2340198 203.77155 232.68082 354.79333 0.7288381
car 472.1918 480.0565 46.192783 61.98195 0.34232843
car 408.76184 430.29944 43.71577 68.86193 0.3997288
car 364.80066 421.4591 140.666 168.30423 0.9796072
--
truck 365.276 438.15204 50.718002 147.83017 0.5161201
bus 2.9044318 205.14078 233.37027 354.13766 0.63125044
car 472.21173 480.05127 46.239857 61.897564 0.34597614
car 408.67078 430.08804 43.74826 68.8068 0.4059028
car 364.84497 421.4179 140.66434 168.32025 0.97995406
--
truck 364.78442 437.8393 50.631012 147.50961 0.5337931
bus 1.8328929 189.80864 238.48518 356.71048 0.43614274
car 472.25803 480.02948 46.466015 61.70197 0.32509547
car 408.86356 430.11734 44.200054 68.667 0.41341516
car 364.76556 421.37585 140.6533 168.31183 0.97892535
--
truck 364.721 437.96057 50.730373 147.57933 0.5264435
car 472.2766 480.02066 46.52347 61.648235 0.32758576
car 408.90494 430.03632 44.58412 68.48432 0.46553397
car 364.83493 421.37823 140.66463 168.31186 0.97800773
--
truck 364.79044 437.89014 50.81451 147.46722 0.5409851
bus -1.4056563 175.41383 243.95932 359.79108 0.30458984
car 472.27054 480.03638 46.47671 61.723537 0.3218552
car 408.87662 430.03687 44.330837 68.567055 0.45107898
car 364.96088 421.26373 140.70905 168.30269 0.9790752
--
truck 364.73996 437.81683 50.042927 147.65707 0.5403404
car 472.33994 480.0318 46.47118 61.647335 0.32747504
car 408.73798 429.9408 44.140938 68.68796 0.51053643
car 364.96927 421.2292 140.73253 168.28847 0.9791699
--
truck 364.47617 437.84616 49.987755 147.75204 0.549237
car 472.30167 480.04086 46.447105 61.61504 0.33464885
car 408.87845 430.04843 44.19002 68.78826 0.50746983
car 365.0285 421.24194 140.76237 168.26305 0.9788485
--
truck 364.2891 438.17462 49.907757 147.92244 0.53028166
car 472.25137 480.06638 46.37625 61.709713 0.34421593
car 408.98273 430.37122 43.944397 68.87803 0.49460727
car 365.01428 421.20856 140.76158 168.31613 0.978173
--
truck 364.36118 438.13385 50.125755 147.4883 0.5248769
car 472.1963 480.06122 46.32654 61.7323 0.3587858
car 409.11588 430.30164 44.217693 68.76474 0.5066677
car 364.89725 421.22797 140.6923 168.34586 0.9786255
--
truck 363.87375 438.10114 50.12265 147.34775 0.4988914
car 472.2961 480.02524 46.351475 61.693783 0.34675717
car 409.0096 430.13553 44.359764 68.55231 0.5607667
car 364.78827 421.14807 140.66805 168.3826 0.97835314
--
truck 363.73886 438.13898 50.63373 147.09991 0.5456718
car 472.28668 480.0178 46.389206 61.678528 0.347949
car 408.6963 430.08307 44.437645 68.13812 0.62907434
car 364.73795 421.27026 140.6103 168.39783 0.97974247
--
truck 363.7995 438.33875 50.092598 147.14757 0.46626145
car 472.3272 480.00208 46.409786 61.62938 0.3244523
car 408.82123 430.59186 44.798664 68.291275 0.5951549
car 364.79758 421.49115 140.49944 168.3943 0.9802809
--
truck 364.67526 439.31808 46.599716 150.44159 0.49993086
car 471.96814 480.1248 46.99669 61.93672 0.40951666
car 408.7164 430.81918 44.59751 68.50024 0.47855657
car 364.96533 421.75778 140.36612 168.28487 0.97025573
--
truck 364.7443 439.09454 47.423515 149.95193 0.5061247
car 408.54245 430.9641 44.420185 68.25051 0.46491054
car 365.4948 421.7516 140.28928 168.34952 0.97702074
