--
car 250.35991 270.6825 101.01685 115.34592 0.92136854
--
car 253.35788 271.4345 102.21316 114.891014 0.8701638
--
car 253.57828 271.47333 102.02461 114.84489 0.8681687
--
truck 166.81741 234.3081 253.96324 355.19733 0.5024751
car 253.55363 273.54434 102.15067 115.7392 0.9347492
--
truck 166.24977 234.49443 254.95984 355.76294 0.52758163
car 253.18666 273.88037 101.64648 115.66662 0.93387926
--
car 180.32428 194.83852 72.34527 80.80275 0.32171673
car 254.59367 276.66138 102.48094 116.33869 0.9079433
--
car 254.71404 276.93835 102.62916 116.5218 0.8911187
--
car 255.46176 276.65607 102.91081 117.02119 0.73175836
--
truck 209.18561 263.30975 211.65146 290.79657 0.32449928
car 259.62836 280.30624 104.46604 117.77291 0.79303896
--
car 136.79831 148.59462 79.26842 88.7817 0.38224867
car 174.17714 190.69498 70.711235 81.11962 0.4667567
car 259.0685 280.28748 104.30552 117.850716 0.8160005
--
car 431.7721 445.27466 86.01571 92.89621 0.31413233
car 136.73515 148.38132 79.04021 88.50159 0.41222882
car 174.66936 190.1179 70.42492 81.28749 0.57209873
car 258.5396 280.2819 104.031395 117.829 0.85787046
--
car 219.2695 270.84042 204.25633 274.02863 0.3007073
car 173.21806 187.6369 70.83797 81.18292 0.5286463
car 261.09076 280.92032 104.82207 118.63864 0.89088666
--
car 432.0076 444.5857 86.10332 93.230965 0.31882352
car 219.55319 271.44443 204.60133 273.54596 0.33917117
car 173.88121 186.50316 71.20199 80.51915 0.5646614
car 260.85687 281.13132 104.60539 118.5962 0.88047355
--
truck 229.06407 275.1095 194.79578 264.2073 0.5039125
car 130.63327 142.94467 81.45555 89.903824 0.35477245
car 171.664 183.69383 71.4379 80.64038 0.5270966
car 261.44952 283.00027 106.18381 119.32129 0.91351324
--
truck 239.71542 282.12775 189.01482 248.86829 0.53153723
car 130.5908 141.9991 81.40726 90.592186 0.5292684
car 261.1723 286.38617 106.2992 119.92774 0.9183538
--
truck 239.78055 282.46844 188.7544 249.65178 0.5403387
car 129.86783 141.38202 81.36119 90.63445 0.45640135
car 261.98132 285.87442 106.55611 119.86205 0.9268663
--
truck 246.93134 288.78113 180.22191 237.854 0.4131548
car 166.51085 179.31577 73.06843 81.265686 0.31780687
car 433.10745 445.327 86.18805 92.71304 0.33431143
car 127.14932 139.3361 81.20581 90.91414 0.38141227
car 261.94174 288.39343 106.141945 120.32334 0.9439394
--
truck 252.6174 290.61865 174.60365 226.73923 0.5593193
car 125.64307 138.31752 81.13236 90.94509 0.3661192
car 162.86166 176.28297 72.12177 82.04591 0.47374398
car 261.27246 289.25995 105.92492 120.28186 0.88217163
--
car 252.21611 290.83276 174.62148 226.73495 0.40977415
car 162.25912 176.32217 72.04824 82.08923 0.49313244
car 125.414116 137.74692 81.243416 90.54985 0.5337347
car 261.43155 289.08762 106.15618 120.306076 0.85235125
--
car 162.53087 175.95656 71.92544 82.21423 0.4383715
car 251.84999 290.4287 174.55576 227.3346 0.53159004
car 125.28962 137.39606 81.199295 90.6231 0.6311621
car 261.71393 288.8408 106.29209 120.381004 0.84267056
--
truck 260.91354 297.6739 166.85089 221.68726 0.41677487
car 119.90865 133.14099 84.37769 93.30131 0.45886746
car 160.731 175.81848 74.87881 83.87578 0.47300002
car 269.9351 288.677 106.380486 120.76629 0.80331916
--
truck 260.91693 296.9969 168.39026 221.57597 0.38058278
car 120.01797 132.52931 84.55527 93.31105 0.37098
car 160.8463 175.28001 74.70974 83.80584 0.41580588
car 269.7774 288.4952 106.759415 120.41156 0.79645514
--
car 434.77664 445.7236 86.956726 93.13635 0.3121088
car 118.083405 130.97472 84.79445 93.75045 0.47609523
car 265.52075 301.5476 159.51912 211.08122 0.5383365
car 157.62555 171.88844 75.155495 83.85264 0.62212175
car 271.00842 289.88135 107.107956 121.09211 0.81446475
--
truck 269.83118 301.5637 151.76703 204.53238 0.47955734
car 435.0365 445.09998 87.51224 93.347336 0.30111608
car 116.53053 129.46367 84.39891 94.4455 0.46845323
car 156.34666 170.43803 75.5055 84.05246 0.63846207
car 272.45752 291.6203 107.26759 121.14761 0.7801155
--
truck 270.5007 301.739 150.57312 205.25645 0.35744566
car 116.234344 129.87059 84.46445 94.290695 0.37510383
car 156.19113 169.75432 75.56477 84.82626 0.76787364
car 272.17868 291.21893 107.50103 121.41832 0.79305243
--
truck 270.75876 301.55624 151.17413 204.96568 0.44772658
car 155.87605 170.73761 75.234604 84.837654 0.6874786
car 272.2372 291.21506 107.49712 121.51439 0.76339823
--
car 110.67501 124.57881 85.935974 96.015816 0.3016798
car 109.0258 123.69431 49.961647 65.48552 0.39405337
car 281.00333 307.19226 144.80322 192.6963 0.5910607
car 280.15994 296.27615 109.26707 123.53183 0.6014559
car 151.85568 165.60803 74.95555 85.20635 0.6253054
--
car 110.428345 124.15927 85.548615 95.81785 0.30395818
car 151.69588 165.32693 75.017746 84.731995 0.5489388
car 280.95804 307.34485 145.26917 192.46498 0.5843652
car 280.5164 296.14682 109.76993 123.333 0.62639636
--
car 110.23827 124.34738 85.32082 96.108475 0.36338297
car 151.0088 165.76187 74.98375 84.8968 0.4664918
car 280.90393 307.4053 145.91516 192.1344 0.634838
car 280.09314 296.34912 109.0875 123.738716 0.65705305
--
car 284.18277 309.36447 145.21318 187.08826 0.725237
car 147.26588 163.35756 75.50401 86.00646 0.7602168
car 280.0029 298.03232 108.51631 124.29607 0.776027
--
car 147.4655 162.49051 75.687454 85.95182 0.6238009
car 284.32684 309.411 145.22937 187.94495 0.70593536
car 279.96994 297.95868 108.762245 124.038 0.80258435
--
truck 288.08783 311.25204 142.5051 183.35248 0.35609847
car 145.99994 160.58955 76.57124 86.33475 0.6494392
car 280.93002 299.60425 108.83936 124.114395 0.8185538
--
truck 290.96313 315.68243 137.81651 177.04984 0.40505946
car 145.1182 158.66731 76.648094 86.885544 0.42537218
car 281.45322 301.0931 110.134766 123.57128 0.79354465
--
car 144.81012 158.59459 77.04491 86.71095 0.3218013
car 290.9041 315.76556 137.42894 177.96156 0.4412321
car 280.9571 301.37906 110.03742 123.53149 0.79858744
--
truck 291.0464 315.7309 136.99268 179.8579 0.51807356
car 144.6755 157.76817 76.869 86.84932 0.5458917
car 281.14282 301.30573 110.22815 123.50339 0.82721925
--
car 294.1749 317.29816 136.63564 172.81828 0.5684276
car 281.91083 303.27234 111.390495 124.250275 0.8901923
--
car 297.7883 319.31342 135.18414 164.97682 0.5635029
car 283.6922 304.38095 111.19281 124.07681 0.6590897
car 137.61607 151.6938 78.932846 87.26189 0.659991
--
car 297.90567 319.27518 135.22557 164.90242 0.5805081
car 283.51724 304.4647 111.20917 124.12257 0.7321241
car 137.46889 151.46013 78.83842 87.07222 0.7521957
--
car 297.8596 319.30054 135.27866 164.15892 0.6027025
car 283.62234 304.3545 111.25385 124.01182 0.7514409
car 137.29922 151.03377 78.89639 87.12036 0.8179815
--
car 135.86823 149.35237 79.14537 87.86578 0.7066722
car 301.42023 321.38818 132.18275 163.10107 0.80986613
car 286.54526 307.25394 111.711395 125.967766 0.8767098
--
car 303.4006 321.63116 130.60023 161.67941 0.53248054
car 134.04622 147.90047 79.3049 88.1078 0.69410634
car 287.1831 309.3065 111.71004 125.568214 0.88427645
--
car 305.4645 324.43976 127.91216 155.11337 0.35641357
car 89.31009 103.118546 92.675835 103.13593 0.38103786
car 129.64432 143.74376 80.25467 89.10966 0.63532615
car 290.87152 310.2234 112.409096 125.10657 0.8729714
--
car 305.46048 324.627 127.94592 154.75368 0.32623738
car 89.1818 103.1194 92.62409 103.67048 0.4077098
car 129.5286 143.67146 80.39556 88.98965 0.72026986
car 290.97482 310.09097 112.58255 125.12894 0.885528
--
car 305.0986 324.87372 128.09447 154.79874 0.36817724
car 89.04213 103.10721 92.01734 103.51791 0.3795488
car 129.19598 143.97511 80.37487 89.02636 0.84695107
car 290.6535 310.24292 112.586754 125.1967 0.8804736
--
car 84.167625 97.54186 93.74353 103.10355 0.43626785
car 128.60509 141.67847 80.44754 89.09388 0.836872
car 292.91116 311.80283 113.21318 126.04385 0.90290564
--
car 81.91783 96.99766 93.062805 104.90868 0.6097093
car 125.85989 139.67393 80.92485 89.60612 0.8209906
car 292.90936 313.45935 113.27433 127.099014 0.8516686
--
car 81.75384 97.52705 92.82926 104.97297 0.6843491
car 293.1516 313.16086 113.36383 127.28868 0.83217585
car 125.5193 139.56235 81.142334 89.74686 0.84000176
--
car 81.26784 96.97155 93.64978 105.03603 0.7194082
car 292.75818 313.4257 113.59604 127.72594 0.8652963
car 125.013054 139.16676 81.18089 89.7382 0.8684583
--
car 296.1791 315.78735 114.621796 127.829384 0.59594685
car 120.34591 135.97629 81.415695 90.928734 0.69389755
car 79.55687 95.14382 93.48283 105.23279 0.72091174
--
car 296.0282 315.77805 114.50125 127.86451 0.5537575
car 120.04048 136.0419 81.40323 90.950874 0.75778824
car 79.2778 95.9112 93.33831 105.210434 0.7614543
--
car 313.3664 330.57465 118.2444 144.81868 0.39393452
car 296.38773 316.55484 114.103004 128.6654 0.5551597
car 118.67885 133.52818 81.60738 91.11993 0.6907028
--
car 315.30685 332.73602 119.63113 143.08524 0.50426364
car 72.55249 88.339485 94.40781 106.194954 0.53116924
car 116.23657 131.05864 81.64045 91.42793 0.691039
car 297.5391 317.4651 114.79981 128.25893 0.7921238
--
car 315.32803 332.61194 119.6267 143.20291 0.42737582
car 115.589264 130.60977 81.85301 91.32378 0.7594947
car 297.93854 317.58325 114.83259 128.65787 0.7630303
car 71.67367 87.63819 94.908066 106.70582 0.77576137
--
car 317.4521 333.88116 117.286736 142.85301 0.30313405
car 299.52927 317.11203 115.72934 128.48009 0.65349877
car 110.51655 126.477646 84.16025 93.21743 0.666335
car 70.36784 85.92692 95.67611 107.35797 0.7365146
--
car 395.27 408.2807 47.75322 60.191513 0.30082455
car 319.76953 333.3979 117.03685 138.04953 0.34940135
car 64.06849 80.56222 97.761955 109.270676 0.68122053
car 302.26202 317.79504 116.74125 128.97414 0.70941526
car 109.29751 124.267204 84.32578 94.04196 0.8943096
--
car 319.7891 333.2386 117.184685 137.92575 0.32350722
car 302.4806 317.81168 116.59875 128.88696 0.7010765
car 63.79843 80.47892 97.92729 109.330284 0.7472244
car 108.941795 124.1236 84.601326 93.93984 0.8880425
--
car 302.59836 318.34067 116.52834 128.99171 0.6127014
car 63.142807 80.71006 97.41844 108.9616 0.8186005
car 108.573555 124.04225 84.2759 94.196335 0.91339004
--
car 61.835247 79.8228 97.88165 109.99998 0.89120126
car 106.855896 121.9478 84.20648 95.09692 0.91117406
--
car 304.69217 319.27554 116.40169 129.32076 0.33141756
car 61.424824 79.46788 97.64519 109.72257 0.86452377
car 106.504425 121.71611 84.269684 95.06572 0.9169484
--
car 104.579544 119.333336 84.389465 95.22292 0.7762308
car 59.67552 76.54456 98.14567 110.64262 0.88887626
--
car 395.64035 408.898 48.65071 60.478493 0.4328935
car 58.819458 73.10962 98.08892 110.37026 0.47013566
car 99.802315 115.617935 85.41468 95.52805 0.88681346
--
car 395.8637 408.9124 49.014988 60.5035 0.3696508
car 53.970066 69.62149 101.45036 112.99221 0.45275825
car 58.802647 72.941124 98.454666 109.85665 0.4594814
car 99.41716 115.48898 85.75447 95.38356 0.9014921
--
car 395.70135 408.80496 49.081753 60.73018 0.31115684
car 54.517387 72.64872 98.025856 111.75898 0.5933067
car 98.7061 115.594215 85.72136 95.48119 0.9381978
--
car 395.80286 408.5846 48.99534 60.569843 0.38204083
car 307.67465 336.06912 111.54994 134.92316 0.4466098
car 51.99356 69.348976 99.8065 114.36862 0.7750716
car 97.670204 113.285065 86.22417 95.7857 0.8828964
--
car 396.12766 408.63455 49.043404 60.09815 0.34345695
car 310.85797 338.63205 111.034225 134.53587 0.3712474
car 95.126076 111.225395 86.81915 96.53895 0.7942379
car 49.753166 66.45761 99.72891 114.85854 0.87711763
--
car 326.73306 341.0476 110.55787 127.34557 0.30492392
car 396.07175 408.82074 49.231613 60.31725 0.32572863
car 310.9052 338.74927 111.00865 134.66185 0.36417875
car 94.83922 110.63045 86.87383 96.491806 0.6742328
car 49.73984 65.219154 99.88593 114.56551 0.74323004
--
car 396.13397 408.7598 49.20455 60.219524 0.3291421
car 312.37067 326.527 116.56275 130.47595 0.44235733
car 325.8123 342.98935 108.91113 132.34518 0.5564065
car 43.65426 63.450966 103.016335 115.82487 0.8984766
car 90.60138 107.940735 88.27477 98.487526 0.90761286
--
car 312.24036 326.72333 116.64603 130.52953 0.36804187
car 325.76978 343.23895 108.93116 132.47371 0.5456828
car 90.21991 107.556725 88.23425 98.74341 0.90061563
car 43.228737 63.563377 102.51078 115.84636 0.91083425
--
car 308.94922 325.40897 116.91376 133.92836 0.36119264
car 327.18658 343.81833 107.48777 132.78493 0.38122228
car 88.559006 103.853546 88.56844 99.14989 0.9119462
car 40.977898 59.154827 103.51771 116.408195 0.95471215
--
car 309.06216 327.3785 117.48928 133.92792 0.48077464
car 87.02933 101.35893 88.808014 99.2349 0.80860513
car 39.292458 56.421906 104.35603 116.74751 0.8758386
--
car 308.82465 327.3948 117.668785 133.87527 0.47929677
car 85.79546 101.48537 88.69253 99.44756 0.7833184
car 39.55631 55.74826 104.27443 116.70016 0.83148664
--
car 309.11536 327.473 117.48864 133.97285 0.41801587
car 85.5403 101.30691 88.47888 99.4848 0.55981493
car 35.66542 54.052612 105.75152 118.91915 0.80106217
--
car 310.26447 328.1816 117.07013 134.3711 0.4241489
car 81.63475 99.67583 89.59316 101.89133 0.6699086
car 34.595802 52.358616 105.29497 120.03332 0.9493026
--
car 310.12717 329.98975 116.908745 134.43393 0.59203446
car 30.908468 48.514397 106.42892 120.95615 0.7936688
--
car 310.00565 330.11572 117.08653 134.2972 0.5710818
car 75.732346 96.11351 90.25116 105.41601 0.62029856
car 30.566696 48.190197 106.33129 120.87494 0.83191997
--
car 76.1878 95.02092 90.38357 105.54017 0.34019655
car 310.08282 329.54984 117.36189 134.2517 0.55834347
car 30.426489 47.453773 106.26673 120.8228 0.8136529
--
car 73.71541 87.842354 94.47596 104.647415 0.39565685
car 309.4993 330.23538 117.80703 133.94218 0.42465466
car 24.393938 42.375626 108.208595 124.141 0.7402142
--
car 309.7405 330.27502 117.55122 134.11809 0.48059413
car 73.212204 89.293274 94.14446 104.64211 0.58133245
car 23.535097 42.853233 107.829704 124.47955 0.7553037
--
car 70.19142 85.88629 93.37917 105.983 0.6463389
car 309.17053 332.40042 117.29035 134.26213 0.77449155
car 17.18239 34.276215 112.69051 126.286804 0.8316603
--
car 70.00856 86.19325 93.15221 105.62364 0.7889603
car 308.87473 332.21008 117.14724 134.33238 0.79516226
car 16.659325 35.035507 112.002106 126.253716 0.852914
--
car 69.989975 85.19119 93.30075 105.86632 0.6551223
car 309.07462 332.23465 117.50643 134.23871 0.74152315
car 16.256691 34.663918 111.96549 126.30153 0.8752853
--
car 308.8998 333.37076 117.379005 134.53162 0.76462203
car 15.150978 30.948008 113.648094 126.49714 0.8804907
car 63.54368 81.41168 95.97234 108.31946 0.8998213
--
car 12.555578 27.488132 114.262596 127.101685 0.7485598
car 309.78412 333.66223 117.106514 134.64536 0.771264
car 61.439266 79.333206 95.89485 108.23722 0.9467426
--
car 12.541458 26.941015 114.28037 127.142685 0.75077254
car 309.5186 333.7855 117.186935 134.51215 0.78973514
car 61.233295 78.813805 95.53468 108.10864 0.9362561
--
car 309.77982 333.3128 117.40698 134.4004 0.67342925
car 9.99895 24.751837 115.152596 127.891655 0.70427203
car 60.834797 78.25605 95.34516 108.34844 0.9340669
--
car 8.888945 21.731146 116.316345 128.0214 0.6890376
car 309.73718 333.3171 117.54768 134.24655 0.797663
car 57.80808 76.869385 95.96195 108.69583 0.881135
--
car 8.550702 21.060596 116.21002 128.49101 0.72581774
car 58.24034 76.213005 95.8485 108.70148 0.79163617
car 309.98413 333.23877 117.41802 134.14876 0.80326074
--
car 7.2623506 17.484142 117.39426 128.38913 0.61001265
car 310.00494 332.6432 118.09051 133.56335 0.72424954
car 52.19151 73.8859 97.34921 110.863556 0.8259733
--
car 50.572258 71.38533 97.97971 111.208084 0.6575473
car 310.43735 332.77713 117.71996 133.63089 0.6935491
--
car 49.725605 69.46156 97.9299 111.11899 0.5788717
car 310.5087 332.87332 117.723465 133.55415 0.7058211
--
car 44.964115 61.781208 101.17046 114.013466 0.54769695
car 47.667976 67.596886 97.967674 111.97297 0.59114206
car 310.87073 332.84628 117.50465 133.6311 0.7008699
--
car 341.7185 351.19275 98.01656 109.38469 0.40847978
car 310.8189 333.11554 117.55014 133.55312 0.7326797
car 41.085136 64.54934 100.91687 114.93049 0.83301306
--
car 129.1563 144.02754 80.588646 89.08899 0.83906627
car 289.78656 310.26724 112.793274 125.768555 0.872339
--
car 89.056625 103.316826 89.58212 101.51819 0.42674023
car 289.69104 310.22324 112.77861 125.86914 0.86979145
car 129.06097 144.0681 80.311295 89.120804 0.8926504
--
car 89.0547 103.26434 89.48954 101.630165 0.43404812
car 289.70975 310.18655 112.768 125.79523 0.874104
car 129.1616 144.01453 80.2877 89.09353 0.9116623
--
car 291.82986 311.68976 113.064285 126.40016 0.82423013
car 128.566 142.20265 80.389915 89.312836 0.8928573
--
car 83.584984 97.68399 93.73433 102.99248 0.30311245
car 292.08563 312.1521 112.85428 125.43403 0.73338515
car 128.25195 141.84447 79.91796 89.019264 0.9325457
--
car 29.826122 442.57758 22.39592 346.9709 0.69701964
car 292.10593 312.1172 112.82306 125.415596 0.73725575
car 128.22241 141.79688 79.95292 89.02814 0.9319184
--
car 80.931114 97.21772 93.47363 104.6387 0.64439553
car 292.32205 313.8077 112.952896 125.975 0.65904886
car 125.31328 139.81834 80.9263 89.7597 0.8130796
--
car 292.12192 313.96646 112.95203 126.03408 0.6615789
car 80.72017 97.48712 93.47601 104.59482 0.6980312
car 125.40055 139.82019 80.88059 89.70969 0.8378846
--
car 292.23782 313.85358 113.16847 126.33039 0.7536628
car 80.59152 98.00807 93.14716 104.74703 0.7759352
car 124.99324 139.56902 81.038376 89.71208 0.8446788
--
car 80.76473 97.59184 93.50275 104.84781 0.7426027
car 291.71112 314.4549 113.405365 126.95917 0.74320966
car 124.834114 139.45572 80.9092 89.58788 0.8417831
--
car 296.07376 315.77866 114.405396 127.561615 0.6227573
car 120.04929 135.95506 81.32746 90.620834 0.68860066
car 79.409904 95.74177 93.85317 105.10047 0.80271876
--
car 296.0668 315.81543 114.369705 127.63984 0.60448205
car 119.987625 135.96237 81.25909 90.53673 0.68709147
car 79.441154 95.78865 93.77965 105.055336 0.81292635
--
car 295.75305 316.07614 114.33895 127.86885 0.58714837
car 119.49092 135.89915 81.17198 90.441536 0.7993667
car 79.33674 95.73114 93.46468 105.183235 0.8068706
--
car 313.17792 330.0669 118.78623 144.9966 0.41950342
car 297.5196 316.4589 113.92832 127.29982 0.54888624
car 77.45577 93.902176 93.47195 105.6833 0.618979
car 118.75757 134.49866 81.23028 90.94491 0.86395305
--
car 313.19263 330.0401 118.88853 144.86494 0.3588566
car 297.67627 316.34662 113.88441 127.272964 0.51927704
car 77.53439 94.00493 93.52614 105.65513 0.61693364
car 118.74484 134.5422 81.2338 90.9205 0.85951674
--
car 313.14862 330.12262 119.0712 144.82237 0.39234242
car 77.22004 93.6033 93.79463 105.34482 0.51669264
car 297.2634 316.62668 114.046555 127.61851 0.5406149
car 118.36448 133.89743 81.26617 90.88582 0.82136756
--
car 313.17938 330.4344 118.24866 145.71556 0.47447932
car 296.69562 316.90363 113.364716 127.81206 0.5725767
car 118.25986 133.68217 81.68618 91.0906 0.6926405
--
car 202.30884 218.03674 48.52339 56.409065 0.35407647
car 314.87503 332.79156 119.28454 143.44283 0.54876095
car 72.3929 88.47675 95.25466 106.383316 0.58035684
car 297.54965 317.5479 113.71232 127.67238 0.6641214
car 116.31026 131.0249 82.06949 91.18739 0.68785
--
car 315.03467 332.79852 119.25675 143.6542 0.4279966
car 297.63583 317.58585 113.76669 127.92326 0.63159436
car 71.713974 88.1147 95.36556 106.36065 0.63576907
car 115.99552 130.88142 82.07958 91.317696 0.66684
--
car 314.97397 332.8333 119.352135 143.39505 0.4326321
car 71.937225 87.810684 95.37265 106.33529 0.57312816
car 297.564 317.5888 113.9104 127.97874 0.632725
car 116.083534 130.85912 82.06542 91.31643 0.6638325
--
car 315.12808 332.82816 119.501915 143.53473 0.48796648
car 71.3966 87.23486 95.354866 106.4593 0.6149649
car 115.51002 130.55478 81.96287 91.39349 0.67474514
car 298.2115 317.31833 114.311745 128.01627 0.6949263
--
car 114.45546 128.44556 81.83317 91.26742 0.43735868
car 110.55386 126.28757 84.44877 93.25191 0.52550614
car 299.762 316.91852 115.85122 128.73701 0.58965653
car 69.80879 86.28581 95.7616 107.16058 0.74842966
--
car 45.63792 90.1791 68.2689 84.32407 0.3047793
car 114.45357 128.08173 81.79257 91.31775 0.39698866
car 110.22178 125.990005 84.172966 93.25269 0.62710613
car 299.8068 316.82062 115.94361 128.67981 0.6554606
car 69.25105 85.87972 95.66606 107.03419 0.73254627
--
car 45.664677 90.17495 68.411026 84.28744 0.33231702
car 114.69526 128.11224 81.84933 91.235466 0.43770912
car 110.20609 125.90239 84.27206 93.24443 0.6525367
car 299.95343 316.81967 115.87099 128.77415 0.6694386
car 69.30113 85.85738 95.645515 107.02965 0.727388
--
car 319.81335 333.48642 117.589554 137.54247 0.3183185
car 302.42294 317.23956 116.3172 129.16576 0.6023008
car 62.91496 81.46231 97.07926 108.85961 0.7896306
car 109.39792 125.08162 84.19117 93.8288 0.8883874
--
car 319.7859 333.51416 117.62243 137.6539 0.3682607
car 302.48044 317.14926 116.35845 129.05823 0.6409545
car 62.789253 81.46671 97.03785 108.88954 0.7981874
car 109.36123 125.15871 84.25288 93.954124 0.897797
--
car 319.6412 333.55115 117.625725 137.68985 0.4310121
car 63.267902 80.562225 97.28752 108.54872 0.70437765
car 302.62524 316.63568 116.35541 128.85384 0.7172215
car 108.81972 124.20314 84.53025 94.076294 0.88967127
--
car 319.67795 333.28925 117.20308 138.0536 0.42678604
car 302.73367 317.0017 116.223946 129.02403 0.73707515
car 62.899223 80.93965 96.93105 108.416595 0.7640579
car 108.36523 124.01882 84.54071 94.27186 0.9148793
--
car 319.87473 333.51556 117.09857 137.26108 0.3106358
car 302.72083 318.4314 116.39397 129.63934 0.68601847
car 63.469997 81.02907 97.66483 109.03244 0.81018203
car 108.697876 124.06201 84.326195 93.970665 0.931549
--
car 61.863705 79.50862 98.25011 109.868004 0.86277765
car 106.75074 121.87567 84.47657 95.04616 0.9338548
--
car 61.853714 79.53039 98.24541 109.854614 0.8647985
car 106.969955 121.97839 84.39223 95.017235 0.9423384
--
car 304.09482 319.6027 116.43564 129.61928 0.35958833
car 61.425804 78.61144 98.12153 109.97558 0.8596295
car 107.04036 121.67058 84.797386 94.908676 0.9383663
--
car 105.22088 119.99144 84.430214 95.05968 0.76590234
car 59.935078 76.52609 98.13236 110.60225 0.77296543
--
car 59.91926 76.610275 98.122406 110.54015 0.78588575
car 105.3642 119.91708 84.49729 95.03173 0.78792524
--
car 104.76707 119.48366 84.19729 95.10872 0.77123785
car 59.076912 75.9198 98.255005 110.12067 0.8129525
--
car 54.94736 69.72043 101.41752 112.926926 0.42364764
car 59.039646 72.797646 98.34649 110.14913 0.44557706
car 99.78907 115.86085 86.72554 96.05189 0.89866644
--
car 58.30224 73.46682 98.45866 110.00904 0.44827613
car 54.5841 69.4547 101.11729 113.20444 0.6111096
car 99.48091 115.952194 86.388535 95.734146 0.9179236
--
car 58.50471 73.439804 98.661934 109.8837 0.4622337
car 54.571552 69.28754 101.18855 113.165436 0.6459256
car 99.4741 115.788956 86.454414 95.73951 0.9093574
--
car 57.909878 73.85824 98.477264 109.97286 0.49392307
car 54.32553 69.50837 100.88038 113.35529 0.7134849
car 99.21957 115.408165 86.190796 95.49171 0.9369783
--
car 57.90339 73.75182 98.44344 109.95593 0.5136232
car 54.367302 69.5559 100.94489 113.279045 0.7113188
car 99.44579 115.532295 86.00333 95.44339 0.92873067
--
car 396.048 409.08752 49.161694 60.557457 0.42007765
car 52.247913 69.80228 99.91488 114.43512 0.76655096
car 97.518105 113.19083 86.33019 96.13888 0.8793402
--
car 395.91138 409.03955 49.12967 60.647526 0.31637537
car 52.19065 68.84032 100.08397 114.25438 0.7699568
car 96.84506 112.91891 86.68289 96.228745 0.8997553
--
car 395.83456 408.92953 49.05732 60.624496 0.3168092
car 52.27176 68.72107 99.88609 114.380516 0.77100056
car 96.94631 112.83725 86.70601 96.15953 0.9064091
--
car 395.88168 408.92538 49.0977 60.59034 0.3164527
car 88.382645 102.55563 48.818474 64.92391 0.32912195
car 95.30496 111.00758 86.81981 96.76403 0.7039327
car 49.465927 66.706406 99.27338 115.17885 0.8009183
--
car 88.24577 102.57301 48.36046 64.99285 0.4416538
car 95.39905 110.93246 86.78372 96.81289 0.6928591
car 49.24365 66.66905 99.07725 115.22588 0.78242266
--
car 0.95960367 11.427165 103.76243 118.34615 0.30480924
car 94.645546 110.85372 86.68804 96.72982 0.65806496
car 49.178726 65.53388 99.08839 115.026436 0.7021373
--
car 0.7292546 11.671781 103.535324 118.84246 0.33130795
car 94.61926 110.88661 86.657166 96.69226 0.70793766
car 49.114815 65.584 99.06074 115.062065 0.70939505
--
car 312.04788 325.95377 116.41824 130.51851 0.4857473
car 325.96338 343.217 109.137665 132.6612 0.5830424
car 43.21683 63.86331 102.073654 116.01243 0.89834005
car 90.558586 107.92102 88.49579 98.9039 0.9096195
--
car 310.25803 324.49207 117.6625 133.30136 0.50058264
car 325.93988 343.23566 109.18121 132.71725 0.58060205
car 43.284454 63.8087 101.98259 115.97754 0.8978451
car 90.55309 107.91028 88.53386 99.04323 0.9151707
--
car 309.92874 324.36078 117.53845 133.4479 0.5460423
car 327.00055 341.82095 110.057236 130.4422 0.5514102
car 42.786194 63.857918 101.99953 115.8942 0.90644974
car 90.41392 107.41805 88.50723 98.80675 0.9065892
--
car 327.76132 344.19934 107.83306 132.43407 0.4971298
car 308.93887 325.4484 117.09611 134.31004 0.5540791
car 89.19791 104.45215 88.90623 99.45875 0.9235094
car 41.83786 59.7938 103.45295 116.16199 0.9455778
--
car 327.697 344.20984 107.77678 132.42708 0.5206231
car 308.7549 325.42957 117.007935 134.34929 0.54229295
car 89.23362 104.40154 88.92686 99.55578 0.914011
car 41.79603 59.800552 103.43642 116.129166 0.9372386
--
car 308.54773 325.31097 117.081085 134.25911 0.4429718
car 327.72375 344.88095 107.75935 132.82184 0.4761773
car 88.5422 104.01907 88.57675 99.14303 0.9270835
car 40.537663 60.147545 102.54818 116.38874 0.96116614
--
car 308.1382 325.3544 117.09475 134.24821 0.44972327
car 327.7347 344.95532 107.84291 132.83148 0.5011979
car 88.471466 103.95074 88.55042 99.17955 0.9264014
car 40.35785 60.172764 102.55783 116.431526 0.961903
--
car 86.20786 101.574646 88.337326 99.55463 0.8492173
car 39.44803 56.546883 104.09639 116.59832 0.91846216
--
car 86.27368 101.257675 88.191635 99.17685 0.779284
car 39.658733 56.07324 104.37202 116.38559 0.89759314
--
car 309.32632 326.74887 118.12901 133.98598 0.33851227
car 85.639305 101.108376 88.04237 99.59044 0.45977274
car 35.498318 54.08072 105.68602 118.96924 0.81739354
--
car 309.32834 326.80988 118.12458 133.99731 0.3083329
car 85.85466 101.0069 87.94659 99.47122 0.47154313
car 35.475163 54.120018 105.6233 119.04151 0.8332521
--
car 309.7727 328.12155 117.511826 134.43 0.39219174
car 80.97085 99.91638 89.56871 102.24146 0.6460325
car 34.695545 53.233067 105.3244 119.7143 0.96481425
--
car 310.0699 328.18567 117.44017 134.31685 0.44354582
car 81.51166 99.63733 89.7246 101.90404 0.63883287
car 34.28131 52.36356 105.60179 119.502884 0.9541333
--
car 310.06503 328.20163 117.33921 134.40134 0.4304633
car 81.47603 99.5875 89.6636 101.98481 0.6266471
car 34.210667 52.326836 105.577896 119.58574 0.95477396
--
car 309.79617 329.5984 117.10657 134.34026 0.49165604
car 32.161625 48.58813 106.55922 120.24655 0.8288312
--
car 77.209564 95.90237 90.84309 105.21155 0.31051737
car 309.8565 329.35043 117.26864 134.28471 0.4491523
car 32.21508 48.5378 106.58072 120.25048 0.8285022
--
car 310.01163 329.46063 117.20429 134.22044 0.49101928
car 76.53052 95.812614 90.54807 105.032776 0.53207153
car 31.515827 47.55347 106.64469 120.244354 0.7761904
--
car 80.61414 95.97915 49.892006 65.27775 0.30195016
car 310.5234 329.74503 117.001076 134.52908 0.45144022
car 30.73559 47.21928 106.036865 120.932755 0.67733365
--
car 310.47076 329.87372 116.98993 134.58813 0.48055404
car 30.75204 47.215683 106.056946 120.90383 0.6685621
--
car 309.86136 330.2403 117.611885 134.35439 0.46240827
car 24.702227 43.44611 108.460785 123.89533 0.6766809
--
car 73.073166 88.73671 94.529915 105.09441 0.37301394
car 309.7673 330.4573 117.49318 134.45157 0.47763082
car 23.861797 43.90296 108.59671 123.85374 0.74802595
--
car 79.73392 95.02912 49.505043 65.39502 0.32076818
car 71.31078 87.01701 94.079895 105.514046 0.46553504
car 310.24908 331.33914 117.829575 134.18364 0.6680022
car 21.48544 40.571136 108.46813 124.70513 0.8001673
--
car 71.218 87.018684 94.09417 105.51729 0.4949207
car 310.22305 331.35223 117.98889 134.08397 0.71997684
car 21.655169 40.497723 108.40443 124.694275 0.81970114
--
car 71.125046 87.00797 93.98617 105.14468 0.6542626
car 310.09085 331.46048 117.68252 134.26872 0.71553916
car 22.147547 39.583694 108.2316 124.702034 0.8754506
--
car 71.123215 86.89185 94.01016 105.201706 0.6943717
car 310.08057 331.64346 117.49673 134.28326 0.7258271
car 22.348183 39.516754 108.30237 124.61509 0.878935
--
car 70.23233 85.172264 93.76891 106.45142 0.54513955
car 309.49915 332.48224 118.2101 133.98885 0.68840146
car 16.954802 34.47866 112.42893 126.38002 0.82815456
--
car 70.64687 85.37664 93.50448 105.920616 0.48598108
car 309.62244 332.1524 118.03545 133.97615 0.73801243
car 16.58239 35.087585 111.890144 126.311646 0.8369025
--
car 70.52529 85.423836 93.37252 105.96826 0.5225087
car 309.53876 332.26273 118.0 133.95715 0.74993944
car 16.544796 35.247063 111.74321 126.35451 0.8474214
--
car 71.12723 84.68297 93.00651 106.22733 0.3665728
car 309.22235 332.55673 117.726875 134.18182 0.69285965
car 15.624422 35.241592 111.43139 126.89507 0.8936773
--
car 308.75644 332.6749 117.707184 134.43968 0.39724627
car 71.864204 84.424194 93.56591 106.41608 0.42693585
car 15.742914 34.70701 111.70959 126.90818 0.8824322
--
car 309.54117 332.70184 117.61551 134.52995 0.41611978
car 15.11774 30.59618 113.5771 126.74055 0.87589383
car 63.46872 81.573555 95.54068 108.04686 0.8852758
--
car 309.3962 333.12445 117.346695 134.52052 0.36410344
car 14.120854 30.667448 113.50839 126.494514 0.90206474
car 63.23616 81.338165 95.37093 108.08675 0.9207117
--
car 309.21982 333.81842 117.15081 134.63556 0.4682096
car 12.661909 27.09802 114.2783 127.14704 0.6900736
car 61.524155 79.877304 95.159775 108.26797 0.93333083
--
car 308.9216 333.96906 117.22597 134.60382 0.4505702
car 12.7458105 27.104208 114.29946 126.98764 0.6925412
car 61.30683 79.84021 95.32456 108.16599 0.9347984
--
car 308.9956 334.01154 117.14687 134.57253 0.49365324
car 12.312793 26.97231 114.70104 127.14836 0.62418914
car 60.953156 78.93339 95.3179 108.092255 0.9056964
--
car 309.20157 334.00424 117.18115 134.65157 0.6071803
car 10.2625675 24.751314 115.254974 128.1037 0.65354884
car 60.235756 78.52978 95.05527 108.1511 0.92690164
--
car 309.33664 333.83713 117.20915 134.64888 0.54246247
car 10.258588 24.76558 115.31467 128.15674 0.64569515
car 60.31956 78.41874 95.06671 108.17776 0.9288396
--
car 9.2307205 21.788708 116.16466 128.07837 0.4981927
car 309.74377 333.69382 117.410675 134.32893 0.59037584
car 57.73802 77.30299 95.93091 109.134094 0.8991267
--
car 9.263975 21.742908 116.14609 127.99399 0.50803727
car 309.70435 333.67905 117.38285 134.32068 0.58267534
car 57.73667 77.24515 95.9141 109.02139 0.9001786
--
car 8.524851 21.199451 115.933655 128.53445 0.6152302
car 309.7455 333.55734 117.61257 134.24828 0.61636513
car 57.53635 76.96318 95.9308 108.903275 0.8125769
--
car 310.24203 333.13382 117.40223 133.85138 0.5878042
car 6.969146 17.753649 116.47905 128.62546 0.69947106
car 52.8014 73.536766 97.22745 111.25263 0.8456903
--
car 7.0645843 17.730461 117.0134 128.15327 0.61758715
car 309.55328 333.57632 117.512955 133.77934 0.64207053
car 52.904278 73.31301 96.892624 111.53965 0.8600574
--
car 6.7472854 17.629583 117.24557 128.35796 0.57975334
car 309.60553 333.54938 117.50782 133.72478 0.6385822
car 52.005867 73.84015 96.95047 111.45183 0.8773739
--
car 309.9105 333.2508 117.52252 133.75008 0.6136393
car 50.39415 70.90085 97.64969 111.4594 0.6257071
--
car 49.773705 69.75557 97.51808 111.27434 0.61438215
car 309.8012 333.4101 117.35435 133.97163 0.68999237
--
car 49.892395 69.81578 97.53131 111.183304 0.63809955
car 309.69907 333.51074 117.29891 133.9523 0.6947543
--
car 49.70582 69.26815 97.528496 111.11395 0.59049976
car 309.68607 333.45444 117.23992 134.10269 0.6873424
--
car 49.734867 69.32173 97.54619 111.08916 0.63447475
car 309.81046 333.4811 117.22167 133.98059 0.72086316
--
car 44.732838 61.635277 100.799355 113.7117 0.4605572
car 309.8115 333.8238 117.05675 134.19319 0.6932994
--
car 44.251938 62.18435 100.47087 113.97843 0.5357556
car 310.11472 333.59296 117.072075 134.25963 0.68052495
--
car 44.17537 62.260216 100.40038 114.11909 0.5929181
car 309.86838 333.9035 117.012955 134.35945 0.6956849
--
car 310.40445 333.68115 117.37907 134.1014 0.6696844
car 40.605835 65.104355 100.60543 114.80631 0.8231372
--
car 310.5563 333.5784 117.370056 134.12665 0.70026517
car 40.753113 64.897354 100.59112 114.81099 0.82142866
--
car 309.9045 334.0044 118.14398 133.84674 0.6940354
car 40.219383 62.96124 100.39914 114.850494 0.7704784
--
car 309.79306 334.25055 118.10358 133.96266 0.7182996
car 37.60021 60.331993 100.559 115.680756 0.80118644
--
car 309.46796 334.50546 118.00546 133.94324 0.75467783
car 36.531387 60.51688 100.5069 115.89063 0.79647464
--
car 309.55563 334.4647 118.09854 134.09335 0.7731208
car 33.49962 55.779617 103.56126 117.22227 0.786889
--
car 309.30338 334.75443 118.10674 134.50676 0.82424325
car 33.062916 55.56415 103.22849 117.18487 0.8556739
--
car 309.1086 334.91876 118.15607 134.6243 0.8179124
car 30.550873 52.239 102.79416 117.191315 0.8893385
--
car 308.8061 335.26895 118.24374 134.68484 0.8021513
car 29.926277 51.90656 102.82396 117.11782 0.9161797
--
car 28.140024 48.761513 103.44188 117.71692 0.7327031
car 309.26846 334.6234 118.30072 134.54755 0.7839181
--
car 25.063549 46.46275 105.11101 119.70452 0.631008
car 309.41547 334.49222 118.38362 134.67735 0.7515817
--
car 310.07007 333.85947 119.05982 134.48947 0.7888412
car 23.228157 46.05159 104.42885 122.00719 0.85520077
--
car 309.99734 333.9416 119.095146 134.60303 0.6974444
car 18.08815 41.85568 105.43784 123.33983 0.83442515
--
car 310.0473 333.98337 119.06604 134.66336 0.71528983
car 17.540792 41.156525 105.59549 123.30114 0.9270917
--
car 311.56244 336.34314 118.17639 135.92407 0.8180052
car 17.552094 40.581425 105.28748 123.4231 0.8707774
--
car 311.4702 336.43503 118.27281 135.99185 0.801232
car 14.240138 37.85095 107.31173 125.371574 0.8771597
--
car 309.72998 334.01807 119.489426 134.85246 0.7833035
car 13.6681185 37.372513 107.58301 125.19847 0.8375328
--
car 309.9531 333.536 119.92254 135.10512 0.7339646
car 9.510694 33.094227 109.02101 125.752266 0.85735697
--
car 310.0332 333.5582 120.109055 135.05469 0.76557857
car 8.380959 32.366146 109.25916 125.84661 0.814644
--
car 310.14838 333.60834 119.93915 135.02434 0.7646629
car 5.591053 27.780157 112.57176 127.685905 0.8069233
--
car 310.23297 333.58395 119.9989 135.33098 0.75015104
car 5.203289 27.60012 112.15819 127.523834 0.84303623
--
car 310.29794 333.5327 120.43984 135.35449 0.74465877
car 3.3549643 23.329348 113.239 128.3774 0.8778383
--
car 0.5102849 21.277695 113.95922 129.77356 0.616033
car 310.2951 333.3304 120.52052 135.49455 0.6534601
--
car 1.2778232 20.389816 113.999664 129.8852 0.5468481
car 310.31168 333.0282 120.467545 135.16359 0.6357217
--
car 0 20.72328 113.10448 131.7297 0.5627203
car 310.1699 333.08942 120.51354 135.37877 0.63478345
--
car 310.09344 333.02878 120.62733 135.40741 0.6217913
--
car 310.78488 332.62277 120.99386 135.82954 0.6566996
--
car 310.82816 332.38113 120.97105 135.74146 0.6572236
--
car 310.8519 332.29205 120.78303 135.75061 0.6335121
--
car 312.7943 335.55856 120.25669 136.4756 0.6327062
--
car 312.40125 335.9267 120.385445 136.57333 0.6585359
--
car 311.93228 336.25092 121.31836 136.7011 0.61410284
--
car 312.04172 336.231 121.32937 136.64973 0.61291844
--
car 311.8793 336.2554 121.34988 136.68481 0.60602844
--
car 310.00925 332.85876 122.30033 136.7504 0.5872201
--
car 309.97043 333.1292 122.27382 136.63365 0.58651537
--
car 309.77582 333.2322 122.10076 137.31601 0.591916
--
car 309.82928 333.21698 122.596886 137.34886 0.6521209
--
car 309.85184 333.49734 122.53129 137.73215 0.35697252
--
car 309.49866 333.85312 122.6516 138.12604 0.35022655
--
car 309.92584 333.6938 122.864365 138.36194 0.333288
--
car 309.7872 333.7336 122.89948 138.67734 0.38088137
--
car 312.52078 335.7041 122.22444 139.14688 0.31246996
--
car 312.48734 335.9531 122.3287 139.20999 0.4500164
--
car 312.34042 335.85196 122.52879 139.33615 0.4900178
--
car 310.48502 332.81824 123.757164 139.22162 0.32594693
--
car 312.8595 335.29422 122.28646 140.50922 0.43508294
--
--
car 312.89795 335.405 122.29111 140.58089 0.30253384
--
car 312.67206 335.49478 122.2524 140.75984 0.38830292
--
car 312.45105 335.36572 122.56166 141.39323 0.51000834
--
car 312.45642 335.37268 122.71589 141.45453 0.52041626
--
car 312.57245 335.22076 122.698326 141.50548 0.54480684
--
car 312.5422 335.27017 122.688995 141.5344 0.5740243
--
car 312.46643 335.42654 122.69791 141.83395 0.59965515
--
car 312.30585 335.65182 123.09508 142.28651 0.6071843
--
car 312.28427 335.6483 123.07963 142.4029 0.580558
--
car 312.22604 335.64648 123.12492 142.5108 0.5789141
--
car 312.23096 335.71085 122.85103 142.61394 0.52664083
--
car 312.1605 335.67685 123.23576 142.66307 0.63300747
--
car 312.21707 335.6382 123.08436 142.81586 0.66459554
--
car 312.2663 335.6722 123.164955 142.87186 0.66811484
--
car 312.48547 335.97223 122.72257 142.98361 0.41646194
--
car 312.42496 336.00357 122.793495 143.04076 0.3958809
--
car 312.48044 335.9458 126.29016 143.44435 0.31344268
--
car 312.41916 335.89676 126.34082 143.44713 0.34657544
--
--
car 312.4267 335.95215 126.255 143.48785 0.39258817
--
car 312.3745 336.0233 126.75251 143.68257 0.36928058
--
car 312.31186 336.01334 126.94983 143.6602 0.42937946
--
car 312.44797 336.1375 126.731255 143.90892 0.46334913
--
car 312.30957 336.13922 127.06785 143.92229 0.52522796
--
car 2.3738174 44.89003 42.87817 68.90371 0.35810947
car 312.34262 336.1186 126.94811 144.1488 0.66902226
--
car 312.59775 336.16296 127.08702 144.16573 0.43279392
car 2.221967 44.75484 42.634907 69.0661 0.50811034
--
car 312.7462 336.00955 127.33929 144.66516 0.6105801
--
car 312.72357 336.08896 127.3324 144.63268 0.60173434
--
car 312.7488 336.06476 127.47725 144.93208 0.46263012
--
car 312.8848 336.1884 127.45022 145.33868 0.6045642
--
car 312.8349 336.09552 127.47785 145.12964 0.66490084
--
car 312.83237 336.10263 127.62289 145.34598 0.65639305
--
car 312.7298 335.98077 127.67542 145.21523 0.63389945
--
car 312.81653 336.08322 127.62762 145.47559 0.6311828
--
car 312.88776 336.08707 127.922935 146.32568 0.60308427
--
car 312.8455 336.1159 127.99198 146.18924 0.67179585
--
car 312.86188 336.04715 128.16943 146.5922 0.7127181
--
car 312.87897 336.17413 128.18495 146.51048 0.5778407
--
car 1.4807457 32.89292 43.445545 69.12862 0.3718138
car 312.91937 336.17944 128.14658 146.94916 0.69553334
--
car 1.1920327 32.61939 43.223797 69.84225 0.4378084
car 312.95868 336.1752 128.34767 147.05363 0.5465562
--
car 312.95447 336.35687 128.36223 147.00078 0.44339597
car 1.1990225 32.211086 43.29303 69.51068 0.5384508
--
car 312.99286 336.29886 128.50983 147.25603 0.44960108
car 0.8836323 32.32014 43.817406 68.86814 0.67783195
--
car 0.94629765 31.86145 44.281998 68.80932 0.58886456
--
car 1.1239296 31.497475 44.111423 69.08599 0.43934467
--
car 1.1445647 31.231277 45.38802 69.51691 0.5395864
--
car 0.9860319 31.318146 44.826237 69.40853 0.52050984
--
--
--
car 0.3224069 29.024385 43.82308 69.40174 0.38120514
--
car 313.17792 336.3485 128.91805 148.16937 0.33737707
--
car 313.2483 336.3615 128.32294 147.93925 0.4459427
--
car 313.16208 336.36267 128.43164 147.9804 0.36486858
car 0 28.251747 43.12512 69.636826 0.40225196
--
car 313.09384 336.4957 128.32991 148.06967 0.3446361
car 0 28.468359 42.919693 70.248474 0.48128062
--
car 313.20398 336.45514 128.66281 147.99626 0.43891022
car 0 28.020462 43.41601 70.19625 0.5152381
--
car 313.1984 336.53793 128.59486 148.6032 0.47639292
car 0 23.919868 43.81832 69.25653 0.5343914
--
car 313.0984 336.6355 128.68675 148.66156 0.46986488
car 0 23.098326 43.89323 69.41528 0.59429353
--
car 313.12006 336.6752 128.76082 148.67307 0.43342066
car 0 22.488785 43.808697 69.69281 0.5162927
--
car 0 22.758162 44.3282 69.645195 0.36325338
--
--
car 0 22.334644 45.181087 70.19607 0.3348217
--
car 0 21.75253 44.091797 70.63447 0.30538222
--
car 39.726562 445.00186 67.5739 344.93372 0.31883553
--
car 313.10223 336.43793 129.47641 149.8046 0.5948111
--
car 313.10403 336.43848 129.44325 149.82112 0.6284209
--
car 313.0558 336.69318 129.76567 150.12541 0.55976135
--
car 312.95755 336.72366 129.89893 150.05426 0.44740948
