--
car 118.64289 144.07632 24.893463 34.178493 0.44528955
car 236.67502 252.46127 17.028662 33.95195 0.53713393
car 90.572205 121.43257 16.461218 33.9315 0.71245664
--
car 236.35675 252.02559 15.874809 34.100655 0.37505543
car 90.420746 121.13898 16.752316 33.89184 0.5941107
--
car 118.3192 144.93753 25.432236 33.99997 0.31763968
car 236.4119 252.10419 15.527825 34.242016 0.39255232
car 90.12612 121.25159 16.976933 34.4915 0.6459959
--
car 90.10951 122.02845 17.191502 34.31614 0.44702846
car 235.71672 250.27803 15.997676 34.368492 0.48115763
--
car 119.27016 143.3052 25.262661 33.87689 0.4217691
car 90.02243 122.3169 17.255941 34.340652 0.63563913
car 234.71207 249.49422 15.918846 34.34461 0.72114086
--
car 119.56898 142.7023 25.179482 33.97878 0.33936137
car 234.05148 249.16426 15.179808 35.073692 0.5165968
car 89.59031 122.40913 17.585993 35.136486 0.57590705
--
car 119.58534 142.67978 25.309818 34.143715 0.34380075
car 233.36412 249.25847 14.30522 35.284523 0.3876573
car 89.65432 122.58475 17.63486 35.198338 0.56370074
--
car 233.30667 249.32135 14.465189 35.222786 0.37985054
car 119.90106 142.58295 25.2294 34.078377 0.38018724
car 89.66303 122.559296 17.655985 35.255604 0.59463376
--
car 232.86646 249.2909 14.607919 35.561234 0.35838884
car 119.86867 142.56917 25.243532 34.087833 0.37493676
car 89.67177 122.53777 17.639282 35.255627 0.59700006
--
car 119.92171 142.59415 25.338469 34.12871 0.34575525
car 89.637955 122.58038 17.61029 35.325348 0.5871827
car 378.1446 478.27756 252.49251 352.80026 0.96077675
--
car 342.96106 354.0715 40.96464 54.599224 0.3096614
car 119.94627 142.58733 25.335133 34.117596 0.35074124
car 89.668465 122.56019 17.513279 35.421722 0.591163
car 373.53265 478.10013 250.45448 350.90973 0.9666694
--
car 119.91589 142.62085 25.35634 34.081367 0.31211555
car 342.8579 354.08258 41.05158 54.507107 0.34936437
car 89.652954 122.60445 17.536703 35.331413 0.5637373
car 373.4375 478.1669 250.2716 350.78128 0.96710974
--
car 89.84468 121.79958 16.936182 34.559956 0.6113368
car 369.67126 478.3802 246.64442 341.88116 0.9120243
--
car 89.868645 121.95073 16.97271 34.543503 0.6088995
car 362.05075 475.04678 238.73244 336.1622 0.94056153
--
car 89.88431 121.87361 16.992735 34.551914 0.603905
car 349.94513 477.47403 228.14937 309.97076 0.98330075
--
car 89.87471 121.89693 16.999449 34.54428 0.60562986
car 342.69537 478.21582 224.64792 307.23468 0.9930739
--
car 89.87175 121.90309 16.988693 34.535072 0.60245526
car 342.78912 478.42862 224.56317 307.2906 0.9930155
--
car 89.82598 122.131775 17.059917 34.567745 0.62350947
car 342.2494 475.91425 214.29326 301.5508 0.97664386
--
car 222.61125 244.8196 16.198524 36.416374 0.3437749
car 89.798645 122.16781 17.030603 34.58414 0.62657946
car 333.67578 466.59393 206.47362 293.82123 0.9807573
--
car 222.3981 245.1139 15.805544 36.875046 0.41673106
car 89.79678 122.152374 17.043472 34.606262 0.65675724
car 323.851 456.974 197.32237 289.44693 0.9931678
--
car 89.81445 122.133896 17.066528 34.601803 0.6444261
car 321.89557 449.49548 193.69978 288.94214 0.95421296
--
truck 221.08398 247.12663 14.511656 39.40475 0.40879786
car 120.646904 142.63132 25.110104 33.630608 0.31209424
car 89.81503 122.129456 17.066114 34.620613 0.65256655
car 320.93246 440.0502 195.93417 291.80234 0.962242
--
truck 220.44418 247.21744 14.348877 40.09243 0.40031004
car 89.83028 122.068375 17.043455 34.603867 0.6278661
--
truck 220.17262 245.93962 14.119965 40.115562 0.54128486
car 238.85515 250.4732 6.5464153 15.186945 0.3007253
car 120.54142 142.60217 25.073875 33.64785 0.30788782
car 89.81595 122.163246 17.035435 34.593315 0.65182716
--
truck 219.21773 245.20013 14.016468 40.133858 0.4560069
car 120.13225 143.0851 24.902544 33.805088 0.35691002
car 89.81668 122.89259 17.144894 34.752434 0.5535302
--
truck 219.20845 245.21461 13.955493 40.167683 0.4546858
car 120.125114 143.0944 24.903568 33.795326 0.35214317
car 89.81747 122.889114 17.156387 34.739822 0.5607842
--
truck 218.61223 245.68454 13.898362 40.367104 0.3905509
car 120.11537 143.1531 24.923695 33.833076 0.3377591
car 89.80706 122.88702 17.169014 34.712032 0.54311645
--
truck 217.02092 239.31525 15.735895 39.39287 0.47548386
car 120.09894 143.08218 24.968689 33.879963 0.35469326
car 89.80355 122.81379 17.076935 34.74542 0.5211886
--
truck 215.22278 236.61632 16.001265 39.652744 0.40328452
car 120.04187 143.09471 24.919586 33.853123 0.34573802
car 89.79751 122.81435 17.040785 34.753475 0.5266766
--
truck 215.2542 242.9817 14.372165 41.391834 0.43282884
car 120.023605 143.1464 24.904295 33.85358 0.34490728
car 89.79899 122.75113 17.057276 34.757843 0.51292133
--
truck 215.40974 242.95474 13.82503 41.395603 0.5450817
car 120.044586 143.11865 24.898043 33.819965 0.3495053
car 89.82299 122.69412 17.076044 34.784977 0.5210594
--
truck 211.6424 240.32991 14.246974 41.97572 0.74678093
car 120.05768 143.10895 24.8683 33.793644 0.3523796
car 89.788826 122.794075 17.109991 34.80712 0.5809069
car 448.83133 480.84424 205.41873 283.0166 0.63142693
--
truck 210.49358 240.2918 13.647452 42.056824 0.6578631
car 119.97316 143.12482 24.919697 33.890377 0.3165199
car 89.69961 123.11116 17.032362 34.778088 0.5433775
car 440.23358 479.97275 205.17743 279.50037 0.5588051
--
truck 209.88065 239.86871 13.528013 42.298386 0.7228678
car 120.02894 143.08461 24.900507 33.844822 0.3309504
car 89.63751 123.305984 17.099554 34.816242 0.57117
car 436.03336 481.02237 205.5869 280.7462 0.8449043
--
truck 209.83627 240.02635 13.512191 42.29723 0.69195366
car 120.01293 143.08951 24.885777 33.84934 0.32518452
car 89.625404 123.32737 17.086637 34.811104 0.57275444
car 434.92596 481.24106 204.61044 280.37775 0.8789998
--
truck 208.97647 239.31541 13.282623 42.07857 0.68700314
car 119.999084 143.09705 24.850018 33.816547 0.33432806
car 89.63276 123.36492 17.09417 34.846287 0.60258806
car 433.00467 481.05847 200.9449 280.00153 0.8752338
--
truck 269.0965 332.15692 158.3509 267.56766 0.6288726
truck 207.91693 238.69365 13.896935 42.748116 0.7033454
car 89.41331 123.943016 16.972065 34.4786 0.54611754
car 431.73865 483.91818 191.707 275.03183 0.944084
--
truck 206.07709 234.95154 14.410068 42.572414 0.44756517
truck 260.08228 334.89325 157.13963 264.95688 0.45295388
car 331.3722 341.96936 34.376614 45.052498 0.33800766
car 89.409775 123.952446 16.997705 34.49736 0.5873396
car 429.1628 483.6075 191.6033 271.2308 0.9527667
--
truck 258.98956 327.66623 157.40778 259.32477 0.48871398
truck 205.00111 234.85695 15.209201 42.557014 0.56434035
car 331.15622 341.58243 34.24091 44.935356 0.32699284
car 89.34921 124.08225 16.982016 34.469463 0.5780512
car 429.47525 482.42014 189.63351 267.1065 0.95382464
--
truck 259.06592 327.14648 157.48534 259.705 0.47410128
truck 204.96333 234.74767 15.2573 42.781425 0.57410437
car 331.05188 341.64746 34.14625 44.96119 0.3829646
car 89.3469 124.08601 16.977596 34.474674 0.5809251
car 429.77124 482.81964 189.76779 266.5191 0.93997407
--
truck 255.7523 329.9179 155.40741 261.4588 0.46773428
truck 204.03021 234.4319 15.598727 42.86283 0.6629457
car 89.36304 124.11113 16.960596 34.545628 0.6135427
car 428.451 480.8543 188.58588 262.65518 0.91496384
--
truck 250.2067 330.73242 152.45497 257.24442 0.64123
truck 201.6617 233.1497 15.562949 43.988056 0.70851755
car 331.15546 341.04538 33.319973 43.60033 0.5171794
car 89.38096 124.06249 16.967707 34.537487 0.61700934
car 420.119 482.02548 185.39268 257.98956 0.7899038
--
truck 199.65468 232.22433 14.969262 44.82373 0.7240271
car 330.68704 340.42734 33.12693 42.9289 0.38779196
car 89.3602 124.078156 16.96598 34.518757 0.6070662
car 416.2485 482.04495 175.41354 251.59442 0.8342646
--
truck 199.51576 231.9474 14.932837 44.90831 0.7390524
car 330.55563 340.46884 33.421394 42.96287 0.3851256
car 229.42723 331.27902 165.28854 251.06645 0.40131292
car 89.304756 124.21309 16.962053 34.456852 0.6016944
car 416.40317 482.12518 176.00287 250.9582 0.8246812
--
truck 198.49121 233.01503 14.74415 45.164997 0.79417026
car 229.16338 331.5125 163.47044 249.03502 0.34473976
car 330.56342 340.53494 33.34998 42.863758 0.39671746
car 89.32664 124.22364 16.97257 34.457195 0.62865067
car 414.8069 481.12146 174.9677 250.59561 0.93969584
--
truck 196.76022 232.35522 14.211693 45.462864 0.74111325
car 89.26616 124.28271 16.974407 34.420063 0.60099345
car 226.54744 331.05472 160.84625 245.08432 0.7685963
car 415.15067 480.14197 171.95 244.01538 0.92678905
--
truck 193.18222 227.77222 15.001761 46.467278 0.47213802
car 89.40165 124.064896 16.917877 34.484764 0.6075508
car 228.25026 322.87717 154.43623 238.02386 0.7321821
car 414.10077 479.28946 169.81136 238.80402 0.9183427
--
truck 192.4854 227.51968 14.962055 46.984184 0.60235
car 89.42626 123.98032 16.912039 34.47035 0.59457874
car 225.45897 323.0242 153.67416 237.13597 0.7521529
car 413.3857 479.06146 168.73332 236.63553 0.94804364
--
truck 192.57602 226.40976 15.654997 46.670776 0.63760257
car 89.31899 123.60094 17.169092 34.24402 0.641412
car 223.61345 325.00885 153.88858 236.04237 0.6851121
car 413.37402 478.90344 168.13745 236.05638 0.966117
--
truck 191.64412 225.77563 15.728149 46.32129 0.6517175
car 89.27955 123.64387 17.178179 34.189457 0.6192927
car 223.67981 324.1753 153.95932 235.72694 0.6672779
car 412.22342 479.214 168.27977 235.74039 0.9731072
--
truck 190.0006 224.2051 16.86163 49.453968 0.60578406
car 89.25054 123.67999 17.183098 34.142067 0.61740524
car 218.9581 323.92752 152.23347 233.38184 0.7345889
car 406.91547 476.91592 166.13818 234.79225 0.90972364
--
truck 189.92918 222.77524 15.346325 46.14041 0.3942454
car 89.18912 123.75729 17.183477 34.161716 0.60541636
car 217.22443 326.0983 151.92764 232.5634 0.6169769
car 406.33368 475.95157 159.81464 233.12096 0.88549244
--
truck 189.07828 223.14322 15.349392 45.907757 0.3972867
car 89.160194 123.75752 17.15493 34.21099 0.57964176
car 216.55571 325.44318 151.40141 231.52724 0.62215036
car 405.5057 474.21594 159.55725 231.40028 0.9203103
--
car 89.202805 123.65524 17.12069 34.198265 0.593897
car 215.64056 325.7072 152.72371 230.74823 0.6317491
car 404.65543 472.88617 159.28085 229.70224 0.94220066
--
car 214.51936 325.05612 152.495 231.32486 0.48151982
car 89.21343 123.64738 17.114109 34.196068 0.6044924
car 402.60168 471.25565 158.67606 225.25526 0.9055344
--
truck 181.45854 220.02235 15.959967 51.182846 0.30836162
car 89.22364 123.68913 17.063087 34.281506 0.60412323
car 213.78705 321.9604 153.09862 230.60504 0.7803126
car 401.0865 471.25995 157.50873 223.60107 0.911537
--
truck 180.70117 219.246 16.135214 51.617546 0.33734915
car 89.15433 123.74555 17.033318 34.210583 0.55862194
car 212.96259 322.0115 153.2537 230.90932 0.7711405
car 400.14514 470.1341 157.23337 223.62581 0.8923238
--
car 89.10989 123.79548 17.006413 34.207558 0.5296606
car 211.73206 322.89694 154.44237 229.93625 0.8281322
car 399.8636 470.16153 157.42152 223.01674 0.92527664
--
truck 179.74261 218.57083 16.846365 51.090015 0.36923358
car 89.24513 123.71973 17.012924 34.319405 0.55391043
car 212.3393 320.97806 153.82831 230.35495 0.8033778
car 399.99585 469.61105 156.88174 222.09862 0.92181885
--
truck 177.85538 216.05788 16.71417 51.60706 0.64195055
car 210.50714 322.0669 155.07272 230.21712 0.5574169
car 89.38022 123.57599 17.035168 34.32349 0.57526714
car 398.92484 468.62405 155.97035 220.04172 0.96488404
--
truck 176.32071 213.10408 18.426695 53.414894 0.818718
car 236.60338 250.56192 7.39987 16.93918 0.31744143
car 210.95647 322.47485 155.8249 230.58464 0.3247524
car 89.48278 122.62289 16.915598 34.225277 0.5287565
car 397.296 467.4328 155.07588 218.5233 0.9575693
--
truck 174.4294 210.53998 18.708778 53.59378 0.79571617
car 213.34096 318.73236 155.36461 233.12254 0.38021836
car 89.47783 122.61203 16.850874 34.244625 0.502637
car 396.82352 465.99338 155.19368 218.04338 0.97703516
--
truck 174.05495 210.74225 18.698236 54.262558 0.80321306
car 236.47644 250.57002 7.4172535 16.97387 0.3221333
car 214.51346 317.53616 155.88326 233.6232 0.32403916
car 89.541176 122.58568 16.91896 34.33328 0.5523492
car 396.84705 464.9873 155.2171 217.12102 0.9868196
--
truck 173.73398 210.83847 18.23164 54.30275 0.7890845
car 213.66182 317.50568 156.84467 234.06155 0.36972317
car 89.39265 122.88672 16.932726 34.22341 0.52328634
car 396.35117 464.99884 155.13074 216.97517 0.9720339
--
truck 89.45456 122.633675 16.820211 34.254875 0.4177501
truck 169.08607 209.25758 18.300854 55.127743 0.7514488
car 213.27138 319.7289 153.22198 239.86313 0.50172764
car 395.27435 462.99066 153.29106 215.2961 0.94052577
--
truck 167.52596 207.1886 19.06775 55.419994 0.90044844
car 89.559105 122.54577 16.859169 34.24437 0.55190706
car 212.57076 319.26614 154.00189 239.1816 0.79222775
car 394.19928 463.09204 152.85431 215.00272 0.9550986
--
truck 166.38747 206.84792 19.310823 55.796738 0.91097003
car 89.59313 122.51608 16.864834 34.246216 0.58631
car 212.45627 319.41922 153.75952 239.07733 0.83022743
car 394.43024 463.0694 152.77011 215.0701 0.9530248
--
truck 166.49226 207.0462 19.15253 55.859158 0.8829131
car 89.629326 122.48746 16.852493 34.229374 0.6070525
car 212.42752 319.5885 153.50645 239.42126 0.86480045
car 394.49655 462.84045 152.84004 215.37148 0.9050116
--
truck 162.3851 204.09088 18.452648 56.9822 0.53672695
car 89.57913 122.4817 16.826387 34.142063 0.49494597
car 210.7582 324.62347 149.82126 241.17657 0.69710875
car 394.70148 462.0963 151.85098 214.99431 0.8944235
--
truck 89.52123 122.37957 16.697302 34.063988 0.39793238
car 210.27713 322.47577 148.13472 242.412 0.45406646
car 393.6474 462.02023 151.84381 214.8891 0.8539373
--
truck 89.529015 122.34856 16.681107 34.00818 0.3956698
car 208.79837 324.36322 147.82318 241.78543 0.52377325
car 393.47205 462.41785 151.96425 214.65707 0.83189994
