--
--
--
--
--
car 140.00188 147.97346 30.147606 37.161026 0.34709695
--
car 338.7237 373.78122 152.59435 179.11234 0.5575244
--
car 110.66092 118.05093 33.53564 39.23621 0.32651576
--
car 314.50458 356.16458 159.33946 187.29892 0.43895134
car 100.1916 108.525116 33.059654 39.92334 0.5413801
--
car 81.56486 89.8062 34.258736 41.251114 0.33531362
--
car 58.387894 65.07317 24.133703 30.006079 0.41939458
car 301.90552 346.9611 170.23595 200.79823 0.4720605
--
car 62.390907 71.54453 34.971146 43.1052 0.5028993
car 48.803917 55.618435 24.330624 30.938835 0.585962
--
--
car 276.72513 324.03293 174.89223 207.27007 0.41371247
--
--
--
car 242.93904 298.94052 181.95291 212.73758 0.48820582
--
--
--
--
car 232.13434 280.61432 174.69464 207.2095 0.5437241
--
car 232.03415 281.08072 174.55382 207.2866 0.55386996
--
car 220.44218 267.58612 166.36212 198.44801 0.6326891
--
car 220.27417 269.13782 165.6379 198.51408 0.7989646
--
car 219.91579 269.5446 165.27292 198.71422 0.79990363
--
--
--
car 211.49812 258.72687 160.39194 190.36143 0.3912392
--
car 219.0439 265.01962 160.3972 189.73303 0.33422244
--
--
--
car 18.192438 28.484861 39.453133 48.265675 0.34654263
--
--
car 26.735962 37.01878 39.695736 48.58469 0.34093976
car 216.18567 255.7354 147.32088 178.73956 0.49059626
--
car 28.680214 39.07471 39.25319 48.2627 0.41490284
--
car 32.119038 39.713837 39.392723 47.12265 0.3647845
--
car 20.548422 29.515282 25.317535 32.31185 0.3921709
car 33.142902 44.2652 40.133667 48.96012 0.43952596
--
car 38.512314 47.758354 39.25797 47.25106 0.813378
--
car 42.028675 52.05571 39.787476 48.578693 0.45707422
car 29.984238 37.17472 26.264685 32.161785 0.46354994
--
car 31.090343 38.10743 25.925573 32.037178 0.47715372
car 43.930035 54.053505 40.01298 48.106052 0.7012576
car 230.01231 262.03613 140.49133 170.47968 0.7434279
--
car 230.88316 263.6494 139.16586 170.83273 0.6646138
car 46.485947 56.06072 39.070793 47.32472 0.8538061
--
car 34.8636 42.55198 41.384815 51.134487 0.32117158
car 40.959225 47.288864 25.348185 31.886799 0.47524294
car 54.022316 63.977943 38.88054 46.985104 0.77633667
--
car 56.576965 64.564384 35.89439 44.17499 0.38065177
car 56.90554 65.98996 38.580837 46.637897 0.8374496
--
car 48.2034 55.101734 25.671299 31.516691 0.35561657
car 59.865345 67.558464 38.73572 46.540287 0.6791596
--
car 54.550777 62.029995 23.246523 29.085176 0.345645
car 49.33178 56.94936 25.20107 31.947765 0.71699196
car 61.485935 71.45174 39.09637 47.672077 0.7850441
--
car 50.850533 56.45876 25.217754 31.622332 0.34476018
car 64.117874 73.81036 38.639267 46.819515 0.8475577
--
car 69.814255 79.619354 39.343716 47.33272 0.39592692
car 50.672085 57.75054 41.251377 50.29132 0.50775915
car 57.888443 65.04957 25.49462 31.809168 0.6315364
--
car 52.555424 60.65877 40.347076 49.919212 0.39843506
car 59.212322 65.3532 25.546232 31.759071 0.5656214
car 71.58449 81.21248 38.918392 47.123886 0.7711369
--
car 73.98484 82.04986 35.751728 44.10486 0.3176412
car 65.05544 72.14992 24.171825 29.618584 0.38677552
car 55.388603 62.50283 40.7226 49.103592 0.41095105
car 74.16938 83.492226 38.51264 46.65895 0.8361286
--
car 58.974926 65.271225 42.027275 49.39304 0.3362441
car 77.30181 84.89207 38.79109 46.30156 0.6150525
--
car 58.833176 65.363716 41.571804 49.28855 0.30130953
car 76.858925 83.488434 36.081543 43.88003 0.3178904
car 77.298164 84.9359 38.632763 46.2414 0.62348044
--
car 66.39304 73.02146 25.7374 31.594143 0.31030348
car 76.89874 83.52074 36.142464 43.839508 0.3175885
car 58.06052 65.46121 41.28957 49.18138 0.368364
car 77.27039 84.92621 38.655636 46.173183 0.63949615
--
car 77.07319 83.692894 36.124683 43.89706 0.3149752
car 58.236656 65.3464 41.02676 49.094547 0.33171096
car 66.165504 72.85226 25.982 31.923819 0.36040092
car 77.34379 84.958984 38.628765 46.19433 0.6449205
--
car 57.514156 65.47106 40.481606 48.877 0.32092363
car 66.21086 73.06844 26.01798 32.102074 0.3906815
car 77.02359 84.96716 38.59642 46.245785 0.68449813
--
car 57.162292 65.37164 40.271877 48.573387 0.38963142
car 66.048454 73.0467 25.922756 32.11041 0.45036244
car 76.60219 84.491776 38.652435 45.99601 0.66458875
--
car 57.31764 65.34795 40.3111 48.55344 0.38031617
car 66.04081 72.99161 25.938564 32.121807 0.44053653
car 76.631836 84.49167 38.63913 46.00106 0.6551805
--
car 57.318157 65.34952 40.30849 48.5539 0.38292867
car 66.04107 72.98959 25.939653 32.12525 0.4416279
car 76.63575 84.49083 38.639343 46.000484 0.6567624
--
car 57.32314 65.381714 40.311172 48.648586 0.3135416
car 65.8944 72.90983 25.735403 31.941006 0.4958967
car 76.004745 84.38898 38.62095 46.109734 0.6915539
--
car 57.269825 65.36859 40.295654 48.523003 0.344608
car 66.05008 73.0287 25.74603 31.889137 0.50929743
car 75.74039 82.95999 36.05757 44.00362 0.52542144
car 76.14946 84.359825 38.655334 46.052082 0.68016666
--
car 226.58318 246.02296 116.62264 141.28304 0.35338798
car 66.524605 73.70809 24.817873 30.790516 0.37083802
car 75.2215 83.06847 35.956837 43.886936 0.74696934
--
car 56.31906 64.83928 39.933025 47.97737 0.38366374
car 66.43369 73.84628 24.994736 31.19338 0.4314659
car 75.16485 82.85167 35.91647 43.833576 0.7371677
--
car 66.59913 73.4337 23.940947 30.083506 0.37089607
car 56.46498 65.20581 40.263695 48.07372 0.4506794
car 75.575485 82.51803 36.121834 43.7798 0.5631062
--
car 66.591774 73.46979 23.870173 30.09267 0.37527698
car 56.327297 65.16241 40.195644 48.18395 0.48127148
car 75.37108 82.58372 36.098755 43.6184 0.66398346
--
car 66.508896 73.40638 23.834164 30.062847 0.38066274
car 56.09693 65.01702 39.970238 47.97636 0.45922622
car 75.37016 82.618286 36.069668 43.592487 0.6775709
--
car 66.2913 73.10169 23.902597 30.070133 0.40744078
car 56.059666 64.84988 39.92321 47.952454 0.42409223
car 75.14517 82.78241 36.11927 43.749077 0.6262812
--
car 66.26045 73.09099 23.946663 30.099966 0.41519418
car 56.05569 64.86015 39.92193 47.949013 0.4177437
car 75.1482 82.81615 36.13704 43.789734 0.633112
--
car 66.260124 73.08922 23.949133 30.101643 0.4158105
car 56.058987 64.86145 39.922882 47.948666 0.4186569
car 75.14773 82.81558 36.13764 43.78943 0.63391215
--
car 56.170265 64.4984 39.79657 47.891296 0.39126873
car 65.90943 72.522644 23.944948 29.985134 0.40357858
car 74.87492 82.7412 35.93192 43.603893 0.71765316
--
car 65.70766 72.49623 23.605896 29.49004 0.35275155
car 55.935455 64.198685 39.39474 47.496376 0.45335302
car 75.20509 82.63869 36.16639 43.480145 0.71703225
--
car 55.81754 63.99871 39.249737 47.391956 0.412476
car 65.493904 72.26698 23.704279 29.60957 0.44961175
car 74.99641 82.46557 36.21346 43.16099 0.74589676
--
car 55.93129 63.970512 39.033104 47.331852 0.39672905
car 65.712296 72.494095 23.597141 29.420904 0.446279
car 74.96392 82.47456 36.154713 43.199894 0.7508617
--
car 65.73079 72.48549 23.686653 29.467466 0.4591688
car 74.90965 82.42525 36.11796 43.30653 0.7545355
--
car 65.73082 72.5383 23.687172 29.44666 0.45246425
car 74.94265 82.457855 36.099342 43.263634 0.7575393
--
car 74.11794 80.67881 23.299446 28.802288 0.35718548
car 213.28801 232.60213 105.7278 127.589325 0.38536602
car 66.077446 73.16403 23.953775 30.087988 0.6212216
car 74.432236 82.31889 35.521202 43.39365 0.7586742
--
car 74.136055 80.67534 23.314407 28.78834 0.35659662
car 213.31117 232.61307 105.49835 128.22108 0.41197217
car 66.083015 73.14817 23.960243 30.075857 0.6212402
car 74.435104 82.3209 35.52716 43.383274 0.75721836
--
car 74.13089 80.67298 23.31701 28.791632 0.35683134
car 213.33469 232.60011 105.416626 128.35823 0.4205392
car 66.081375 73.147675 23.96173 30.07626 0.6214816
car 74.4346 82.322655 35.531044 43.383835 0.757735
--
car 74.13552 80.67131 23.319603 28.788166 0.35640565
car 213.33415 232.59447 105.42206 128.36383 0.41334057
car 66.08468 73.14485 23.963438 30.074207 0.6213348
car 74.43671 82.320854 35.53131 43.381054 0.7571082
--
car 74.131584 80.669235 23.319921 28.789665 0.3555264
car 213.33484 232.5941 105.41926 128.36551 0.41445133
car 66.08505 73.14513 23.962883 30.074547 0.620782
car 74.43689 82.323296 35.52999 43.38107 0.75675064
--
car 74.178345 80.6357 23.44197 28.975576 0.35165232
car 66.318474 73.37529 23.725517 29.68958 0.5880782
car 74.231705 82.12131 35.08312 42.94598 0.7780329
--
car 74.21025 80.65838 23.47016 28.994062 0.35022625
car 66.16322 73.22985 23.754045 29.753868 0.60479456
car 74.20936 82.11203 35.101974 42.94818 0.77404517
--
car 74.135414 80.62301 23.489752 28.986418 0.35700086
car 66.47301 73.39335 23.637197 29.506048 0.5708665
car 74.11622 81.98878 35.04632 42.856903 0.7686543
--
car 74.15699 80.6544 23.458487 28.975925 0.36327422
car 66.21657 73.10657 23.761637 29.703989 0.5855609
car 74.10821 82.029335 35.027554 42.87932 0.7799611
--
car 74.421844 80.71677 23.585474 29.063044 0.3694945
car 65.93556 72.87817 23.82746 29.954264 0.63989496
car 73.86017 82.145775 35.08345 42.91995 0.820559
--
car 74.35569 80.623505 23.549278 29.009617 0.35876843
car 66.05549 72.939415 23.798756 29.864254 0.6217693
car 73.89604 82.11113 35.091812 42.87334 0.816253
--
car 74.36892 80.53777 23.592152 28.970362 0.3530702
car 66.16487 73.00907 23.786173 29.810774 0.6128106
car 73.89456 82.065056 35.16926 42.912884 0.8033424
--
car 74.49205 81.71039 35.755108 42.72091 0.7235066
--
car 74.48891 81.70969 35.7607 42.721367 0.72402126
--
car 74.68245 81.487434 35.70396 42.45827 0.61637866
--
car 74.682495 81.4459 35.595005 42.458984 0.6230627
--
car 74.65048 81.56941 35.48986 42.38225 0.6628283
--
car 74.6512 81.570625 35.489555 42.374588 0.66737884
--
car 66.50033 72.65555 23.449532 29.15304 0.32109946
car 74.583954 81.5195 35.478165 42.40818 0.6368395
--
car 74.57458 81.48428 35.463226 42.406727 0.63595456
--
car 74.5747 81.484276 35.463303 42.406776 0.63603854
--
car 66.424194 72.74667 23.56687 29.262562 0.3699923
car 74.42259 81.61043 35.117256 42.047794 0.7392383
--
car 66.49272 72.79588 23.568182 29.243227 0.37022758
car 74.44056 81.6096 35.134487 42.055454 0.73748183
--
car 74.265976 81.318596 35.374073 41.923573 0.6437171
--
car 66.74641 73.297676 23.478193 29.218973 0.41248724
car 73.94949 80.14193 35.018116 41.818375 0.6441468
--
car 55.613003 61.818016 35.134304 43.332703 0.3047527
car 66.754135 73.28349 23.499557 29.22595 0.41317254
car 73.95527 80.13441 35.031162 41.81361 0.6484235
--
car 55.566586 61.8369 35.155262 43.332973 0.30175173
car 66.76995 73.36912 23.473114 29.220224 0.43047744
car 73.98939 80.301476 35.04044 41.814667 0.65560204
--
car 55.389507 61.797783 35.20262 43.454384 0.31641158
car 66.76576 73.307175 23.56605 29.233643 0.4113732
car 73.9296 80.357506 35.06171 41.815712 0.64581645
--
car 55.41139 61.831013 35.20105 43.437584 0.32025585
car 66.77302 73.31459 23.542511 29.21932 0.40644398
car 73.89385 80.43558 35.074986 41.84562 0.66762507
--
car 55.4065 61.82646 35.208775 43.435356 0.32029316
car 66.772095 73.30895 23.545681 29.213413 0.40654305
car 73.896675 80.432625 35.0772 41.833477 0.664842
--
car 66.827774 73.365814 23.391914 29.06829 0.37559456
car 73.97908 80.49474 34.95234 41.886974 0.6295116
--
car 66.78881 73.33911 23.41459 29.13615 0.3823427
car 74.00449 80.515465 34.93797 41.870274 0.63851213
--
car 67.34058 73.65885 23.546442 29.300371 0.3645109
car 73.84621 80.42045 34.664845 41.12626 0.61424017
--
car 73.398315 80.221596 34.696648 41.190125 0.6457971
--
car 73.29088 80.290764 34.72212 41.324505 0.72363865
--
car 73.217865 80.16962 34.791122 41.274384 0.7375418
--
car 54.30098 60.945095 34.734596 42.532154 0.3515663
car 73.277176 79.99309 34.741703 41.153656 0.6709872
--
car 54.145596 60.841213 34.6563 42.48286 0.34709945
car 73.17693 79.990486 34.853485 41.223103 0.7076223
--
car 54.117584 60.799683 34.67607 42.470303 0.32425237
car 73.15755 80.0054 34.880764 41.25242 0.69755113
--
car 54.1224 60.810436 34.642097 42.455208 0.3162974
car 73.13829 80.013016 34.817738 41.260216 0.69113547
--
car 54.15295 60.829384 34.664677 42.426105 0.33762878
car 73.141136 80.01649 34.813942 41.261013 0.6860489
--
car 53.80957 60.462307 33.974792 41.903904 0.30388474
car 72.78751 79.445885 34.308308 40.780876 0.687439
--
car 53.88052 60.464474 33.994255 41.940113 0.32614985
car 72.745224 79.46533 34.28462 40.815147 0.6971561
--
car 53.848824 60.46443 33.93831 41.972286 0.32461426
car 72.72093 79.338974 33.94485 40.64302 0.6786751
--
car 53.880245 60.386566 33.912167 41.827667 0.33273685
car 72.740746 79.32779 33.862164 40.565006 0.70688444
--
car 53.717136 60.046864 34.12718 41.564022 0.34853882
car 72.67964 79.31624 33.89175 40.677094 0.68083215
--
car 53.693478 60.07473 34.12465 41.593983 0.33263746
car 72.70518 79.313614 33.93738 40.655956 0.6618568
--
car 53.73508 60.064243 34.142197 41.570972 0.33462536
car 72.67819 79.30764 33.985596 40.664616 0.665106
--
car 53.40804 60.07025 33.585472 41.53612 0.35034803
car 72.03177 79.39013 34.035824 40.66234 0.7452554
--
car 53.39771 60.107544 33.544292 41.548996 0.35876498
car 72.00945 79.3771 34.011616 40.684032 0.7452826
--
car 53.397514 60.11228 33.54119 41.537487 0.3611327
car 72.00508 79.39287 34.01363 40.683388 0.7456943
--
car 71.79129 79.34578 34.00797 40.74158 0.72392416
--
car 71.85294 79.19101 33.377316 40.31983 0.57650393
--
car 71.8099 79.20002 33.374447 40.348164 0.570415
--
car 71.863655 79.198746 33.18079 40.109165 0.60323805
--
car 71.88231 79.20437 33.243973 40.14242 0.59830046
--
car 71.813194 79.16946 33.390343 40.091686 0.5275238
--
car 71.6838 78.9083 33.348297 39.862633 0.47684175
--
car 71.673904 78.9058 33.354965 39.85498 0.4810551
--
car 71.607735 78.91181 33.34302 39.824326 0.44881353
--
car 71.583885 78.8892 33.20863 39.847164 0.36505398
--
--
--
car 72.02459 78.61711 33.11952 39.30207 0.30250496
--
car 71.97824 78.591545 33.15649 39.334023 0.30350813
--
car 71.984184 78.566826 33.110428 39.21675 0.3270044
--
car 71.991264 78.54778 33.11271 39.237816 0.31809974
--
car 71.99247 78.54553 33.110687 39.23248 0.32034343
--
car 71.8728 78.52728 33.032364 39.234104 0.35656264
--
car 71.76172 78.40063 33.09395 39.294727 0.30781364
--
--
car 60.69974 65.003265 23.328724 28.357689 0.36951217
--
car 60.763916 64.86259 23.727001 28.38552 0.3396471
car 70.18677 75.55303 32.257744 38.717815 0.4097946
--
car 60.76199 64.837975 23.768133 28.43082 0.34869364
car 70.06807 75.49159 32.472797 38.889618 0.39755586
--
car 60.83328 65.00547 23.807083 28.471874 0.38934633
car 69.86715 75.494896 31.882019 38.256664 0.47253692
--
car 60.833794 65.00369 23.808832 28.471445 0.39007783
car 69.868965 75.493805 31.88235 38.25527 0.47375754
--
car 60.795265 64.830734 23.957478 28.556286 0.42199436
car 70.06455 75.59086 31.99448 38.288193 0.50748223
--
car 60.788654 64.8375 23.954395 28.561316 0.41904727
car 70.05999 75.59733 31.992464 38.289608 0.50329983
--
car 60.729225 64.88629 23.906092 28.544258 0.4870111
car 70.03333 75.548645 32.10069 38.39147 0.52710587
--
car 69.572334 75.03668 31.927973 37.864365 0.4253203
car 60.479156 64.87655 23.248167 27.812826 0.5236229
--
car 69.50083 75.05 31.918398 37.98013 0.41989887
car 60.401833 64.87919 23.15084 27.743769 0.5331479
--
car 69.40499 75.10109 31.848948 37.986633 0.3999773
car 60.325886 64.849365 22.994473 27.55424 0.54300547
--
car 69.4098 75.10349 32.004887 38.13681 0.37626812
car 60.3453 64.86624 22.96995 27.580135 0.5593742
--
car 69.37897 75.18762 31.876368 38.083744 0.42140645
car 60.409878 65.04535 22.94606 27.63448 0.62402344
--
car 69.11868 74.726074 31.623966 37.643005 0.36879924
car 60.184273 64.743324 22.987778 27.790102 0.41825393
--
car 60.292904 64.71022 22.895609 27.346344 0.37910482
car 69.58238 74.82237 31.632563 37.43079 0.38339663
--
car 69.5919 74.81574 31.676231 37.374474 0.35664976
car 60.253517 64.69504 22.989567 27.410385 0.41154036
--
car 69.45088 74.79452 31.64169 37.49805 0.36343166
car 60.21434 64.65535 22.953527 27.412779 0.40674034
--
car 60.009335 64.54758 22.988192 27.552597 0.3821174
--
car 69.129196 74.69135 31.441927 37.287296 0.42545328
car 59.866417 64.558426 23.04801 27.528769 0.510312
--
car 68.99211 74.47393 31.350927 37.0296 0.37385875
car 59.97987 64.462944 23.177654 27.5727 0.50877947
--
car 59.913837 64.33888 23.067112 27.485548 0.43669945
--
car 59.91012 64.340706 23.00963 27.400965 0.43744954
--
car 59.89183 64.17527 22.86397 27.273228 0.32812852
--
car 68.69533 74.545265 31.641571 37.266598 0.31898665
--
--
--
--
--
--
--
--
--
car 67.13843 74.1307 24.293966 30.400911 0.33205968
--
car 67.05971 73.76691 24.359365 30.303726 0.30926174
--
--
car 66.86844 73.12205 24.85053 30.517431 0.35271013
--
car 66.878075 73.36067 24.96563 30.741997 0.3506068
--
car 365.55844 438.53726 282.74136 346.79745 0.33064297
car 66.70744 73.04349 25.038292 31.205399 0.4391046
--
car 66.579834 73.03333 24.941277 31.253277 0.42628288
car 354.2137 430.12656 270.7988 329.34378 0.48896712
--
car 352.10855 429.9222 266.93143 327.5559 0.3870688
car 66.536896 73.060555 24.928783 31.323265 0.42814654
--
car 351.2476 431.05292 265.7528 327.31305 0.31369707
car 66.557556 73.15553 25.108475 31.526148 0.4792056
--
car 66.552605 73.477356 24.530151 30.854933 0.42877436
car 342.66992 414.97174 255.26833 311.76773 0.66729015
--
car 66.46392 73.34039 24.366692 30.654015 0.3999451
car 336.82306 408.77966 249.61069 308.02905 0.7895967
--
car 324.90576 395.4501 239.66617 297.1175 0.42642373
--
car 321.32205 389.82083 237.18959 288.29996 0.9522151
--
car 321.5336 389.87155 237.03818 289.09033 0.9454315
--
car 314.06134 377.57257 227.7947 275.6925 0.89533895
--
car 304.29147 365.7656 218.78448 265.98715 0.9617838
--
car 66.71673 74.10361 24.898455 31.103912 0.3162988
car 295.44852 364.68613 213.64757 263.09875 0.89190346
--
car 294.89462 364.8094 212.85983 264.3047 0.88801557
--
car 289.55417 354.69244 204.52982 253.33945 0.9345779
--
car 66.32198 74.71685 23.325726 30.676582 0.31733918
car 288.99814 342.50543 203.98195 248.50504 0.9737132
--
car 283.1792 336.4057 197.77373 242.43933 0.655479
--
car 66.25335 74.709076 23.218119 30.63772 0.30799997
car 283.4929 335.6374 197.5479 240.71863 0.82470745
--
car 66.17049 74.76321 23.102552 30.474781 0.30620357
car 283.63318 335.5086 197.44498 241.18803 0.84511673
--
car 273.56723 325.9576 189.99095 231.61986 0.9300824
--
car 271.77393 322.82333 184.56322 228.56538 0.84093446
--
car 268.2241 318.201 182.8014 224.59666 0.8505227
--
car 265.67923 309.7241 179.48703 214.12915 0.4088942
--
--
car 262.5624 302.60126 173.2113 212.64784 0.5977695
--
--
--
--
--
--
--
--
--
--
--
--
--
--
car 219.62784 254.66895 142.5185 174.65575 0.33297315
--
car 219.30647 255.66098 141.57686 174.42749 0.30239707
--
car 215.2909 253.23235 140.52925 170.05501 0.6268103
--
car 215.24474 253.34413 140.46948 170.09277 0.6328142
--
car 212.48141 246.83313 136.19296 164.42267 0.6033337
--
car 209.64536 246.00752 134.39627 164.58075 0.71318424
--
car 205.97069 239.9943 132.66113 160.17468 0.5115108
--
car 205.9599 239.94498 132.71927 160.29073 0.5233462
--
car 202.18047 234.8062 128.3787 154.71819 0.71710896
--
car 202.0767 234.46106 127.41577 155.44325 0.6513846
--
car 199.04565 231.51181 127.06129 154.53027 0.48247975
--
car 198.62617 228.58595 124.822205 151.71698 0.43303868
--
car 198.61104 228.57825 124.80782 151.72922 0.43154466
--
car 195.98552 224.29434 122.89965 149.21663 0.55272615
--
car 192.9731 223.59668 117.83779 147.21765 0.5461857
--
car 191.49585 220.94392 118.719986 146.2345 0.5034104
--
car 190.28384 218.63553 117.96258 145.25908 0.7546812
--
car 190.05374 218.949 117.94999 145.23984 0.7918291
--
car 186.07109 215.55164 116.38335 140.78432 0.66504973
--
car 185.79253 215.0145 116.711876 140.98282 0.7042711
--
car 184.80083 213.2256 115.36748 139.17725 0.7087206
--
car 181.5262 208.78108 111.2353 135.6978 0.7612158
--
car 181.53667 208.77838 111.17853 135.72252 0.76251227
--
car 179.24503 206.87878 110.02174 134.35857 0.8570512
--
car 179.23608 206.17862 109.9802 133.87375 0.908832
--
car 178.98497 205.74953 109.855736 133.44377 0.912922
--
car 176.12628 203.82005 109.06437 131.8548 0.85497105
--
car 175.92125 203.5955 109.059616 131.90364 0.8288567
--
car 173.86838 198.6784 106.33682 129.80843 0.9094142
--
car 173.45776 198.63864 106.00172 129.43135 0.88971627
--
car 172.70107 198.00998 102.25726 126.45538 0.8950919
--
car 169.55045 195.42728 100.700455 126.506035 0.9493737
--
car 169.49557 195.11702 100.78191 126.43067 0.9522868
--
car 166.12038 192.90472 100.71381 125.1832 0.88900405
--
car 169.11955 192.27205 100.246735 124.33042 0.8887089
--
car 169.03073 192.11703 99.28094 122.69392 0.8774125
--
car 163.79184 191.06546 96.47488 122.39737 0.7133452
--
car 166.46669 189.08699 96.92611 121.00194 0.82653356
--
car 166.16588 187.5058 97.53417 119.63013 0.76327366
--
car 162.39043 185.47543 96.80762 118.395325 0.7738119
--
car 161.1982 184.31683 93.16033 116.3638 0.83441615
--
car 161.2733 184.36584 93.15195 116.35061 0.85919946
--
car 159.91313 182.3019 94.40098 114.713135 0.87114644
--
car 159.00577 181.58888 93.39512 114.4687 0.8990504
--
car 158.40945 180.8493 92.29586 114.0204 0.900288
--
car 158.45619 179.13824 91.28288 112.67521 0.81297576
--
car 158.4669 179.16145 91.27716 112.80135 0.8387002
--
car 157.55022 178.32101 90.264755 111.95745 0.79269886
--
car 157.65169 178.13173 90.66176 111.853676 0.81026065
--
car 157.68648 176.66762 89.810196 110.41727 0.61382234
--
car 157.67586 176.70834 89.82709 110.3884 0.6174543
--
car 156.01917 174.25346 88.78381 110.68618 0.44252872
--
car 156.981 173.57219 90.16849 108.05865 0.4849899
--
car 157.3879 172.97766 89.324394 107.78104 0.43083358
--
--
--
--
--
--
--
--
