--
car 254.03432 272.72354 64.15548 88.27042 0.38696536
car 305.8432 318.9804 84.2885 94.7205 0.62609
car 189.27031 212.20753 94.5737 122.530815 0.7190197
car 238.92667 254.38855 85.904465 99.446175 0.74111766
car 131.26353 172.50719 109.50744 145.7505 0.7550868
car 209.57346 228.79681 88.404045 111.963196 0.861221
car 166.50209 196.4171 102.807816 132.59055 0.8932537
car 285.12784 306.9944 90.01257 106.91873 0.9327602
car 265.60562 285.94324 84.583046 102.868324 0.9614833
car 172.87976 238.88579 145.15717 198.68268 0.9741452
car 79.26664 139.19328 127.26481 167.07721 0.976488
car 401.7641 479.63068 189.92563 263.077 0.99292827
--
car 254.04688 272.86298 64.05118 88.31704 0.3729271
car 305.71182 319.016 84.18645 94.662224 0.66743195
car 239.02876 254.45769 85.60004 99.347755 0.71171314
car 189.26419 212.22313 94.64887 122.55811 0.71206844
car 130.96259 172.38814 109.693756 145.51538 0.81499267
car 209.62158 229.0544 88.500046 111.99246 0.83298504
car 166.63579 196.2616 103.31714 132.64464 0.9106303
car 285.06265 307.0363 89.85419 106.93292 0.9418775
car 265.74924 285.86063 84.35837 102.97853 0.9603311
car 79.279724 139.26047 127.59582 167.07722 0.9764864
car 173.11751 238.94733 144.98349 198.65773 0.97875524
car 401.875 479.66547 190.20085 262.73877 0.99400884
--
car 306.0033 318.74286 84.4126 94.5922 0.41328716
car 254.00165 272.80057 63.990154 88.22285 0.43414629
car 189.35094 212.1939 94.65218 122.77824 0.69352156
car 238.97586 254.45323 85.39647 99.345825 0.7213594
car 130.92535 172.37572 109.67443 145.51907 0.818986
car 209.6874 229.01643 88.29774 112.004715 0.8364357
car 166.79257 196.3048 103.24191 132.5873 0.9071692
car 286.18097 306.36084 89.95048 106.275986 0.9464599
car 265.19815 285.4737 85.277306 103.20944 0.9618979
car 79.39014 139.0728 127.649994 166.91423 0.9798341
car 180.24565 241.34158 142.6922 192.55234 0.9863457
car 391.6048 478.96112 191.74971 260.60837 0.9955517
--
car 253.98665 272.83856 63.96602 88.24104 0.43570375
car 306.1254 318.73764 84.24548 94.608536 0.46487108
car 189.401 212.21175 94.63958 122.74782 0.6901949
car 239.03816 254.40869 85.41117 99.23371 0.7267487
car 130.94049 172.35638 109.67675 145.50981 0.8192409
car 209.7189 229.00163 88.26858 111.99096 0.8377587
car 166.90872 196.2965 103.21747 132.60396 0.90687525
car 286.35275 306.2027 89.901184 106.292786 0.9500912
car 265.18042 285.46722 85.41754 103.17623 0.96382415
car 79.39118 139.08269 127.64165 166.91612 0.9795898
car 180.1285 241.43365 142.69518 192.7319 0.9870982
car 391.36868 479.02435 191.6362 260.66766 0.9952892
--
car 253.48955 273.06403 64.08837 87.89793 0.42299125
car 238.75343 254.58429 85.22201 99.37034 0.6099616
car 189.51775 212.31653 94.52225 122.962585 0.71285915
car 209.66672 229.05072 87.92444 112.10054 0.80943394
car 131.13585 172.263 109.52328 145.66745 0.8773714
car 166.92456 196.15984 102.901085 132.68472 0.9005626
car 289.72726 305.30438 87.861 102.33599 0.9366383
car 264.44907 284.96936 84.57403 103.49343 0.9701599
car 79.69757 138.83449 127.55698 167.0254 0.981619
car 185.72198 243.18575 139.2996 187.96239 0.99160427
car 377.07294 479.60614 194.10223 259.9979 0.9971622
--
car 308.31665 321.42374 83.18072 94.19088 0.31711575
car 303.13202 314.6659 62.68963 70.36365 0.3261006
car 253.54486 273.20908 64.16272 87.889244 0.3784716
car 238.81435 254.46545 85.36768 99.44252 0.6234164
car 189.41325 211.96002 94.504135 123.11799 0.65247226
car 209.62236 229.12784 87.983864 112.40666 0.78537405
car 131.07568 172.23416 109.44034 145.69864 0.8849009
car 166.9136 196.06784 102.81292 132.7069 0.8897842
car 263.776 284.00015 84.72831 103.15272 0.9548042
car 290.26804 305.47266 87.641266 102.48047 0.95955366
car 79.64926 138.85448 127.61676 166.98152 0.9815015
car 189.24982 247.8464 135.84068 183.78505 0.9926333
car 374.70148 480.2473 194.1288 261.17004 0.9967481
--
car 303.089 314.57278 62.604073 70.309845 0.33160865
car 253.63521 273.2656 63.886726 87.9184 0.3769913
car 238.78217 254.43866 85.506805 99.46773 0.618753
car 189.40297 211.99306 94.486496 123.14491 0.6499213
car 209.65231 229.14627 87.93908 112.41711 0.776553
car 131.06537 172.25829 109.45138 145.70486 0.8807615
car 166.91957 196.07889 102.80604 132.74673 0.8896836
car 263.81802 283.92407 84.70951 103.052795 0.95773804
car 290.59753 305.40094 87.63383 102.46657 0.9617189
car 79.6228 138.88216 127.60767 166.97868 0.98133576
car 189.27803 247.74622 135.9249 183.67456 0.9941144
car 374.33435 480.42865 193.82767 261.3223 0.99656665
--
car 253.67203 273.08795 63.700985 87.859276 0.30235937
car 309.65634 323.3538 79.96203 91.372284 0.33856568
car 323.01553 333.1641 63.18331 71.12421 0.35291153
car 303.69852 314.6516 62.530613 69.93676 0.35637188
car 184.26974 215.27402 93.76559 123.74659 0.62697214
car 239.0744 254.43672 86.02599 99.54939 0.66383314
car 209.69395 229.23303 88.03859 112.52007 0.7899828
car 131.08386 172.04175 109.53825 145.72853 0.89354336
car 166.87428 195.97398 102.91775 132.6977 0.9029039
car 263.0062 282.74783 85.35121 102.94496 0.933571
car 291.1556 305.72415 87.58159 101.69928 0.9725469
car 79.56398 138.92398 127.649864 167.04816 0.980257
car 195.25804 250.22493 133.36815 181.1576 0.9873717
car 368.0738 478.92224 192.5046 266.02252 0.9958316
--
car 303.49933 315.05865 62.760654 69.99717 0.30542317
car 191.04146 224.66139 91.41707 117.05306 0.30626744
car 322.73416 332.8935 63.27961 71.090225 0.3120561
car 309.68262 323.4226 79.98146 91.49655 0.34709832
car 209.65892 228.83192 87.36061 114.130066 0.46836376
car 238.49289 254.63708 86.07757 98.54948 0.5720556
car 290.88693 305.62607 92.34405 103.66329 0.6274003
car 223.83633 265.01062 103.22532 118.07965 0.8122064
car 129.18594 173.4943 112.564674 145.1603 0.82308286
car 160.33156 197.62885 104.43348 132.48134 0.9011698
car 262.03833 282.37952 86.34554 102.89422 0.908936
car 195.34651 249.82236 132.59607 180.88579 0.941439
car 292.43387 306.21732 87.98209 99.9993 0.9596906
car 79.554115 144.92278 127.17987 165.61633 0.9799179
car 374.46143 479.08127 196.74522 260.35858 0.9846696
--
car 190.7016 224.64223 91.564964 117.15364 0.30582535
car 270.54956 288.93475 109.72336 118.13985 0.36867946
car 309.65732 323.10947 80.11784 91.61858 0.41677448
car 209.76837 228.8716 87.47619 114.495155 0.41977036
car 238.15123 254.92976 86.033295 98.56232 0.56874454
car 290.9837 305.73553 92.403595 103.63522 0.6249309
car 128.82068 173.74097 113.1188 145.10802 0.79317796
car 160.3688 197.62387 104.77823 132.42917 0.8752515
car 223.22217 265.15628 103.28564 118.21711 0.88454276
car 262.13895 282.2224 86.088974 102.87355 0.8889305
car 195.79794 249.32828 132.88869 180.9516 0.9204359
car 292.341 306.3321 88.20833 100.02125 0.955287
car 374.15588 479.1885 196.9044 260.6614 0.96700835
car 79.928024 144.43217 127.101944 165.74121 0.977495
--
car 322.1717 331.55295 67.37804 74.00188 0.33747384
car 184.86305 215.44173 92.477684 117.52722 0.34748045
car 304.00995 314.69638 62.734802 69.663704 0.3660985
car 322.86023 332.5845 63.48069 70.95346 0.4012588
car 209.8685 229.1669 87.488106 114.99265 0.42917323
car 308.64465 321.8275 84.18759 94.14209 0.4719452
car 237.91553 255.0664 85.63382 98.53922 0.5364417
car 129.22853 173.38124 112.36275 144.89522 0.8138376
car 223.46278 265.46185 102.679695 117.92796 0.8668316
car 261.8215 281.99023 86.67674 102.903206 0.8882101
car 159.99457 197.64331 104.42236 132.38931 0.9035987
car 194.11067 246.86185 130.24878 178.8754 0.90974164
car 292.05426 306.6634 87.84251 100.01164 0.9716655
car 79.85451 144.4483 126.86822 165.58432 0.9815976
--
car 269.7541 289.12488 110.065674 118.257866 0.32598
car 190.3862 225.06337 91.111595 117.62152 0.34460405
car 303.96484 314.96158 62.85933 69.7143 0.35584527
car 322.64972 332.57947 63.453533 70.94319 0.36716294
car 209.84874 229.07465 87.533356 115.15367 0.40529296
car 308.91568 321.64307 83.96035 94.15333 0.5009157
car 357.52737 474.67206 194.18674 263.00928 0.5335651
car 237.99593 255.06429 85.86248 98.47761 0.5647878
car 129.1539 173.66595 112.68188 145.09505 0.76452327
car 195.50237 254.13345 129.2446 177.18047 0.78265214
car 223.48506 265.8865 103.18912 117.82005 0.8399675
car 159.96523 197.58899 104.41126 132.28462 0.86426413
car 261.59695 281.7285 86.72381 103.18886 0.8671093
car 292.649 306.9712 87.64236 99.680695 0.9670388
car 79.85787 144.31161 127.08823 165.52405 0.97727543
--
car 308.80206 321.35297 83.661865 94.43436 0.40162757
car 270.21387 288.7996 109.83177 118.078575 0.48849583
car 238.54848 254.6933 85.685814 98.13631 0.5499935
car 128.80148 173.87054 113.19126 144.21944 0.5822225
car 195.7858 254.494 128.84492 175.51933 0.6848659
car 353.23413 473.40167 195.6682 262.48572 0.74204063
car 159.90504 197.14859 104.09679 132.62524 0.7805689
car 261.54498 281.49335 86.78627 103.386475 0.83152646
car 224.42877 264.84158 103.16795 117.80586 0.87279695
car 292.79764 306.8196 87.568695 99.470276 0.96352047
car 78.55043 139.76894 127.17046 167.41896 0.97084016
--
car 208.71265 229.12392 89.40809 115.54139 0.32150996
car 309.22885 321.39868 83.9682 94.44214 0.32968763
car 269.7114 289.77142 110.04142 118.28894 0.38799772
car 238.57124 254.86983 85.67911 98.37405 0.53026235
car 128.8173 173.83722 113.50692 144.20193 0.59682643
car 206.97563 256.3547 125.87287 169.36714 0.65208644
car 261.03024 280.90817 86.93865 103.85799 0.7779791
car 159.94315 196.936 104.330696 132.46481 0.8138349
car 224.29433 264.3184 102.273315 118.188126 0.9034362
car 293.62073 307.49475 87.47171 99.467705 0.95864636
car 78.47539 140.00659 127.28689 167.26678 0.96929234
car 347.18402 469.1671 192.5774 263.2596 0.9831538
--
car 208.81146 229.10698 89.25151 115.3646 0.32192203
car 269.78525 289.12302 110.05197 118.34047 0.38643768
car 238.32887 254.69931 85.68025 98.386665 0.5045187
car 128.46683 173.70715 113.19081 144.1137 0.61577505
car 211.54892 258.0531 125.93976 166.25447 0.75549054
car 257.7725 279.988 89.18574 106.35072 0.795451
car 160.12485 196.87892 104.39917 132.33269 0.81856453
car 223.86153 264.32773 101.115654 118.52446 0.92857563
car 331.84195 465.33688 191.18439 263.06363 0.95870763
car 294.0898 307.6098 87.09465 99.30484 0.96794504
car 78.69115 139.83707 127.18886 167.28806 0.97242475
--
car 208.79109 229.09459 89.18468 115.35438 0.33724704
car 269.61502 289.1911 110.0567 118.35404 0.42080653
car 238.29034 254.65471 85.4703 98.36839 0.5123858
car 128.58017 173.84029 113.1629 144.18669 0.6131197
car 211.53452 258.02798 126.27836 166.01323 0.74991345
car 257.8099 279.96292 89.22998 106.439766 0.8127082
car 160.09131 196.87422 104.308 132.30992 0.8225537
car 223.83385 264.3372 100.9539 118.526215 0.93411255
car 332.25803 465.19254 191.18904 263.66864 0.95757234
car 293.991 307.8385 87.0996 99.251274 0.9676017
car 78.62964 139.93953 127.1986 167.28706 0.9730899
--
car 185.48181 214.993 93.71887 116.25853 0.3057073
car 323.47873 333.74167 62.79827 71.152084 0.31101546
car 304.26764 315.83838 63.01182 70.26289 0.3490758
car 208.83737 229.03897 89.490425 115.30956 0.3757
car 269.6017 289.0708 110.1294 118.48313 0.3835994
car 213.13943 259.08197 126.55413 165.64175 0.40880018
car 238.39383 254.27594 85.908424 98.470535 0.52744055
car 128.105 173.98619 112.96671 144.30295 0.6734861
car 257.37454 280.02744 89.01295 107.0034 0.7664075
car 321.22464 461.9024 190.25357 257.8799 0.8240361
car 160.28235 196.78273 104.40606 132.29214 0.83453107
car 224.3027 262.95566 100.796715 118.8641 0.93938947
car 294.04642 307.9171 86.9504 98.793945 0.96435076
car 78.81731 145.65453 127.23374 165.80695 0.9785512
--
car 253.3926 274.19107 65.24574 87.51415 0.30325815
car 322.88892 333.88538 62.668564 71.334946 0.30662507
car 304.15036 315.99683 62.85112 70.231766 0.32686165
car 189.92474 225.3647 92.82001 116.351006 0.33044475
car 208.85953 229.02856 89.676956 115.29042 0.33649412
car 310.28745 322.83167 80.12159 91.11203 0.405924
car 238.07181 254.62381 85.99785 98.53865 0.41110134
car 128.5612 173.77904 113.598404 144.16283 0.63559866
car 255.37563 277.6509 90.13879 108.289276 0.67186415
car 160.16127 196.6936 104.69312 132.25949 0.83712286
car 219.61957 263.36386 121.647354 160.2093 0.8473026
car 223.94844 263.55643 100.394966 119.5925 0.9512662
car 294.22876 308.76752 86.05635 97.98019 0.9716987
car 78.564995 140.02357 127.34012 167.30513 0.97502446
car 314.57147 450.34213 189.52502 261.58334 0.98205346
--
car 253.43837 274.13214 65.252365 87.48381 0.30843085
car 304.1159 315.82532 62.93885 70.19162 0.3236276
car 189.88991 225.33899 92.84518 116.34738 0.3290651
car 269.22693 289.49246 110.097855 118.76476 0.33635578
car 208.88728 229.09402 89.76697 115.282974 0.34036145
car 310.42334 322.8587 80.14634 91.02735 0.39351207
car 238.13452 254.61992 86.002304 98.57092 0.4431816
car 128.5531 173.96915 113.72514 144.34894 0.65809363
car 255.41058 277.65213 89.97533 108.17765 0.7026371
car 219.57574 263.23865 121.73937 160.0903 0.8267619
car 160.05833 196.71582 104.58731 132.34006 0.83373886
car 223.85056 263.77722 100.634026 119.48878 0.95394033
car 294.21497 308.79678 86.07055 97.923935 0.9704896
car 78.55139 140.06203 127.272835 167.2821 0.9756355
car 314.91095 450.5147 189.57779 261.6327 0.9823688
--
car 189.86646 225.50856 92.547005 116.558334 0.30958232
car 208.79272 229.03142 89.69529 115.69583 0.31577808
car 237.88593 254.93948 85.935234 98.70545 0.33384067
car 323.13245 334.02362 62.682175 71.38013 0.33530778
car 304.02567 316.10474 62.91416 70.533966 0.34546354
car 253.38716 274.05966 65.49671 87.60192 0.37610954
car 128.64667 173.77112 113.63153 144.14685 0.5890449
car 254.51712 276.9916 90.2979 109.25528 0.7453467
car 160.17133 196.82806 104.67666 132.3111 0.83605486
car 224.45358 263.31027 99.51318 120.12794 0.8872474
car 223.74782 264.73282 120.890884 157.42395 0.8988597
car 294.45926 309.58548 85.74452 97.66952 0.9542814
car 78.17224 140.46436 127.25416 167.15773 0.97416943
car 306.28656 444.62433 193.13132 263.3348 0.9817932
--
car 185.40149 215.18663 93.53136 116.40519 0.3059036
car 208.84152 229.05531 89.69243 115.713264 0.31401348
car 268.30994 290.16974 110.0347 118.791336 0.32595277
car 323.0866 334.0137 62.59151 71.410225 0.33694953
car 253.37648 274.06094 65.52348 87.614 0.33810034
car 237.85371 255.0222 85.86514 98.72681 0.33879754
car 304.18677 315.882 62.965443 70.41857 0.34627244
car 128.81827 173.86113 113.52484 144.24678 0.5988779
car 254.50087 276.98108 90.27658 109.75605 0.7692322
car 160.0906 196.80432 104.57114 132.36281 0.8252105
car 223.76564 264.82343 120.89189 157.554 0.86973655
car 224.4724 262.90274 99.3951 120.08238 0.8891433
car 294.50693 309.45862 85.72922 97.51645 0.95077014
car 78.24706 140.36134 127.23625 167.19365 0.97495717
car 306.17093 444.74835 193.00528 263.09128 0.9808995
--
car 310.53134 323.22037 79.71739 90.9705 0.31961277
car 303.97433 315.9088 62.741405 70.40319 0.32803056
car 253.2694 274.16116 65.275154 87.268105 0.33349684
car 190.48717 225.10313 92.5278 116.70403 0.38255128
car 322.94803 334.1304 62.346622 71.52222 0.38425896
car 238.25626 254.32555 85.668396 98.73249 0.3874679
car 224.6329 262.05527 99.807785 119.66538 0.39136177
car 130.07152 171.85031 111.891075 145.18349 0.8979855
car 163.0044 196.5398 104.14381 132.29207 0.90953195
car 253.5039 276.93304 89.01713 109.00516 0.9429231
car 294.35492 310.17935 85.44116 97.38962 0.9503829
car 78.37829 140.17001 127.677895 167.17949 0.97955114
car 225.47252 266.80817 119.962074 152.95374 0.98556477
car 298.5598 429.63666 190.79718 260.3247 0.99339336
--
car 303.85855 316.20123 62.454414 70.61102 0.34880003
car 322.727 334.27768 61.785046 71.58029 0.35359296
car 426.24576 444.11914 66.889656 79.82189 0.3550446
car 254.95605 272.3766 74.91274 88.28215 0.4502034
car 238.66687 253.76074 85.67705 98.97583 0.45805874
car 209.29843 229.2793 89.03025 112.870895 0.6665239
car 190.9624 222.15552 93.74869 121.33164 0.73283845
car 130.80174 171.63213 109.99706 145.52817 0.90876657
car 167.39806 196.45598 103.522484 132.41196 0.9183178
car 294.6421 310.65466 84.75731 97.07058 0.9335348
car 252.2627 275.37814 88.52176 108.440506 0.96036124
car 79.49063 139.08992 127.66842 167.2935 0.9791033
car 227.06413 268.51505 115.64694 154.54343 0.993266
car 290.5095 430.73477 190.95084 260.7194 0.9958951
--
car 323.14825 334.3914 61.755264 71.39079 0.30638054
car 303.85873 316.2099 62.46948 70.400635 0.31943774
car 426.28955 444.0819 66.98587 79.80802 0.3707793
car 238.62361 253.91066 85.43141 99.12085 0.44435367
car 255.06898 272.31558 74.67189 88.170555 0.47602063
car 209.40405 229.18471 89.032776 112.675735 0.6833772
car 191.07205 221.88469 93.70058 121.31755 0.7375456
car 295.23657 310.62653 84.6239 96.67281 0.9054998
car 130.79933 171.62067 110.08246 145.47691 0.90716517
car 167.31433 196.38956 103.575935 132.34666 0.9135348
car 251.6649 274.6501 88.54839 108.973495 0.9634163
car 79.499176 139.08879 127.651276 167.23936 0.97686017
car 232.02652 270.4481 114.32211 149.86174 0.9959199
car 287.58063 424.90247 191.10188 262.7477 0.99613696
--
car 322.99924 333.94037 62.0116 71.240204 0.35106513
car 303.8596 315.50772 62.580544 70.24697 0.35709497
car 426.3888 444.25787 67.36169 79.433716 0.3606273
car 311.03806 324.0623 79.67035 91.2054 0.39839736
car 238.41156 253.5383 86.22064 99.27652 0.43287402
car 254.78525 272.58838 74.35924 88.29453 0.4405317
car 209.49368 229.32483 89.17763 112.26717 0.70970905
car 191.61513 220.94193 93.84294 121.17948 0.74800014
car 131.24374 171.50804 109.605675 145.50523 0.87569976
car 166.96017 196.45415 103.310684 132.18587 0.9158406
car 294.87372 310.47897 84.75985 96.69052 0.94011086
car 251.4469 274.54578 88.77702 109.29592 0.96541345
car 79.76526 138.69301 127.71714 167.41512 0.9774985
car 232.32126 270.21805 114.40578 150.25871 0.99677426
car 286.975 425.158 190.9944 263.0647 0.9979609
--
car 323.11447 334.06458 62.13067 71.3651 0.315629
car 238.70766 253.43047 87.00861 99.21761 0.34817225
car 303.62302 315.73236 62.644714 70.532104 0.35172445
car 426.4495 444.20975 67.44597 79.45194 0.3800373
car 254.39655 272.2318 74.54257 88.044846 0.45096016
car 310.8844 323.06876 78.67323 90.07474 0.4558861
car 209.51904 229.40083 89.41102 112.27479 0.6232366
car 191.50694 220.96756 93.92048 121.16007 0.7832074
car 131.20305 171.48514 109.6851 145.45877 0.8532266
car 295.3347 310.45786 84.44627 96.50995 0.8969742
car 166.97552 196.50113 103.38538 132.22655 0.9212926
car 250.38234 274.03406 89.15056 109.36663 0.9575552
car 79.72216 138.69998 127.797775 167.35051 0.9762453
car 278.36884 418.16077 191.63568 261.01624 0.996172
car 234.66858 272.17996 113.859535 147.89117 0.99716705
--
car 238.62259 253.47816 87.003944 99.24534 0.33584207
car 323.02173 334.10046 62.22598 71.456696 0.33938748
car 303.70093 315.7122 62.695213 70.57024 0.3536384
car 426.4324 444.23038 67.4361 79.44124 0.38284594
car 254.38739 272.24265 74.46728 88.05305 0.45360762
car 310.76254 322.8568 78.54244 89.87031 0.52361065
car 209.4839 229.40744 89.44341 112.2954 0.6065187
car 191.49437 221.01413 93.91132 121.168 0.7818823
car 131.19269 171.50565 109.67795 145.46484 0.8571371
car 295.3228 310.41577 84.500336 96.38643 0.8856064
car 166.97446 196.50699 103.37942 132.2398 0.92120147
car 250.3678 274.08374 89.22498 109.40358 0.9573278
car 79.71055 138.70169 127.78172 167.36288 0.9767253
car 278.24176 418.24323 191.81563 260.87524 0.99600524
car 235.00865 272.14212 113.74642 147.66273 0.99723583
--
car 238.22343 253.81494 86.59427 99.25987 0.30504256
car 303.62546 315.73846 62.63397 70.691475 0.32778177
car 322.7918 333.98517 62.09137 71.43186 0.34684896
car 426.49417 444.1785 67.42354 79.4243 0.3900922
car 254.37352 272.3307 74.49348 88.14185 0.44752485
car 311.0149 323.23 78.496475 89.67844 0.48170537
car 209.42413 229.37039 89.38425 112.13191 0.61363435
car 191.52982 221.02525 93.961395 121.04506 0.77925503
car 295.31165 311.20264 84.88331 96.31846 0.82145226
car 131.20941 171.43964 109.78062 145.45453 0.87178
car 167.0203 196.5211 103.40828 132.18318 0.92462486
car 249.49324 273.14734 89.24333 109.43133 0.95022833
car 79.66216 138.74527 127.82564 167.33777 0.97765076
car 277.80984 417.4974 192.52643 261.27002 0.9951216
car 237.86113 271.27924 114.632935 148.70596 0.99543023
--
car 303.82727 316.04556 62.650555 70.72501 0.33584788
car 426.49933 444.13852 67.20789 79.341 0.36034572
car 322.3797 333.68387 62.206066 71.585045 0.38936147
car 254.3004 272.24307 74.7581 88.372215 0.47081226
car 295.72812 311.05292 84.42647 95.48777 0.47398227
car 311.04416 323.4117 77.980064 89.322556 0.5111305
car 209.44931 229.36151 89.43172 112.18575 0.53140974
car 191.32501 221.16466 93.936966 121.14813 0.79758036
car 131.06952 171.58553 109.81461 145.46826 0.8914277
car 166.82266 196.62746 103.40065 132.26395 0.92222625
car 248.47026 272.38348 89.18151 110.08288 0.95467734
car 79.468506 138.92369 127.833885 167.29146 0.97687036
car 239.89067 273.7012 113.74298 144.202 0.99247456
car 263.38342 415.58453 187.58449 258.10278 0.9962049
--
car 303.76566 315.9164 62.801247 70.82424 0.34145123
car 426.4833 444.14624 67.208435 79.3499 0.35809082
car 322.44806 333.68073 62.255054 71.5982 0.38082737
car 254.4205 272.10785 74.755745 88.40247 0.47565562
car 209.46512 229.37738 89.430954 112.19529 0.5555331
car 311.07132 323.23355 77.97372 89.3218 0.5988162
car 295.70435 311.1668 84.18182 95.55525 0.63517845
car 191.38307 221.08128 93.95816 121.159966 0.7928406
car 131.06892 171.59128 109.79408 145.47101 0.8859755
car 166.83421 196.62105 103.41847 132.26698 0.9209445
car 248.46654 272.4237 89.17466 110.26325 0.95817274
car 79.46803 138.9272 127.82284 167.2911 0.9762549
car 239.94447 273.70447 113.3195 144.76976 0.99295527
car 262.81766 416.10474 187.81339 258.57812 0.9966168
--
car 303.6422 316.17438 62.66881 70.95292 0.32937077
car 322.38147 333.6677 62.09714 71.54917 0.34012046
car 298.80887 314.87344 78.255554 91.69949 0.34952787
car 426.6018 444.0497 67.25843 79.33621 0.38126308
car 296.3691 311.1097 83.80846 95.222626 0.46183464
car 311.23886 323.2473 77.95123 89.36508 0.47178122
car 254.50098 272.44052 74.20836 88.45328 0.49944723
car 209.48697 229.41841 89.37441 112.22054 0.5545479
car 191.266 221.05128 93.87225 121.236084 0.7816172
car 130.95554 171.73477 109.800735 145.4543 0.8906963
car 166.69305 196.59592 103.43808 132.21835 0.91554374
car 248.37216 272.21805 89.77262 110.701675 0.92307705
car 79.40118 139.04181 127.84796 167.24524 0.9770615
car 243.75491 274.88776 110.804665 142.95647 0.98359
car 251.89578 405.1697 187.22394 258.55435 0.99093324
--
car 421.92664 442.37088 65.27279 77.35407 0.3228602
car 303.79483 315.62927 62.15725 70.615875 0.3672543
car 322.50803 333.76306 61.679016 71.40387 0.4009325
car 296.74277 310.75958 84.14689 94.90812 0.4372562
car 311.43546 323.00296 78.05565 89.25852 0.453041
car 254.81824 272.0231 74.52568 88.40383 0.45813936
car 209.35661 229.35886 89.31709 112.259155 0.5495447
car 299.42163 314.81418 78.60507 91.768585 0.6007897
car 191.37407 220.98438 94.02142 121.058846 0.73842704
car 247.9931 271.38843 89.99598 111.5917 0.86337966
car 130.99825 171.78584 109.67586 145.53813 0.90856457
car 166.74586 196.5932 103.41511 132.21996 0.9126525
car 246.10287 276.91998 110.91464 142.16397 0.9659936
car 242.17862 405.29034 184.22134 256.74918 0.96939397
car 79.59846 138.89609 127.71097 167.22446 0.9787446
--
car 421.95856 442.31366 65.29788 77.335365 0.31824085
car 303.88507 315.68805 62.123714 70.56164 0.3504135
car 322.56912 333.84744 61.666336 71.309555 0.40911186
car 296.7862 310.86368 83.99198 94.87243 0.45538875
car 254.78748 272.0339 74.278625 88.38312 0.45886976
car 311.63083 323.07956 78.15396 89.26795 0.46011272
car 209.37625 229.35394 89.391136 112.2357 0.5720503
car 299.12027 314.59262 78.83754 92.106636 0.5981928
car 191.42981 220.92015 94.0352 121.06049 0.74990207
car 248.10991 271.293 90.143394 111.47828 0.86299175
car 131.0043 171.75998 109.62757 145.56851 0.9047275
car 166.80891 196.56326 103.449066 132.20029 0.9152231
car 243.47818 403.60934 184.6261 257.1928 0.94534534
car 246.32564 277.37134 110.6394 142.5023 0.9684019
car 79.60615 138.87431 127.73472 167.23416 0.97894186
--
car 303.57486 315.83405 62.382484 70.77559 0.31733817
car 421.87405 442.44897 65.33919 77.37256 0.35254282
car 322.56958 333.8312 61.722507 71.44624 0.37640974
car 296.78717 311.0072 83.811905 94.54163 0.39347246
car 311.71613 323.30402 78.068344 89.04533 0.4389839
car 254.935 272.31378 74.18609 88.29911 0.47725347
car 209.34729 229.32051 89.42485 112.22217 0.5164099
car 299.25256 314.52927 79.07108 92.06793 0.61726534
car 191.40019 221.10468 94.04851 121.05951 0.75137013
car 247.82 271.2931 90.215576 111.378265 0.8349162
car 226.38147 409.32083 185.97026 252.33102 0.85604477
car 131.03351 171.79167 109.68042 145.5414 0.8959128
car 166.76859 196.57204 103.397995 132.28242 0.9166816
car 246.33917 277.41904 111.05999 140.7609 0.926075
car 79.59695 138.90068 127.73967 167.25162 0.9799222
--
car 303.3722 315.86554 62.57907 70.85649 0.31460345
car 322.55792 334.03934 62.016182 71.48104 0.3520368
car 426.72592 443.94934 67.310936 79.30144 0.40122044
car 311.53687 323.02026 78.24977 88.88702 0.42809793
car 254.70383 272.15182 73.92734 88.352264 0.46808752
car 209.27914 229.36021 89.422935 112.34559 0.5434653
car 299.58734 314.96307 79.07376 92.03575 0.7402369
car 246.20602 268.37952 91.84351 112.89392 0.7700518
car 191.40433 221.11417 94.141945 120.99169 0.7734394
car 166.58594 196.50981 103.43301 132.13039 0.9257926
car 130.85707 172.13748 109.50474 145.51219 0.9411532
car 79.61988 138.96324 127.775955 167.14557 0.97971386
car 247.71658 281.19626 107.062325 136.61049 0.98634684
car 228.74585 369.6348 183.817 256.05386 0.9963708
--
car 303.19672 315.92 62.459206 71.00978 0.30474722
car 322.57794 334.17383 61.77199 71.731636 0.37612438
car 311.5035 322.9419 78.158195 88.88784 0.39194006
car 426.64044 444.03116 67.296196 79.304596 0.41440856
car 254.73198 272.38278 73.990944 88.32063 0.44804388
car 209.21019 229.34738 89.428406 112.39474 0.5597327
car 246.19508 268.287 91.70225 112.6671 0.7413333
car 191.37268 221.20425 94.06592 121.077866 0.76466376
car 299.5981 315.33905 79.18231 92.32752 0.7862082
car 166.52281 196.4946 103.46015 132.12625 0.9238601
car 130.86102 172.11798 109.49466 145.53207 0.93983203
car 79.63217 138.96584 127.74379 167.14012 0.97903055
car 247.91156 281.38748 106.38928 136.62361 0.9845768
car 227.75171 370.33478 183.92108 255.37045 0.996754
--
car 255.11041 272.23596 73.29403 88.07768 0.42997077
car 421.63168 442.86508 65.696014 77.47184 0.43496826
car 209.27032 229.48788 89.1698 112.6275 0.50749093
car 299.83853 314.81854 79.5454 91.64131 0.68807906
car 244.98491 268.04773 91.026 112.73983 0.69619554
car 190.96744 221.63293 94.07051 121.38941 0.7852058
car 166.55217 196.60915 103.825836 132.104 0.9292308
car 130.74039 172.63092 109.13625 145.79634 0.9602113
car 79.75064 138.86552 127.87576 166.88748 0.98016125
car 249.40456 283.01883 106.952354 134.6236 0.98101526
car 220.63048 359.45532 181.73936 258.0327 0.9981045
--
car 255.26553 272.17413 73.17627 88.00333 0.40303326
car 421.63916 442.85107 65.75034 77.45619 0.44314578
car 209.32843 229.4377 89.110825 112.58358 0.57604337
car 191.0546 221.29407 93.93561 121.37295 0.7579624
car 299.91232 315.38705 79.36411 91.35087 0.79458696
car 244.38002 267.00272 91.93964 113.220474 0.8375714
car 166.52031 196.5318 103.80561 132.16147 0.9257875
car 130.78474 172.43071 109.15979 145.8586 0.95324665
car 252.84929 283.80585 106.51089 132.76271 0.9744985
car 79.86982 138.81311 127.78816 167.05605 0.98152775
car 211.56549 351.07892 180.49052 254.1732 0.9986012
--
car 254.04167 274.38092 65.42797 87.57265 0.38293928
car 421.48837 443.00635 65.69306 77.445694 0.4565047
car 209.31325 229.44412 89.027596 112.6308 0.5677951
car 191.08932 221.30382 93.91239 121.37321 0.7523217
car 300.24307 315.85614 79.307304 91.29782 0.80564415
car 244.27551 266.9838 92.20957 113.45522 0.8424979
car 166.46814 196.5192 103.803764 132.14836 0.9262196
car 130.7985 172.44426 109.12604 145.88206 0.95991194
car 252.56009 284.10797 106.495 132.76395 0.9733654
car 79.85658 138.76091 127.7859 167.04097 0.98212606
car 211.22784 350.53735 180.23552 254.37744 0.9983385
--
car 255.26613 272.54987 73.09637 88.05487 0.39860874
car 421.48422 443.00888 65.70105 77.442566 0.4465661
car 209.2867 229.49829 88.886185 112.48312 0.6110626
car 190.91788 221.71887 93.98927 121.45558 0.7405078
car 300.8354 315.61624 79.214966 91.00332 0.7976529
car 166.23724 196.59596 103.80059 132.08493 0.9173678
car 242.67122 265.5111 92.10805 114.64766 0.91746444
car 130.78653 172.40546 109.191315 145.90028 0.96395314
car 79.894875 138.76717 127.749756 167.0415 0.9823711
car 255.41055 285.3954 105.17386 131.53821 0.99045527
car 203.66939 338.82925 181.70149 250.10202 0.9981339
--
car 421.34726 443.17578 65.656395 77.44087 0.4807082
car 254.00325 274.42117 65.387436 87.68939 0.48186794
car 209.24524 229.52914 88.81854 112.57603 0.5815715
car 190.8039 221.83212 93.85882 121.47765 0.7152529
car 300.81332 315.6104 78.95723 90.69895 0.80754054
car 166.01906 196.46829 103.776306 132.07184 0.915428
car 241.37225 265.28772 92.28482 116.35932 0.95441854
car 130.89293 172.19106 109.33834 145.89816 0.9620524
car 80.01185 138.56487 127.871796 167.05359 0.98311865
car 257.88785 287.34616 103.46379 130.3108 0.99074155
car 196.0132 327.57837 180.79742 249.00291 0.9983083
--
car 421.3836 443.1071 65.67561 77.43533 0.47313806
car 253.81227 274.4235 65.33442 87.74247 0.50954604
car 209.24823 229.52872 88.77127 112.59525 0.5726937
car 190.782 221.86078 93.82699 121.50562 0.71753734
car 300.79785 315.69525 78.92454 90.72234 0.79666615
car 166.00441 196.468 103.76257 132.06735 0.91493624
car 241.40945 265.3639 92.28278 116.403465 0.9604075
car 130.93507 172.18793 109.311676 145.902 0.9619257
car 80.03456 138.57527 127.87936 167.09323 0.9831001
car 257.9593 287.38583 103.41436 130.33057 0.99162203
car 196.02115 327.42816 181.11765 249.11331 0.9984194
--
car 209.03365 229.40216 88.77288 112.802185 0.41098773
car 421.3809 443.09607 65.688545 77.436134 0.4808304
car 253.51135 274.72388 65.408775 87.66125 0.51199806
car 190.65921 222.27043 93.73752 121.587364 0.73401445
car 301.23996 316.0579 78.95799 90.4913 0.8151802
car 165.8241 196.52213 103.66028 132.03427 0.9031386
car 240.30215 265.17822 92.160416 117.14862 0.9459619
car 130.87698 172.13297 109.22321 145.91965 0.96027493
car 260.0872 289.3375 100.55649 127.56448 0.97643495
car 79.91348 138.73564 127.92438 166.91408 0.9828331
car 186.34752 320.1047 180.64742 250.28683 0.99942166
--
car 209.02989 229.38533 88.62392 112.811905 0.42203107
car 421.3598 443.14423 65.71122 77.445274 0.49474326
car 253.4882 274.7312 65.42256 87.70643 0.516697
car 190.67035 222.15958 93.74489 121.586266 0.72003776
car 301.15756 315.77213 79.02038 90.54067 0.8045092
car 165.86331 196.5192 103.68782 132.0351 0.9066858
car 240.25821 265.17938 92.15105 117.22534 0.94200104
car 130.8836 172.13126 109.24425 145.90984 0.96015173
car 259.92746 289.3545 100.59186 127.60969 0.97729665
car 79.92395 138.72598 127.92594 166.9155 0.98294866
car 186.75688 319.69443 180.4004 250.62286 0.9993887
--
car 209.12286 229.24078 88.904755 112.82078 0.3766501
car 421.37308 443.0967 65.72947 77.46949 0.49149925
car 253.37386 274.7363 65.19848 87.8436 0.58123803
car 190.61426 222.02905 93.912346 121.60506 0.74628663
car 301.0079 315.56616 78.60103 90.330734 0.8099167
car 165.99858 196.54953 103.83387 132.03854 0.9106259
car 239.43738 265.11316 95.17972 118.708015 0.9504541
car 130.90578 172.02649 109.38838 145.88245 0.95165753
car 79.82531 138.78546 127.96646 166.89809 0.98159045
car 261.07837 290.17502 100.14094 127.32416 0.9881588
car 173.446 316.22214 180.29526 247.31718 0.9991738
--
car 209.06078 229.42021 88.28255 112.884026 0.35316235
car 301.2394 315.8956 78.55447 90.24238 0.38567537
car 421.4464 442.9711 65.66883 77.49429 0.44795433
car 253.33932 275.08377 65.270775 88.158646 0.56389207
car 184.0073 215.77924 93.64054 123.95772 0.70923406
car 166.23387 196.6231 103.82704 132.19014 0.9090527
car 239.68588 264.39288 96.460175 118.24613 0.9167083
car 130.96936 172.07503 109.417694 146.02274 0.9389952
car 122.201385 223.25671 168.86696 232.23915 0.9767367
car 260.37924 290.22015 98.53082 126.18017 0.97683614
car 78.91584 139.5229 127.22828 167.25716 0.98539317
car 180.09828 305.82782 179.56197 252.01685 0.99065894
--
car 421.41434 443.02698 65.59298 77.53673 0.44282147
car 253.54124 274.77216 65.20818 88.10678 0.6478896
car 184.04259 216.03543 93.49391 123.984276 0.74208814
car 301.58588 317.52567 78.61868 89.75924 0.78109264
car 272.35815 293.30786 93.74714 115.74566 0.88634235
car 166.44704 196.68982 103.84064 132.27295 0.8944553
car 130.90965 272.87283 168.42046 242.15022 0.8979007
car 131.05367 172.26587 109.17758 145.84785 0.9582601
car 227.2649 256.82858 96.01097 121.52781 0.96139526
car -1.9969189 112.144745 202.56966 334.80496 0.9719438
car 79.16547 139.1344 127.48813 167.21666 0.98875225
--
car 421.4333 443.01666 65.63335 77.50976 0.44667017
car 253.44809 274.82736 65.32589 88.197495 0.6519834
car 190.35324 221.19115 93.548065 121.64618 0.7110978
car 301.74524 317.10983 78.71388 89.71583 0.7871604
car 272.2877 293.12653 93.62993 115.86437 0.8860324
car 166.49869 196.67987 103.82257 132.20174 0.9033175
car 128.95937 273.9992 169.56744 239.9602 0.922234
car -3.0196702 112.531555 204.02852 332.96823 0.9583459
car 227.37039 256.56827 96.46717 121.50113 0.96160287
car 131.08426 172.23528 109.11816 145.80144 0.9627221
car 79.32015 138.82384 127.34225 167.16144 0.98799473
--
car 209.89417 228.59465 87.94488 112.19587 0.32429516
car 427.08307 444.0094 67.5858 79.28225 0.39662197
car 253.30087 274.37946 64.34233 89.079575 0.6556852
car 2.4387968 121.056046 190.66576 319.8869 0.7127485
car 185.08466 215.25288 93.545265 123.831764 0.83557
car 130.97888 171.96155 109.51933 145.9386 0.89590263
car 302.208 316.5396 78.78936 89.356804 0.92427224
car 167.1227 196.23657 103.87173 132.36015 0.9321056
car 274.02057 296.22467 94.49506 114.9301 0.97712004
car 223.74681 254.65253 95.566925 122.826645 0.9796778
car 78.48721 139.76 127.751564 166.60873 0.98584217
car 120.22256 231.92468 169.13696 231.89491 0.99495035
--
car 209.90555 228.59863 87.959526 112.145775 0.33210722
car 421.843 442.64175 65.73444 77.51821 0.3904574
car 253.29784 274.34122 64.309 89.08151 0.657975
car 2.4711585 120.870834 190.64386 320.24142 0.7094973
car 185.11389 215.2417 93.54468 123.8133 0.8370874
car 131.00806 171.91293 109.55943 145.84845 0.8960783
car 302.19492 316.5832 78.76127 89.3596 0.91876054
car 167.13838 196.22972 103.886765 132.34828 0.93252605
car 274.07004 296.1784 94.54483 114.89956 0.97895396
car 223.77515 254.64497 95.63061 122.824585 0.9790881
car 78.37773 139.96281 127.81119 166.61739 0.98593575
car 120.32037 232.05858 169.0385 231.97243 0.9950624
--
car 421.90616 442.55936 65.68503 77.51616 0.3756646
car 217.01346 254.68391 81.75928 105.87682 0.45383993
car 253.25778 274.60266 64.307625 89.180855 0.6796907
car 185.06445 215.25249 93.59892 123.7963 0.831776
car 130.82718 171.97116 109.768135 145.97598 0.86994964
car 302.50894 317.55826 78.29287 88.83922 0.8839624
car 167.23793 196.18915 104.015076 132.37541 0.9340415
car 275.89352 298.10052 92.98567 113.06265 0.968892
car 125.22742 223.80093 167.98499 231.9122 0.9800227
car 79.69069 138.05026 128.02472 166.64085 0.98435843
car 223.13506 254.25891 96.57371 122.99432 0.9848359
--
truck 29.12879 138.20183 165.65622 278.94708 0.6090152
car 217.34605 254.32446 81.93941 105.73184 0.33153182
car 427.0844 443.9871 67.59736 79.34816 0.3772853
car 253.22617 274.65128 64.45908 89.2181 0.6834853
car 185.05545 215.1212 93.71631 123.54561 0.80849886
car 130.91019 171.79411 109.76765 146.01497 0.8697345
car 302.5247 317.0228 78.24377 88.67378 0.89136666
car 167.3944 196.1744 103.9665 132.38057 0.9322082
car 274.33826 296.7824 92.22618 113.10709 0.94758075
car 222.8748 253.82283 96.467865 123.27363 0.9848142
car 79.86597 135.61258 130.59789 164.7163 0.9864996
car 127.545975 214.60977 163.01187 230.86696 0.99138373
--
car 421.8637 442.57758 65.65195 77.51654 0.37057275
car 217.25308 254.2939 82.17012 105.85209 0.3740708
car 29.729004 138.52008 165.17268 280.00974 0.57154834
car 253.12471 274.75696 64.54854 89.29136 0.6833655
car 185.10341 215.11917 93.76207 123.582954 0.80894077
car 130.96486 171.73824 109.71095 146.0596 0.848873
car 302.49387 317.1316 78.37075 88.69549 0.8842798
car 167.44377 196.17465 104.02635 132.43613 0.9333986
car 275.62186 298.30862 92.56377 112.2753 0.95453435
car 222.9642 253.73308 96.52163 123.30793 0.98470753
car 79.98819 135.68753 130.5963 164.40804 0.98616743
car 127.77618 214.8311 163.10938 230.65332 0.9863055
--
truck 44.317524 155.69844 165.92201 264.86182 0.6995462
car 323.05148 333.22998 62.75844 70.220505 0.3142327
car 209.81635 242.75462 87.666145 111.28441 0.34251168
car 218.05438 254.84782 82.61959 104.84557 0.41193694
car 421.8018 442.6844 65.61188 77.443275 0.41658866
car 253.22041 274.8996 64.60871 89.40319 0.6481475
car 130.69394 171.88155 109.81648 145.9172 0.7794751
car 185.07977 215.18564 93.92379 123.37552 0.79046416
car 302.21106 316.896 78.616005 88.61452 0.8679593
car 167.57188 196.24666 104.05366 132.4852 0.9351124
car 275.85257 298.60696 92.132645 110.91774 0.9761085
car 138.56174 208.43285 160.9301 226.02177 0.9848612
car 80.674416 133.42918 130.55937 162.42377 0.98686343
car 221.78792 253.03336 98.988 123.742 0.991359
--
truck 45.259953 163.8179 161.13263 259.45734 0.8270941
car 210.24382 243.78685 87.48863 112.61784 0.3075086
car 421.83075 442.61423 65.59686 77.45151 0.3925609
car 253.3156 274.91428 64.64658 89.366615 0.65177786
car 302.90918 316.92853 78.575294 88.27645 0.77769655
car 184.97328 215.2205 93.75157 123.17832 0.78245515
car 131.05864 171.82632 109.68726 145.87154 0.7977853
car 167.7543 196.20905 103.854744 132.32236 0.9236072
car 276.5082 298.5652 91.612816 110.402374 0.9732206
car 80.105606 133.23149 130.41214 161.20496 0.97717005
car 220.46104 253.0683 97.58019 124.25847 0.9853147
car 142.63304 207.10373 159.8064 219.81845 0.98624134
--
truck 47.109406 163.71349 160.5629 258.94193 0.690944
car 210.37381 243.80324 87.48928 112.45035 0.3209202
car 421.8098 442.6414 65.55418 77.47841 0.38366088
car 253.3267 274.84595 64.60134 89.30779 0.6562584
car 302.78745 316.9325 78.58648 88.12335 0.77765495
car 184.94987 215.31544 93.70989 123.22071 0.78156406
car 131.03073 171.7919 109.76636 145.76926 0.8156237
car 167.73418 196.17638 103.857254 132.35307 0.92523396
car 276.496 298.70975 91.67759 110.39411 0.9751736
car 79.918236 133.27663 130.40564 161.14445 0.97661066
car 220.32745 253.04227 97.84133 124.11312 0.98529506
car 142.48863 206.90207 159.82707 218.98752 0.98598593
--
truck 57.876667 174.5727 157.56699 252.58023 0.872147
car 218.97417 254.82242 82.346245 104.13215 0.33275047
car 421.83643 442.6102 65.548836 77.46825 0.3794985
car 210.07156 244.67497 87.41741 113.414536 0.39146033
car 253.33917 274.74908 64.49276 89.14604 0.6453685
car 184.83601 215.38487 93.59504 123.0281 0.75881886
car 302.89645 316.85938 78.34318 87.89619 0.83268034
car 131.30176 171.98007 109.26091 145.81216 0.87790304
car 167.6271 196.268 103.727715 132.26912 0.92309314
car 143.56667 207.13585 156.98187 215.01132 0.94032305
car 79.82636 133.64725 130.02155 161.53796 0.96453685
car 276.73383 298.99057 91.0614 110.16957 0.97826314
car 218.8024 252.60861 96.87256 124.071236 0.9831264
--
truck 64.416145 174.241 156.47266 250.24834 0.775781
car 210.13857 244.91168 87.48004 114.458626 0.3070031
car 421.80618 442.69275 65.573845 77.461945 0.39425293
car 253.18594 274.77017 64.398155 89.230316 0.6574551
car 184.91643 215.41304 93.60826 122.90643 0.77358216
car 303.28284 316.9888 78.001434 87.75728 0.8457759
car 131.20575 172.1954 109.37507 145.26062 0.85300285
car 167.47835 196.3207 103.64032 132.34558 0.91752493
car 79.32095 134.32056 129.9242 161.60968 0.93760544
car 218.7504 252.60187 95.05942 124.50132 0.97655606
car 276.55124 299.2891 90.84231 110.05201 0.9789761
car 142.80003 206.77931 156.73187 211.38391 0.98259956
--
truck 49.110252 165.6318 157.86914 250.57814 0.74326664
car 210.06274 245.1793 87.49426 114.513245 0.30402684
car 322.7613 332.86218 62.69389 70.26066 0.3159176
car 421.82727 442.69708 65.54498 77.458275 0.39491394
car 253.25514 274.92636 64.45515 89.26722 0.6406126
car 184.8796 215.54398 93.60233 123.04672 0.75839835
car 131.02444 172.30257 109.210175 145.6487 0.8344911
car 303.04086 316.65253 77.86333 87.67806 0.8430383
car 167.25824 196.36374 103.66196 132.3705 0.9060947
car 79.383064 134.54419 129.95692 161.3676 0.94907236
car 276.9153 299.35764 90.76714 110.21151 0.9787726
car 218.53963 252.54141 95.19619 124.6863 0.9825745
car 143.35963 206.84805 156.00018 210.21051 0.992536
--
car 218.92606 254.67116 81.75407 103.20317 0.30200613
car 211.04553 244.20901 87.618256 113.686554 0.3116517
car 322.7575 332.77634 63.02195 70.37674 0.377961
car 421.82263 442.72733 65.57854 77.45596 0.4055346
car 253.3718 274.8892 64.537605 89.16926 0.6418539
car 76.31594 154.2446 152.39922 240.45471 0.6559947
car 184.975 215.86865 93.83209 122.76916 0.7770672
car 303.33362 316.95764 77.30651 87.123634 0.8223204
car 131.29132 171.92004 109.50416 145.07567 0.84761727
car 167.4429 196.39757 103.75456 132.31433 0.9097478
car 75.12038 135.17795 127.03782 165.48476 0.95785046
car 277.4572 300.4722 90.264885 109.403366 0.97800803
car 146.08368 205.76721 154.25322 208.43474 0.9813747
car 217.36966 252.11414 96.40018 125.16457 0.98221433
--
car 218.40424 254.84378 82.07311 103.112015 0.34170857
car 322.98 332.56506 62.89859 70.20461 0.3424984
car 422.60562 441.39062 65.683716 77.34703 0.42414686
car 253.5365 274.90195 64.44426 89.09352 0.62056494
car 83.67021 156.67783 149.94974 240.43219 0.6754475
car 184.28777 215.4557 93.611595 122.99114 0.7342898
car 303.79144 316.82193 77.02876 86.98645 0.82345355
car 132.18251 171.8869 108.879944 144.71822 0.83682555
car 166.4519 196.72928 102.96937 131.89519 0.86915034
car 147.25809 206.3738 146.04655 198.93098 0.9505297
car 278.68158 302.08032 91.11185 107.682625 0.9617247
car 75.15775 132.61334 127.20654 164.76367 0.9659068
car 216.83308 252.8433 95.79223 125.119225 0.9858808
--
truck 87.49912 158.17752 146.63435 238.6412 0.5501382
car 218.16055 254.68852 82.06509 103.45352 0.3189217
car 323.04666 332.60184 62.939342 70.19545 0.3698512
car 422.61224 441.41544 65.67396 77.31614 0.42788988
car 253.37328 274.91193 64.55649 89.03447 0.6457383
car 184.3611 215.33673 93.66261 123.04407 0.7583597
car 304.12936 316.99527 76.623436 86.79328 0.82291347
car 132.46788 171.6489 108.702 144.44269 0.8380271
car 166.64583 196.63837 103.0769 132.00493 0.88083565
car 147.89857 205.00497 145.14381 195.77711 0.90437245
car 74.906044 133.81062 128.22173 165.57762 0.95571345
car 279.4899 302.07892 90.282616 107.29778 0.97049254
car 216.57693 252.74529 94.801346 125.03274 0.9822501
--
truck 89.33772 157.78136 145.18887 238.12836 0.5630851
car 323.08304 332.53983 62.95424 70.14928 0.39638487
car 422.56903 441.46414 65.70144 77.315125 0.4420352
car 253.40355 274.86975 64.55633 89.081154 0.64248425
car 184.38226 215.27559 93.708046 122.871086 0.75046676
car 132.7656 171.5859 108.45317 144.30066 0.8242927
car 304.14365 316.91687 76.608574 86.688034 0.82846856
car 166.71526 196.63972 103.07551 131.95816 0.88317394
car 147.65317 204.62961 145.13405 194.56819 0.91338015
car 75.32186 132.64117 127.9752 165.98158 0.95319855
car 279.50534 302.18707 90.30257 107.17746 0.9640907
car 216.6498 252.6503 94.632164 125.004234 0.97851294
--
truck 91.926125 159.73383 141.88136 234.00006 0.57511294
car 210.7467 228.22838 84.26711 100.263176 0.30925095
car 303.70465 316.09207 68.58424 79.41842 0.34840393
car 323.3127 332.42175 62.820156 70.097824 0.38413012
car 422.48395 441.6045 65.64214 77.319405 0.4396644
car 253.5555 274.47897 64.59837 89.01444 0.67026734
car 184.4272 215.67973 93.73168 122.87275 0.7337374
car 304.21915 317.4582 75.54658 86.53238 0.7561902
car 132.66536 171.7609 108.61123 144.00978 0.8083999
car 166.49307 196.67343 103.046165 131.86835 0.8677761
car 280.2339 302.75458 89.25633 107.00695 0.9512408
car 148.52724 201.59625 145.01215 190.21625 0.95455205
car 76.23655 133.59482 129.07689 166.16125 0.9734294
car 216.08127 251.7605 95.093185 125.12628 0.9804168
--
truck 92.07363 159.47777 141.89127 233.70718 0.6071884
car 323.38535 332.37943 62.818455 70.03756 0.3865113
car 422.50107 441.5754 65.66734 77.2762 0.4405683
car 253.59824 274.419 64.5865 88.96615 0.661049
car 184.47797 215.06229 93.62889 122.91473 0.77386415
car 304.23285 317.2568 75.78256 86.63437 0.8169549
car 132.74976 171.54128 108.54572 144.04279 0.8192794
car 166.64099 196.5492 103.06826 131.95573 0.8751596
car 148.39114 201.45615 144.89087 190.14767 0.9492515
car 280.0499 302.87564 89.295746 106.99273 0.9564834
car 76.67618 133.33978 128.97083 166.13968 0.9728439
car 216.3545 251.89047 95.074265 125.025055 0.9790554
--
truck 94.05871 157.29175 147.1436 223.91833 0.5759325
car 323.25217 332.42316 62.710354 70.04704 0.3736946
car 422.4621 441.62732 65.63006 77.28077 0.42364922
car 253.55243 274.47705 64.4744 88.93803 0.6444931
car 304.6831 317.59174 75.86764 86.5301 0.72981495
car 132.36823 171.78165 108.437614 143.57974 0.7934039
car 184.63034 215.16507 93.71766 122.87555 0.79469377
car 147.36478 199.20662 143.16048 187.14577 0.8510117
car 166.77196 196.53404 102.92409 132.02232 0.8730062
car 281.00732 302.49075 88.89162 106.6746 0.92202044
car 77.020424 133.98488 129.07625 166.96632 0.96302634
car 216.31233 251.97977 95.019066 124.85246 0.9728747
--
truck 92.19704 158.16821 140.15305 229.8944 0.5718347
car 210.85158 228.0592 84.097404 100.5877 0.31442964
car 323.35464 332.3283 62.73366 70.01675 0.39269924
car 422.40918 441.67612 65.56435 77.31769 0.43375412
car 253.51015 274.54623 64.528496 88.99463 0.652241
car 304.63394 317.62476 75.7224 86.45675 0.7650282
car 132.3554 171.75809 108.41057 143.61679 0.78363
car 184.62964 215.05405 93.6801 122.88487 0.78754306
car 147.25122 199.1015 143.13353 186.82416 0.8267
car 166.7806 196.51375 102.85026 132.01482 0.8706126
car 281.0725 302.7129 88.949295 106.56851 0.92365706
car 77.019485 133.63374 129.02832 167.17656 0.9634905
car 216.20425 251.87213 95.30053 124.901344 0.97241974
--
truck 93.67715 158.6253 146.15164 223.00407 0.57206
car 304.14795 316.67703 68.79049 79.972145 0.33201122
car 323.1159 332.48312 62.597137 70.18148 0.3816882
car 422.38733 441.72916 65.527985 77.3437 0.43289098
car 253.73471 274.51895 64.5268 88.84554 0.6388258
car 147.7881 194.10197 143.74742 184.3608 0.6864694
car 304.63547 317.50098 75.52312 86.51175 0.77085483
car 132.41563 171.94827 108.39224 143.48201 0.78875864
car 184.72432 215.06375 93.746056 122.89255 0.8091497
car 166.78638 196.42601 102.90875 131.88483 0.879296
car 281.27032 302.38437 89.52796 105.97259 0.8972596
car 77.462 135.63623 128.85776 167.4232 0.9607479
car 215.9386 251.69612 95.26732 124.93663 0.9767416
--
truck 99.12097 166.35992 142.64484 224.02518 0.42881444
car 147.84412 193.13623 142.88443 185.44014 0.41622424
car 323.1228 332.63565 62.549667 70.30789 0.43554908
car 422.3141 441.79514 65.51293 77.333824 0.44547194
car 253.71838 274.5987 64.58732 88.77536 0.6246614
car 304.56906 317.40216 75.83151 86.301285 0.71032953
car 184.59755 215.01225 93.670494 122.978325 0.8196536
car 132.22774 171.95012 108.55887 143.20715 0.8829434
car 166.73701 196.41998 102.98668 131.8089 0.88423514
car 283.57626 302.83707 86.9253 103.97374 0.9379816
car 78.08289 135.93419 128.43784 167.6963 0.9647284
car 216.0694 251.66911 94.7339 125.00699 0.9767024
--
truck 99.76482 171.99529 143.24066 223.36568 0.58622986
car 313.78 326.078 74.23924 85.49381 0.30386
car 304.15942 316.78522 68.49005 79.09868 0.34036595
car 422.33344 441.7684 65.50189 77.34226 0.4326955
car 322.99393 332.71436 62.543106 70.28313 0.45069712
car 305.13138 317.63925 75.75465 86.157684 0.5349896
car 253.6872 274.44586 64.69732 88.72673 0.60531646
car 184.5921 215.04248 93.67649 123.02855 0.81472224
car 166.57007 196.50552 102.91973 131.86426 0.86717105
car 132.831 172.03624 108.33354 143.19449 0.88955086
car 283.3532 304.19495 86.04647 104.50423 0.9622763
car 77.83156 135.86328 128.29251 168.15347 0.96592677
car 216.26936 251.70714 94.73989 124.92513 0.97641796
--
truck 100.06915 171.37721 142.94116 223.81534 0.52967745
car 304.45853 315.65732 62.721493 70.66126 0.3040985
car 313.63965 325.99298 74.329315 85.385605 0.3106279
car 304.4962 316.77176 68.344154 78.518845 0.36021838
car 422.30878 441.82898 65.508575 77.319016 0.4397637
car 323.16986 332.57993 62.582363 70.12676 0.49041885
car 305.23886 317.70462 75.90778 86.19557 0.5681989
car 253.7152 274.3719 64.71635 88.73371 0.61028725
car 184.53824 215.13213 93.617836 123.01689 0.81409764
car 166.61469 196.49333 102.96382 131.8683 0.8731714
car 132.98189 171.93987 108.364235 143.19461 0.9138516
car 283.34344 304.10995 86.06717 104.48778 0.96532714
car 77.76182 136.63202 128.24759 168.10707 0.97103846
car 216.37135 251.65114 94.59199 124.933174 0.977154
--
truck 101.87184 166.81323 143.20168 223.17537 0.5650543
car 314.15054 326.09485 74.313 85.20894 0.3265409
car 304.38596 316.44955 69.03491 79.17824 0.34894133
car 422.32443 441.80344 65.49681 77.32037 0.4451784
car 323.51413 332.35068 62.52149 69.90014 0.45372337
car 305.40704 317.66888 75.666595 85.56215 0.47205245
car 253.7295 274.39352 64.782814 88.748184 0.6274369
car 184.56584 215.27869 93.636505 123.060555 0.8109238
car 166.47124 196.64708 103.10017 132.03151 0.8717793
car 132.95088 171.68266 108.337135 142.6602 0.92898285
car 77.50915 136.91148 128.6411 168.39668 0.9697717
car 284.04422 304.6022 85.43133 104.24024 0.97060174
car 216.30972 251.60718 94.454605 124.85901 0.9757172
--
truck 101.93796 165.9716 142.28604 224.78087 0.5017527
car 323.48004 332.32056 61.759468 69.58435 0.3210991
car 313.71835 325.69916 74.66145 84.79383 0.3460674
car 421.68036 442.59027 65.18398 77.24816 0.43455574
car 253.65656 274.45114 64.32798 89.12802 0.5199009
car 305.2709 317.5278 76.30757 85.642235 0.5805673
car 184.8582 215.47873 93.69228 123.14502 0.7330896
car 167.57596 196.72597 103.86121 132.17407 0.9112367
car 132.47693 172.03278 108.67494 142.96008 0.9421193
car 284.17767 304.8143 84.94771 102.969025 0.950709
car 77.6343 131.67189 128.92395 168.95059 0.9756724
car 216.40524 251.19762 94.24659 124.85862 0.9859904
--
truck 102.63953 165.66548 142.51555 225.24779 0.5424497
car 323.49908 332.2977 61.75138 69.60248 0.3393129
car 314.20792 325.92462 74.60976 84.73904 0.37662122
car 421.6788 442.58423 65.28401 77.23096 0.4389164
car 305.35547 317.41678 76.345184 85.55679 0.52017426
car 253.64182 274.43597 64.37205 89.10951 0.52553344
car 184.9303 215.39574 93.642845 123.12959 0.73857915
car 167.6192 196.70222 103.73904 132.07259 0.9083467
car 284.32132 304.88263 84.90523 102.620285 0.9254138
car 132.77158 171.64294 108.71593 143.13095 0.92992693
car 78.310425 132.67184 128.6954 169.12239 0.9826523
car 216.43214 251.15259 94.26626 124.868675 0.9858475
--
truck 103.348465 165.4488 142.884 224.56525 0.5082648
car 323.55316 332.32083 61.6649 69.621956 0.32594267
car 209.63669 246.2691 86.581436 116.83778 0.4090578
car 421.6879 442.57318 65.27118 77.24049 0.43191907
car 305.23245 317.34293 76.260216 85.45445 0.49023342
car 253.69923 274.33984 64.42982 88.9603 0.5336525
car 184.9515 215.38922 93.63967 123.12063 0.75592417
car 167.73099 196.62369 103.67994 131.9275 0.9124464
car 287.1109 305.3135 84.57795 100.2719 0.9260236
car 132.60487 171.45805 108.72157 143.38904 0.92719173
car 216.59898 251.10457 94.24971 124.93959 0.98710144
car 78.80805 132.65189 128.78693 168.81206 0.98727846
--
truck 103.181366 165.39076 143.03397 224.6186 0.5318355
car 323.47092 332.35977 61.612583 69.64357 0.3226412
car 421.68002 442.57047 65.189125 77.22153 0.41011316
car 305.17932 317.45322 76.22031 85.48569 0.502953
car 253.7031 274.30676 64.39724 88.93489 0.5561033
car 184.98648 215.39037 93.6543 123.09802 0.76055884
car 167.71289 196.6119 103.69005 131.91188 0.9183886
car 287.04205 305.37634 84.59825 100.37963 0.930982
car 132.63396 171.54926 108.72905 143.47331 0.9349141
car 78.843765 132.85066 128.78255 168.86084 0.98504406
car 216.58206 251.12192 94.14513 124.94234 0.98682225
--
truck 102.92937 163.68596 142.44333 225.16986 0.6010562
car 421.65582 442.63455 65.087296 77.26928 0.38704893
car 253.68333 274.24966 64.25328 88.8616 0.57098174
car 184.6851 215.34741 93.61416 123.24272 0.7512055
car 167.74774 196.46518 103.65011 131.90233 0.9185903
car 132.7148 171.26605 108.99251 143.87155 0.9385492
car 287.12677 305.9918 84.23511 99.61929 0.965666
car 216.4817 251.19452 94.34938 124.79368 0.986584
car 78.61551 131.62907 128.49736 169.05742 0.98688465
--
truck 102.89121 163.65543 142.54465 225.11725 0.5669355
car 421.69766 442.5892 65.114716 77.25585 0.39376333
car 253.67194 274.24698 64.22407 88.89666 0.5617667
car 184.72395 215.39998 93.60449 123.26932 0.7521015
car 167.64267 196.48087 103.591324 131.87474 0.91538966
car 132.91367 171.19287 109.03516 143.88982 0.93284464
car 287.10287 305.90897 84.296135 99.71291 0.9633232
car 216.54588 251.20546 94.35608 124.748276 0.9858937
car 78.63813 131.52109 128.51039 169.05385 0.98665714
--
truck 102.01102 162.46074 142.57967 226.19048 0.660777
car 313.42062 325.4129 69.67845 82.4406 0.31945363
car 421.75137 442.5355 65.05091 77.33677 0.354709
car 304.52432 317.4541 68.25977 79.6653 0.3651486
car 209.56346 246.23045 86.701935 116.705536 0.4156648
car 253.65111 274.29562 64.328514 88.73232 0.58177906
car 184.75484 215.24147 93.622696 123.17738 0.7684045
car 168.0808 196.34346 103.81192 131.97183 0.9275103
car 133.11559 171.43204 109.004875 144.18336 0.93789244
car 287.20688 306.1695 83.89263 98.768074 0.95172936
car 78.53289 136.30574 128.54773 169.01411 0.97082245
car 216.51234 251.28227 94.73209 124.70166 0.98593605
--
truck 103.28938 159.29602 141.87654 225.75183 0.7152789
car 421.79694 442.4936 65.00187 77.38947 0.35351223
car 209.49554 246.36844 86.67446 116.85165 0.4055416
car 304.66867 317.4572 68.16897 79.405975 0.41931427
car 253.53304 274.34442 64.39283 88.77688 0.61008084
car 184.68964 215.27191 93.71626 123.144135 0.7712605
car 168.0689 196.36049 103.883545 132.04073 0.93503517
car 133.02205 171.48009 109.01648 144.08806 0.95252526
car 288.1577 305.85962 84.09997 98.60499 0.9540309
car 77.72044 135.1383 128.49272 168.35057 0.9747799
car 216.46304 251.3342 94.61932 124.702896 0.9857156
--
truck 103.16875 159.73375 140.32281 225.19658 0.7281255
car 421.808 442.4681 65.03085 77.370674 0.36637336
car 304.74863 317.32816 68.33413 79.16911 0.3956108
car 209.32248 246.37836 86.62019 116.743256 0.43303984
car 253.5656 274.28943 64.311325 88.73512 0.588167
car 184.73605 215.40514 93.71425 123.24608 0.7608555
car 168.20198 196.39697 103.81507 132.1321 0.9359141
car 132.95097 171.39595 108.764534 144.00468 0.9404518
car 77.38143 134.61214 128.16125 168.88005 0.9547917
car 288.15765 305.90005 83.82998 98.23703 0.96131974
car 216.45389 251.40002 94.73062 124.70528 0.9851283
--
truck 102.17396 160.17677 140.39655 224.0245 0.6374995
car 313.2655 325.73203 69.631714 81.99524 0.36269552
car 421.8061 442.4736 65.059975 77.35943 0.36903802
car 209.4154 246.3896 86.70446 116.83121 0.4173699
car 304.69943 317.06146 68.4794 78.97332 0.44139892
car 253.7197 274.21576 64.28042 88.66961 0.5779662
car 184.66353 215.2912 93.69991 123.12563 0.7612161
car 76.87895 133.29211 128.44426 169.19691 0.93209606
car 168.35106 196.4375 103.9729 132.08398 0.9355599
car 132.95567 171.14206 108.93438 144.00162 0.94870096
car 288.38272 305.96744 83.3064 98.415535 0.96382827
car 216.39417 251.29924 94.79925 124.65494 0.9860754
--
truck 103.31325 159.21547 140.25864 225.47394 0.72042644
car 313.26923 326.23068 69.870766 82.45639 0.31922036
car 421.76834 442.503 65.07366 77.39427 0.36829087
car 303.95663 316.8903 68.60742 79.48414 0.38810912
car 209.40373 245.99945 86.84426 116.52061 0.46437293
car 253.57887 274.37732 64.27753 88.60796 0.5910944
car 184.60782 215.21246 93.74513 123.02164 0.75987166
car 168.22247 196.5451 103.98476 131.72887 0.93922406
car 77.69368 132.8882 127.819695 169.35637 0.94367635
car 132.68715 171.55034 108.848236 143.62737 0.9518663
car 289.00232 306.13428 82.6559 98.333176 0.9602669
car 216.32892 251.5091 94.99596 124.69917 0.9849431
--
truck 102.52387 159.41542 139.1497 225.5469 0.5551219
car 303.4686 316.65024 68.29291 78.71161 0.3247047
car 313.6683 326.10895 70.3274 82.098885 0.3563513
car 421.75162 442.5617 65.03541 77.38597 0.37553614
car 209.26187 246.31282 86.704254 116.75583 0.47257176
car 253.64099 274.27835 64.33506 88.76044 0.58453244
car 184.47028 215.26784 93.75954 122.96321 0.758685
car 76.36704 130.4974 125.20867 169.82672 0.84623337
car 168.18738 196.63138 103.96288 131.52654 0.939802
car 288.76294 307.3248 82.27894 97.847466 0.96450907
car 133.32216 171.6598 108.87385 143.52664 0.96485263
car 216.23477 251.56766 95.00365 124.66047 0.98495257
--
truck 103.49683 159.23651 139.34863 225.68701 0.47920746
car 314.41614 326.2811 74.566315 84.60304 0.32718253
car 421.42722 442.67874 65.6328 77.58161 0.34505746
car 313.1764 325.17218 70.5082 81.86677 0.38730663
car 304.18005 316.6921 68.91902 78.82029 0.47628206
car 253.32802 274.05286 64.57469 88.65195 0.5219907
car 184.6521 214.97284 94.20727 122.73715 0.7256379
car 76.206566 131.82603 124.999146 169.03325 0.89683765
car 167.7756 196.62848 104.112495 131.35992 0.92844564
car 133.09596 171.02365 109.189674 143.48581 0.97508556
car 289.02716 306.6272 82.29153 97.875244 0.97639376
car 216.17902 251.09424 94.55912 124.681335 0.9797438
--
truck 103.27704 159.42715 139.36882 225.51555 0.5812561
car 421.43164 442.63898 65.60539 77.56955 0.3321096
car 313.36917 325.4134 70.43113 82.061424 0.37793422
car 304.15536 316.7498 68.64119 78.657295 0.41014332
car 253.3859 273.85873 64.482025 88.68339 0.54467285
car 184.66496 214.99115 94.23518 122.71699 0.7180435
car 77.86733 133.28392 124.07177 170.23012 0.75177246
car 167.855 196.60321 104.112976 131.27339 0.9276813
car 290.2626 307.08942 81.396255 97.70439 0.96860224
car 133.48111 171.158 109.28326 143.37242 0.972255
car 216.19429 251.05696 94.37761 124.692345 0.9789298
--
bus 94.65168 159.28427 128.63182 226.79683 0.31025273
car 421.54425 442.49097 65.58424 77.58275 0.32222152
car 313.43286 325.37637 70.374275 81.98364 0.3512127
car 304.30646 316.728 68.747444 78.63083 0.39586046
car 253.50114 273.8559 64.492226 88.69064 0.5320355
car 184.68661 214.95552 94.21532 122.81828 0.7258568
car 77.26713 133.07153 123.707855 169.25314 0.8841083
car 167.93008 196.56015 104.10548 131.23882 0.9277447
car 133.42004 170.98485 109.22909 143.07602 0.9756842
car 290.4213 306.8184 81.88144 97.528015 0.9757018
car 216.10583 251.05986 94.53804 124.741 0.97903943
--
bus 93.94476 159.63539 128.49377 226.98172 0.31382322
car 322.66702 332.24606 61.627132 69.464 0.30520424
car 421.51926 442.52582 65.62429 77.57154 0.34643114
car 304.08292 316.76984 68.6256 78.76821 0.3945199
car 313.4034 325.80618 70.39125 82.17467 0.39905038
car 253.49739 273.8672 64.50097 88.69374 0.53093785
car 184.66748 214.95483 94.203064 122.83475 0.72629446
car 77.06447 133.87027 123.738716 169.44029 0.88064015
car 167.9101 196.57779 104.11073 131.25879 0.9261221
car 133.34874 170.98943 109.2556 143.05014 0.9753191
car 290.79703 307.1964 81.893234 97.36765 0.97680914
car 216.12355 251.03957 94.42775 124.766556 0.97936
--
truck 103.25934 160.0447 140.5432 224.27206 0.71013033
car 210.31978 228.07457 85.29105 100.749146 0.3058978
car 322.9946 332.07993 61.661243 69.08327 0.31135115
car 234.43195 256.02625 80.47041 102.63365 0.3795231
car 304.4943 316.51443 68.8978 78.56225 0.38849607
car 421.11853 443.1268 65.35963 77.82562 0.45033863
car 253.48906 273.66064 64.50099 88.801956 0.4514897
car 209.51643 246.07626 86.559814 116.855545 0.45728755
car 184.68816 215.0698 94.0366 122.91261 0.66826034
car 167.55469 196.59763 103.63016 131.44533 0.90122855
car 77.16116 131.20158 122.92162 168.72252 0.9048126
car 133.54242 170.71692 108.74165 143.38634 0.9634182
car 290.83206 307.87094 81.92034 96.911026 0.97402555
car 216.05673 251.41136 95.22677 124.596954 0.9796863
--
truck 103.58703 159.7209 140.80711 224.5473 0.7284683
car 210.16685 228.11848 85.02154 100.897934 0.30912808
car 234.8386 255.90898 80.25233 103.26038 0.37649575
car 304.78876 316.2662 68.42306 78.02653 0.37697783
car 421.16022 443.0431 65.33064 77.59422 0.45292452
car 253.5502 273.61096 64.46536 88.80983 0.45829004
car 184.58696 215.0865 93.932 123.02719 0.7222482
car 78.29332 131.6343 123.658195 168.1089 0.7590363
car 167.7148 196.44662 103.82783 131.41475 0.8829227
car 133.54729 170.67767 108.8479 143.47575 0.9642913
car 292.10107 307.76343 81.496635 96.523285 0.9701823
car 216.0778 251.4681 94.52858 124.72553 0.9757242
--
truck 103.51394 159.46059 140.40036 224.81987 0.72321934
car 323.26474 331.898 61.910072 69.264946 0.30899003
car 235.00917 255.72131 79.966034 103.71806 0.32159665
car 304.43732 316.15027 68.312485 77.898155 0.4270864
car 421.25543 442.9703 65.405396 77.81713 0.43926117
car 253.58492 273.38034 64.282326 88.769104 0.533857
car 184.50316 215.07457 93.73757 123.20494 0.70333475
car 78.18761 131.86827 123.12673 168.04105 0.74423885
car 167.80505 196.50847 103.77309 131.54341 0.8729874
car 133.6456 170.65755 108.48902 143.87378 0.9487996
car 292.1441 307.67886 81.489815 96.51048 0.9642551
car 216.15791 251.55127 93.64569 124.972946 0.97251445
