--
car 93.16575 195.25006 51.29985 103.59513 0.99909633
--
car 92.871765 195.60172 51.315884 103.58855 0.9991953
--
car 92.52564 196.00275 51.4122 103.42963 0.9990816
--
car 92.63916 195.84232 51.36796 103.435875 0.9990673
--
car 92.52496 195.98148 51.517292 103.465355 0.9990309
--
car 92.51072 196.01941 51.51172 103.47969 0.99912804
--
car 92.5384 196.09718 51.421604 103.44969 0.9991535
--
car 92.47362 196.21121 51.556015 103.50193 0.9991999
--
car 92.573105 196.23466 51.549553 103.317444 0.9991941
--
car 92.57869 196.28929 51.520615 103.36961 0.9992166
--
car 259.3205 369.5687 206.9077 360.3546 0.5850377
car 92.58254 196.43768 51.51657 103.38129 0.99923134
--
car 271.34433 366.6417 207.02255 353.44687 0.7284416
car 92.59395 196.44456 51.600365 103.401886 0.99923784
--
car 270.63223 367.5011 200.54645 359.64777 0.82637316
car 92.56856 196.62442 50.78694 103.42538 0.999176
--
car 275.0586 474.23083 95.42056 353.45782 0.329322
car 272.3767 368.71942 190.5752 343.28925 0.5037109
car 92.60019 196.55493 50.74655 103.455444 0.9991315
--
car 274.1521 474.51764 94.32761 353.13986 0.4019078
car 273.50052 368.9339 192.01561 339.74936 0.81205785
car 92.576324 196.50842 50.668644 103.526184 0.99915725
--
car 281.89325 471.85464 85.60238 360.02744 0.42367196
car 277.22556 374.717 184.6296 340.9693 0.8662605
car 92.826416 195.88539 50.7526 103.48231 0.99917734
--
car 279.73593 375.3102 173.19063 323.76254 0.7807653
car 93.015915 195.59546 50.783432 103.26715 0.99931467
--
car 280.8395 377.3477 172.14171 318.28128 0.8822275
car 92.91515 195.8557 50.794235 103.51083 0.9992663
--
car 282.10272 375.4979 166.195 317.4949 0.8079421
car 93.10554 195.53365 50.800343 103.31067 0.9992744
--
car 285.2279 376.7182 161.85461 295.91177 0.83052677
car 92.92458 195.80307 50.854694 103.35533 0.99930465
--
car 290.495 386.18832 152.04277 295.64093 0.8413189
car 92.88754 195.89215 50.944492 103.34038 0.9992688
--
car 294.27667 383.33145 147.72726 278.78925 0.45869318
car 92.82964 195.95107 51.042095 103.38597 0.99928045
--
car 299.01404 388.10178 143.03426 272.63715 0.5438692
car 92.8311 195.84491 51.06329 103.30183 0.99924177
--
car 303.02032 391.443 139.05968 263.72073 0.72202176
car 92.79861 195.86673 50.95623 103.31926 0.9992235
--
car 305.20844 393.60376 124.49226 255.89334 0.6362518
car 91.893 196.53877 51.476326 103.08319 0.9991835
--
car 308.5994 399.8207 121.531456 248.08017 0.6442363
car 91.86036 196.64122 51.621838 103.04558 0.9992059
--
car 312.6955 401.71698 121.5946 244.2333 0.53334475
car 91.92828 196.48944 51.52387 103.12072 0.99921125
--
car 314.04175 404.15475 121.08131 243.42824 0.47699177
car 92.078316 196.62175 51.391136 103.01753 0.99921626
--
car 321.4668 403.8256 112.16556 225.47174 0.4624259
car 92.07844 196.62921 51.52469 103.144394 0.9990873
--
car 323.4534 408.39713 105.977554 223.0776 0.47766855
car 92.11859 196.59651 51.482502 102.99503 0.9990676
--
car 324.77933 409.42957 103.29898 211.23555 0.38630706
car 92.24001 196.4221 51.42876 102.8475 0.9991404
--
car 328.4389 416.22455 100.73568 204.64351 0.35914558
car 92.21345 196.44917 51.349556 102.95428 0.9991645
--
truck 330.59625 426.1914 101.00125 200.37964 0.42859676
car 92.212555 196.69589 51.50016 102.96516 0.99917245
--
bus 335.11255 419.81418 95.62212 195.8163 0.6981199
car 92.15015 196.6949 51.45908 103.00543 0.99912626
--
bus 344.0942 424.61636 90.34435 186.55841 0.3470653
car 92.27988 196.66135 51.655006 102.973434 0.99910915
--
bus 347.3081 430.60828 88.40211 184.81412 0.49473658
car 92.30027 196.63281 51.709 102.94137 0.99910337
--
car 347.63846 434.337 82.90762 184.31726 0.6277733
car 92.626045 196.63164 51.206814 102.4422 0.999134
--
car 348.81427 434.9983 82.82567 180.11853 0.5276164
car 92.39865 196.97041 51.167515 102.43449 0.9992078
--
car 355.9557 437.3381 81.955055 173.94081 0.46534136
car 92.39042 197.0204 51.205536 102.4637 0.9991802
--
car 359.6432 438.48264 76.56069 166.24194 0.56219137
car 92.67064 196.48808 51.141235 102.36736 0.99920696
--
car 365.2949 438.79376 75.82268 166.25186 0.4120097
car 92.66052 196.61908 51.105057 102.27145 0.9992509
--
car 365.50705 440.6608 73.98539 164.43192 0.49987143
car 92.78987 196.3559 51.12874 102.36532 0.9990861
--
car 369.31555 445.49493 74.844955 160.57571 0.41854548
car 92.627495 196.54964 51.037502 102.495094 0.9992526
--
car 370.33832 449.65472 69.87421 154.5988 0.49443516
car 92.61862 196.45805 51.13523 102.424515 0.99909896
--
car 92.56104 196.29659 51.116264 102.600044 0.9990437
--
car 377.4171 455.41168 68.49761 152.0341 0.3155444
car 92.47279 196.504 50.936543 102.77686 0.99919707
--
truck 449.66638 479.9986 27.2031 89.3611 0.30541846
car 379.91946 455.75214 68.08148 148.43474 0.63830703
car 92.57316 196.2869 50.860233 102.807205 0.9991408
--
car 390.15222 462.29346 62.457714 140.58504 0.676304
car 92.577736 196.57893 51.147396 102.60813 0.99925804
--
car 391.0976 462.65192 61.874363 139.53256 0.7264587
car 92.532036 197.12863 51.141506 103.262726 0.9988873
--
car 395.17847 462.82144 62.004078 136.375 0.76942605
car 92.53505 197.03065 51.174435 103.25506 0.9988084
--
truck 396.18637 464.60062 59.506195 134.19646 0.41131333
car 92.88454 196.52765 51.045517 103.17676 0.99877346
--
car 398.90076 471.60043 59.95494 133.07053 0.54329425
car 93.00191 196.48882 51.09036 103.03819 0.9987381
--
truck 219.37772 328.81024 310.1923 358.3491 0.3767144
car 401.77707 474.86417 57.93949 130.04074 0.7534452
car 92.85496 196.57954 51.17231 102.873 0.99876976
--
car 402.20676 474.75433 58.050804 128.55971 0.75249594
car 92.83137 196.57898 51.17479 102.83351 0.99873984
--
car 404.62643 470.97086 59.317192 127.77583 0.7361127
car 92.78039 196.71512 51.15406 102.764114 0.9988107
--
car 404.3741 472.9676 59.160465 125.268974 0.6877915
car 92.66957 196.83495 51.05805 102.81429 0.9988778
--
car 406.93628 475.76752 54.595325 125.70753 0.4594112
car 92.496635 197.03848 51.04281 103.064224 0.9988676
--
car 410.4382 481.21432 53.507645 124.863785 0.4138329
car 214.44086 342.59625 257.2663 354.91385 0.6285749
car 92.771645 196.78262 50.883656 103.06959 0.9988174
--
car 228.50105 343.47998 246.39578 357.50497 0.9648582
car 93.03775 196.01566 50.85371 102.840805 0.99847597
--
car 415.23975 479.22705 54.036438 124.553345 0.3667082
car 231.18396 344.59158 241.17139 351.65802 0.98060167
car 92.98781 195.96675 50.875484 102.83636 0.9984312
--
car 415.9074 478.53693 50.539394 118.164375 0.53369755
car 238.81773 338.69794 233.63246 358.6047 0.95219684
car 92.835724 195.71333 51.182514 102.49225 0.9983513
--
car 416.185 479.27045 50.440605 118.57885 0.6202847
car 242.39816 341.16187 221.04202 349.4125 0.9716917
car 92.802734 195.63089 51.116425 102.759186 0.9984093
--
car 419.1766 479.52243 51.277733 118.80502 0.68368095
car 243.45715 340.11456 211.63739 345.77774 0.93338126
car 92.68612 196.00139 51.098392 102.699554 0.99875516
--
car 419.7863 479.57565 51.00907 118.295975 0.6922568
car 251.07053 346.95285 206.67194 329.35388 0.97220737
car 92.70136 195.98183 51.230804 102.5008 0.9988173
--
truck 371.91537 484.30646 5.510183 81.45485 0.39479953
car 417.23996 478.4599 50.050137 120.020454 0.8078721
car 250.18896 348.75522 199.63617 330.09003 0.97066575
car 92.67393 195.82706 51.07622 102.61734 0.9989841
--
truck 370.29562 483.08087 5.3344846 84.140015 0.363683
car 417.07678 478.69904 49.52461 120.5312 0.7618065
car 257.4876 348.40634 200.92128 315.42242 0.97824764
car 92.639725 195.99721 50.975246 102.5374 0.9990258
--
car 367.68698 482.6976 4.115528 85.64801 0.3841815
car 254.91231 350.4881 198.22359 303.00058 0.9713712
car 92.18004 195.76526 50.9914 102.51828 0.99912417
--
truck 362.63934 483.0363 5.1024146 82.1628 0.31082395
car 259.3975 351.8485 179.65065 303.53604 0.9462331
car 92.06947 195.72562 50.950115 102.55175 0.9992201
--
car 266.05792 352.57153 186.82834 289.99472 0.99394125
car 92.25511 195.66098 50.924034 102.78297 0.9991787
--
car 430.20706 481.19775 54.407166 131.89413 0.3994809
car 273.03326 358.42822 172.60484 276.01706 0.983491
car 92.346756 195.35677 50.99414 102.611145 0.99925625
--
car 355.36493 432.65106 9.44081 80.34261 0.36630276
car 273.9568 362.28946 167.92033 275.4537 0.9928456
car 92.22437 195.64517 51.080204 102.69524 0.9993019
--
car 276.85846 362.7555 164.82375 263.80774 0.9652377
car 92.04549 195.9322 51.058033 102.53075 0.9992551
--
car 354.55548 432.38452 8.251108 78.48844 0.35107195
car 280.7476 364.50012 160.42621 258.19662 0.99499124
car 91.86633 196.08379 50.328697 102.93762 0.99910384
--
car 282.22955 367.45193 155.20865 258.0948 0.9857002
car 91.95108 196.22906 50.408585 102.89241 0.99914825
--
car 284.54144 369.78326 155.88197 249.55663 0.97941536
car 91.723335 196.44817 50.569214 103.032 0.9990857
--
car 349.35895 414.07254 10.24731 80.38423 0.3348674
car 286.74335 372.75684 152.631 249.77654 0.9865406
car 91.6592 196.74911 50.780483 103.073944 0.9990907
--
car 289.0951 371.40604 145.04445 241.26686 0.9807289
car 91.88867 196.46196 50.74742 103.14042 0.99914706
--
car 294.12967 376.87744 150.36432 228.14742 0.99627805
car 91.839516 196.43117 50.86135 103.173035 0.9990767
--
car 287.77612 385.0082 141.01184 225.41168 0.9886409
car 91.97736 196.142 50.702732 103.074104 0.99899656
--
car 410.1429 481.7383 62.235405 130.77994 0.43974257
car 295.21246 381.62817 142.60031 223.60744 0.9951595
car 91.87188 196.40602 50.707237 103.00097 0.9989485
--
car 408.84384 482.2161 63.515438 131.42326 0.4422404
car 303.51404 385.92505 138.5131 215.9968 0.99403334
car 91.90335 196.23982 50.607674 103.00423 0.9989174
--
car 305.9976 390.2314 137.38358 212.24641 0.9971213
car 91.87906 196.18028 50.6025 103.01326 0.9988948
--
car 408.7775 482.00345 60.58944 131.98834 0.53831226
car 308.8178 395.6344 133.83884 211.1389 0.9821081
car 91.778786 196.23816 50.591595 103.04405 0.99892086
--
car 408.5184 482.041 61.198288 133.23824 0.6551854
car 311.794 394.34268 133.52626 206.74806 0.9963885
car 91.57951 196.52164 50.763844 103.00092 0.9988494
--
car 407.45175 482.8146 65.01347 133.77235 0.8431273
car 312.63818 395.32434 127.71034 204.23683 0.9981086
car 93.09599 195.63826 51.49785 102.67524 0.99898493
--
car 407.38132 482.6358 65.92676 134.04088 0.80990934
car 313.28754 397.66718 126.00123 202.29924 0.99355394
car 92.95264 195.72807 51.434425 102.4687 0.9990902
--
car 404.35953 477.89362 71.00092 132.77985 0.83976245
car 317.71606 401.8659 125.24189 200.98146 0.98361987
car 93.029106 195.69772 51.513466 102.5055 0.99912864
--
car 403.61484 478.16107 72.140305 132.41165 0.859267
car 320.6521 403.51178 123.33612 196.58138 0.9878411
car 92.96775 195.88857 51.65577 102.4754 0.9991143
--
car 404.32162 477.28568 68.41895 135.56606 0.766219
car 322.5662 404.07892 123.05308 195.69994 0.98856
car 93.09885 195.70895 51.633778 102.44741 0.99909633
--
car 404.05774 477.03558 68.847534 136.98595 0.6103378
car 324.59225 408.65668 123.266266 193.01936 0.9892065
car 92.75456 196.30034 51.620743 102.47888 0.9990632
--
car 403.92798 477.58215 68.08281 138.17885 0.6409788
car 325.74475 408.93796 122.96732 190.84424 0.98774904
car 92.8957 196.06625 51.80927 102.51634 0.9990411
--
car 403.98502 478.78445 73.076744 144.56926 0.35727817
car 332.25278 413.4403 117.10346 187.23799 0.9939061
car 92.9556 196.0109 51.682922 102.45026 0.9990608
--
car 404.19443 478.2275 73.06305 145.09676 0.36580253
car 332.73386 414.02896 115.61192 184.75949 0.9892985
car 92.86119 196.19444 51.687798 102.55304 0.9991037
--
bus 331.0806 399.44556 6.7849483 104.08495 0.382068
car 334.51883 416.9625 113.03468 182.6477 0.9881298
car 92.70018 196.56175 51.70063 102.60676 0.99917763
--
car 403.83386 478.6995 74.44038 144.7988 0.45170152
car 335.30905 418.81815 112.62632 180.42915 0.99025697
car 92.70937 196.52957 51.795692 102.60325 0.9992476
--
bus 330.58124 399.6651 6.573799 104.02663 0.30920616
car 339.1001 420.35007 111.708015 179.17995 0.9925857
car 92.73268 196.63794 51.851562 102.67143 0.99933213
--
car 415.87613 480.8748 66.299065 137.33884 0.3871067
car 340.76624 422.2829 110.77798 179.26097 0.9890656
car 92.66642 196.2559 51.81217 103.3091 0.99926394
--
car 341.80457 423.02243 109.91027 179.49896 0.98072934
car 92.7787 196.16138 51.74626 103.30576 0.999245
--
car 342.89777 426.84232 110.35979 178.45839 0.9745472
car 92.89885 196.03854 51.84743 103.29097 0.99916786
--
car 344.04437 427.6646 106.5252 176.29495 0.97440106
car 92.6011 196.19199 51.76314 103.48928 0.9991012
--
car 345.76245 432.7367 105.10662 177.46886 0.9824883
car 92.42496 196.62599 51.808434 103.24093 0.9990475
--
car 348.1057 431.99197 104.62038 177.73897 0.98545784
car 92.61943 196.1461 51.805973 103.084435 0.9989374
--
car 351.23267 432.11642 104.61808 176.12462 0.98778135
car 92.84692 195.64127 51.513626 102.93204 0.99888676
--
car 351.4203 433.25616 103.44395 175.69205 0.98876745
car 92.822815 195.7291 51.49623 102.92243 0.9989244
--
car 352.56674 433.95615 103.54902 173.1916 0.9869199
car 92.76277 195.80945 51.677124 102.79818 0.9989153
--
car 353.8865 434.86188 103.74162 172.25137 0.9842398
car 92.87198 195.57338 51.421223 102.74948 0.99898416
--
car 355.54437 435.72186 104.018456 169.77318 0.9734031
car 92.625336 195.92377 51.389847 102.588585 0.9989979
--
car 357.13394 437.76117 103.656136 167.92255 0.9835218
car 92.56625 195.96307 51.394085 102.545006 0.9989002
--
car 358.15308 437.91708 103.2019 169.0778 0.9828134
car 92.87451 195.59406 50.907078 102.68915 0.99894863
--
car 359.24155 438.21127 102.87849 168.58562 0.9861984
car 93.02553 195.35306 50.94957 102.57993 0.99897325
--
car 359.9822 439.9558 102.48388 168.22813 0.97422713
car 92.95439 195.55165 50.936596 102.60103 0.99901366
--
car 361.11557 440.41483 101.634476 168.25325 0.9700994
car 92.990074 195.52245 50.86122 102.65451 0.9990314
--
car 361.35315 441.23108 102.22976 166.72504 0.9732984
car 92.95183 195.5795 50.8576 102.65388 0.99902046
--
car 361.7601 441.8137 102.646866 165.99225 0.96651804
car 92.8336 195.75772 50.889824 102.66037 0.9989968
--
car 361.63678 441.94708 102.820206 166.2278 0.9791426
car 92.857895 195.72964 50.927822 102.67124 0.9989818
--
car 362.21494 441.49725 102.820915 166.56157 0.98592377
car 92.75505 195.85202 50.928474 102.6499 0.99899966
--
car 362.10538 441.1607 102.72957 166.67949 0.985892
car 92.87864 195.74727 50.951027 102.645164 0.99900126
--
car 362.19476 440.8741 102.32157 166.46938 0.9846397
car 92.79304 195.95157 50.961124 102.52518 0.9990153
--
car 362.40863 440.34485 102.46953 165.75291 0.9871584
car 92.75832 196.01115 50.940025 102.44215 0.9990621
--
car 361.97565 440.65344 102.29622 165.87958 0.985552
car 92.7549 196.0203 50.9407 102.47365 0.9990449
--
car 362.09976 440.19058 101.834236 165.98083 0.99012226
car 92.82526 195.93828 50.846703 102.56542 0.99915874
--
car 362.25977 440.48108 102.239265 165.71878 0.99100906
car 92.73977 196.10092 50.88624 102.533455 0.9991222
--
car 362.18744 440.50546 102.23595 165.44057 0.9920093
car 92.716064 196.13127 50.873127 102.67901 0.9990881
--
car 362.18427 440.5377 102.31044 165.87585 0.9929235
car 92.7057 196.05898 50.71721 102.72161 0.9991028
--
car 362.05502 440.95248 102.223366 165.6706 0.9924113
car 92.705925 196.11374 50.675003 102.73783 0.9990803
--
car 361.8764 440.6848 101.90491 166.00343 0.99209017
car 92.6674 196.16658 50.74823 102.731285 0.99909484
--
car 402.2462 478.01718 73.557205 144.54877 0.3014521
car 362.17728 440.57074 102.350105 166.0413 0.99368423
car 92.69643 196.17819 50.616386 102.72149 0.9991214
--
car 402.64548 478.10672 74.06969 144.2181 0.40682793
car 362.18695 440.52292 102.68012 166.36093 0.99412537
car 92.782486 196.15004 50.621235 102.80897 0.99901056
--
car 402.6667 478.40765 74.24173 144.65053 0.49136066
car 361.8624 440.421 102.96604 166.58592 0.9940189
car 92.643524 196.30345 50.67118 102.79965 0.9990311
--
car 362.15076 440.32098 102.837875 166.4096 0.99491835
car 92.621796 196.28456 50.63041 102.842964 0.9990325
--
car 362.20392 440.29276 102.87881 166.95415 0.9955757
car 92.61663 196.25035 50.65239 102.76104 0.9990673
--
car 361.97357 439.7724 102.596214 167.50464 0.9959877
car 92.68055 196.09846 50.7189 102.75391 0.9991098
--
car 362.6139 438.61404 102.34787 167.90927 0.9955495
car 92.75179 195.50455 50.919163 102.50892 0.9990712
--
car 362.2943 438.56473 102.42311 167.84396 0.99577475
car 92.70338 195.54382 50.835613 102.63007 0.99905443
--
car 361.9668 438.7997 102.44315 168.52382 0.9946056
car 92.74627 195.55278 50.855923 102.58555 0.9990825
--
car 361.53906 438.9053 102.7961 169.1899 0.9938675
car 92.72198 195.61111 50.724976 102.73455 0.99911207
--
car 361.01263 438.85333 102.782616 168.73003 0.9928951
car 92.795044 195.52194 50.812798 102.62727 0.9991551
--
car 360.94116 439.2608 102.707085 168.99338 0.99421835
car 92.83179 195.46214 50.848015 102.61563 0.9991624
--
car 360.92834 438.66995 102.99249 168.99496 0.9953895
car 92.74122 195.517 50.87536 102.58545 0.9991606
--
car 360.8469 438.57904 103.30891 168.97626 0.99521655
car 92.744316 195.51512 50.93835 102.55585 0.999167
--
car 360.80014 439.04517 103.2529 169.16287 0.9952508
car 92.79605 195.46933 50.936237 102.56104 0.9991588
--
car 359.92694 438.68677 103.6262 168.69977 0.99584407
car 92.78565 195.48312 51.026237 102.55399 0.99914587
--
car 359.84766 437.86935 103.637405 168.64827 0.9962334
car 92.72639 195.64008 51.176956 102.60108 0.999106
--
car 359.37146 437.7981 104.33845 169.47198 0.9964246
car 92.7402 195.56296 51.085342 102.646805 0.9991295
--
car 358.09283 436.42285 104.060394 171.42038 0.99423367
car 92.713104 195.92874 51.130657 101.92412 0.99914795
--
car 357.9329 436.95154 104.465775 171.14418 0.9947703
car 92.67954 195.97517 51.089493 101.94053 0.99917907
--
car 357.51016 436.45502 104.252365 170.8686 0.99386925
car 92.70488 195.94409 51.061512 101.941025 0.9991711
--
car 357.2885 436.7991 104.507965 171.10397 0.9939696
car 92.71349 195.8867 50.997387 101.943436 0.999211
--
car 356.74796 435.89575 104.27072 171.36646 0.9929003
car 92.7496 195.83664 51.00342 101.92703 0.9991724
--
car 356.3983 435.33487 104.45417 171.62462 0.9929702
car 92.66644 195.94145 50.96728 101.913635 0.9991654
--
car 356.17078 435.54 104.5974 171.60107 0.99439865
car 92.72046 195.9054 51.05117 101.94048 0.99913806
--
car 355.12454 435.79312 104.91218 172.35732 0.99356955
car 92.74068 195.89139 51.11577 101.91604 0.99913543
--
car 354.6342 435.15128 105.09859 173.00124 0.994439
car 92.75315 195.82382 51.051792 101.93797 0.9991043
--
car 354.30896 433.7314 104.74972 173.4835 0.9942815
car 92.74372 195.87433 51.104275 101.941345 0.99909467
--
car 353.74902 433.46237 105.04829 173.93582 0.9954085
car 92.76884 195.83392 51.180157 101.96954 0.9990538
--
car 353.64188 432.99686 105.13995 174.14932 0.9958277
car 92.80193 195.84157 51.20598 101.91492 0.99907947
--
truck 224.6057 305.5328 2.7331576 49.172348 0.4151692
car 353.11774 433.1599 105.20593 174.45015 0.99628395
car 92.82712 195.6207 50.88289 102.13057 0.99890846
--
truck 223.34042 305.76953 2.5431874 49.22851 0.39199543
car 352.91537 432.80933 104.978645 175.23329 0.9972656
car 92.73334 195.81674 50.922543 102.2275 0.9988486
--
truck 223.55197 305.55045 2.5219953 49.261536 0.38407737
car 352.45996 433.0942 104.94537 175.07877 0.99706125
car 92.80076 195.7275 50.859962 102.1897 0.9988852
--
truck 222.72134 306.16898 2.4461584 49.553883 0.36131203
car 352.3098 432.50626 105.77287 175.396 0.99653697
car 92.74313 195.92664 51.032745 102.16017 0.99881935
--
truck 222.57964 306.0073 2.1671124 49.54907 0.34732777
car 351.93356 432.20483 105.494675 175.45905 0.9968003
car 92.74228 195.85191 51.03637 102.10316 0.9987769
--
truck 222.7511 306.0374 2.229404 49.513515 0.34849378
car 351.69296 431.96262 105.55043 176.05376 0.9971859
car 92.66498 196.1259 51.213657 102.068535 0.99871105
--
truck 223.3094 305.75708 1.9360158 49.74704 0.34693217
car 351.4254 431.96484 105.69819 176.1989 0.9971485
car 92.593315 196.36427 51.309242 102.1352 0.99856746
--
truck 223.51152 305.17703 1.9954079 49.7196 0.36247393
car 351.44498 431.4942 106.2492 175.6494 0.9969416
car 92.60667 196.4264 51.365864 102.1115 0.9984424
--
truck 223.8038 305.04022 2.0217848 49.513107 0.342881
car 350.4307 431.70572 105.918945 176.50452 0.9968216
car 92.59518 196.43211 51.32016 102.11099 0.99845326
--
truck 223.41986 305.26514 1.7109972 49.59706 0.32355243
car 349.86954 431.47617 105.44377 176.89978 0.99676424
car 92.653496 196.28575 51.40135 102.11362 0.9984317
--
truck 208.11441 300.34955 2.6671913 52.20686 0.31022215
car 347.80896 432.29245 104.807274 178.09314 0.9943324
car 92.69531 196.28311 51.052143 102.15313 0.9986552
--
truck 207.54764 301.1391 2.423196 51.590702 0.35880297
car 346.97833 432.39465 104.799965 178.21658 0.9923794
car 92.870895 196.3729 51.118206 102.278656 0.9985831
--
car 346.382 433.2796 104.18803 178.96327 0.9937007
car 92.12311 197.39178 52.55107 102.469315 0.9984347
--
car 346.86035 432.62454 104.24272 179.12326 0.9922534
car 92.196335 197.3203 52.54708 102.52365 0.9983542
--
car 345.8979 434.05206 108.701935 179.64171 0.9917567
car 92.2998 197.07753 52.578373 102.398674 0.9983987
--
car 345.33743 434.07382 108.30822 180.26558 0.9891609
car 92.24114 197.14398 52.53337 102.40982 0.9984402
--
car 344.84628 434.18378 108.31807 180.29489 0.9884097
car 92.298225 197.0993 52.63142 102.35769 0.9984577
--
car 344.4148 427.4552 110.16295 178.75143 0.98967963
car 92.30242 197.06116 52.522266 102.45549 0.99840754
--
car 344.85742 427.01086 109.81447 179.0895 0.9892141
car 92.36357 196.97597 52.49495 102.47493 0.9985065
--
car 344.6369 427.2565 109.4084 179.27325 0.9846779
car 92.31377 197.07266 52.28309 102.77166 0.99864686
--
car 344.44998 426.87277 109.42949 179.53023 0.988657
car 92.29435 197.17075 52.309525 102.8103 0.9985134
--
car 344.06387 426.41254 109.2267 179.91818 0.9898797
car 92.306755 197.21423 52.19613 102.78048 0.9985609
--
car 343.76874 426.53162 109.248886 179.98488 0.9901649
car 92.2845 197.25668 52.19066 102.81225 0.9986053
--
car 342.80838 426.72165 108.83868 180.56828 0.98730266
car 92.277725 197.24147 52.122547 102.81676 0.9986713
--
car 342.64734 425.57114 109.49859 180.26434 0.98477334
car 92.14496 197.15826 51.626656 102.51837 0.9987829
--
car 342.75684 424.8448 109.26706 180.92522 0.98410803
car 92.37201 196.89583 51.63861 102.53525 0.9988661
--
car 342.67416 424.1487 109.39456 180.78256 0.988276
car 92.489975 196.68738 51.53009 102.51332 0.9989668
--
car 342.9696 423.808 109.53028 181.14801 0.98915166
car 92.41008 196.79866 51.50926 102.365166 0.99891776
--
car 342.52325 423.51584 110.51794 180.90495 0.991338
car 92.421715 196.65181 51.414654 102.41634 0.99892104
--
car 342.41653 423.35092 110.17098 180.76619 0.9889463
car 92.57043 196.32509 51.524956 102.41413 0.99888813
--
car 342.31766 423.47977 110.54866 180.51363 0.98878515
car 92.463196 196.4383 51.420624 102.50255 0.9988391
--
car 342.02258 423.05768 110.601425 180.34492 0.98836565
car 92.41814 196.43704 51.356537 102.52193 0.99886745
--
car 341.18283 422.6216 110.664024 180.28088 0.9888074
car 92.452126 196.3345 51.415092 102.48326 0.99879
--
car 340.87836 421.91986 111.31548 180.8011 0.9928884
car 92.46058 196.3364 51.48155 102.51285 0.9987518
--
car 339.24158 420.85904 111.44982 181.01727 0.9924164
car 92.40915 196.53116 51.40113 102.47579 0.99882793
--
car 338.6823 420.04968 111.4108 181.48148 0.99260837
car 92.38319 196.58421 51.492508 102.476326 0.99885446
--
car 338.9225 419.72372 111.55641 182.64046 0.9916646
car 92.14544 197.2965 52.0676 102.67701 0.9986942
--
car 338.03815 419.0035 111.013725 183.38052 0.9927421
car 92.24344 197.09587 52.04228 102.884346 0.99865425
--
car 337.65356 417.9224 111.012955 183.5264 0.9944518
car 92.21006 197.11264 51.97242 102.85789 0.9986844
--
car 337.62454 417.8446 110.73389 183.84929 0.99253535
car 92.13255 197.31789 52.071106 102.80031 0.99869233
--
car 337.07663 417.20987 110.9691 184.37276 0.993444
car 92.03293 197.41824 52.030205 102.52755 0.9988503
--
car 336.70227 416.26443 110.89899 184.03885 0.995757
car 91.8184 197.74493 51.96589 102.52338 0.99882525
--
car 336.4823 415.6336 110.97602 184.85077 0.99499375
car 91.68943 197.94699 52.187 102.57206 0.99879444
--
car 336.76093 416.64676 111.47677 185.39165 0.9940251
car 91.802246 197.6544 52.277084 102.59417 0.99891883
--
car 336.57294 415.82968 111.84423 185.68094 0.99391323
car 91.97366 197.22955 51.98132 102.67981 0.9989855
--
car 335.69385 416.09888 111.94681 185.5823 0.9957278
car 92.00674 197.20126 52.07867 102.69684 0.9988977
--
car 335.869 415.37717 112.26656 186.21841 0.99553317
car 91.88565 197.29216 52.12715 102.656296 0.9988422
--
car 335.52698 415.46515 113.01419 186.59534 0.9962455
car 91.96528 197.14278 52.049946 102.70474 0.99891603
--
car 334.4442 414.27826 113.93987 186.9565 0.99743843
car 92.33798 197.15802 52.457355 102.46944 0.9991189
--
car 334.27393 413.87143 113.888054 187.7618 0.9972239
car 92.2116 197.32227 52.43353 102.397545 0.9991467
--
car 333.47473 413.9707 114.25708 188.33275 0.9980582
car 92.1707 197.4005 52.499077 102.45422 0.9990405
--
car 333.0006 413.60547 114.25175 188.97809 0.9980626
car 92.00833 197.64284 52.485653 102.42 0.99905145
--
car 332.03882 413.6872 113.83788 189.81992 0.9976975
car 91.98265 197.69122 52.42222 102.410484 0.9990542
--
car 332.25925 413.44424 114.77094 189.4833 0.99761665
car 91.876686 197.88974 52.4549 102.42141 0.9991454
--
car 331.97812 413.5168 114.949135 189.58029 0.99778867
car 91.94461 197.83974 52.387344 102.475365 0.99919844
--
car 331.68024 413.56396 115.30284 190.65086 0.99805516
car 92.09981 197.67067 52.534325 102.43147 0.9992615
--
car 330.60492 413.8005 114.856705 191.02959 0.9974134
car 92.081406 197.81406 52.623352 102.38865 0.99928576
--
car 329.19363 414.65472 115.40618 191.99998 0.99797875
car 92.050064 197.84125 52.517708 102.35027 0.99930555
--
car 328.14996 415.14655 114.72122 192.34653 0.9964184
car 92.138275 197.66621 52.375774 102.35321 0.9993495
--
car 328.1139 414.87964 114.308365 192.33199 0.9942268
car 92.25421 197.51671 52.45511 102.31694 0.99935615
--
car 328.90063 414.3 114.20826 191.93991 0.9957296
car 92.26534 197.41312 52.663548 102.63947 0.9991831
