--
car 464.54407 479.81128 134.08476 177.3246 0.5268046
--
car 464.55273 479.96225 134.19731 177.4201 0.33757377
--
car 464.71915 479.89206 133.82426 177.7012 0.41197205
--
car 464.7068 479.89282 133.83261 177.87386 0.40221745
--
--
car 465.15558 479.8063 133.95764 177.48543 0.35081917
--
--
car 465.32077 479.66464 133.6383 176.96886 0.44510671
--
car 250.52716 274.74442 -0.43053076 8.086714 0.47419778
--
car 250.39249 274.69226 -0.45005623 8.022498 0.44389367
--
--
--
--
--
--
--
car 243.2496 270.83142 -0.21213792 11.590855 0.48508522
--
car 242.46414 270.68613 -0.19330412 11.806083 0.4761477
--
car 240.16422 269.86667 -0.1072146 12.530735 0.7134792
--
car 239.56155 267.5693 1.144986 13.947382 0.70755017
--
car 239.47768 267.67404 1.0769008 13.905347 0.7172638
--
car 239.26007 265.9929 1.8597465 14.603454 0.4955499
--
car 237.67899 265.7095 0.97577155 14.8937645 0.47387612
--
car 237.93927 263.54123 -0.119592994 17.033474 0.6711375
--
car 282.99463 306.2597 -0.5911042 7.3375545 0.46894112
--
car 282.39722 306.56708 -0.43619257 7.934304 0.38521716
--
car 282.35773 306.62625 -0.5168479 7.9534616 0.41988388
--
car 281.77985 307.00162 -0.4651842 8.323928 0.60492575
car 232.43546 260.11438 1.4497051 20.995235 0.617274
--
car 231.30434 258.17224 1.7624185 22.133291 0.5360221
car 281.06668 306.46652 -0.7039615 8.656418 0.6412031
--
truck 229.57355 257.95737 1.9420776 22.88319 0.335392
car 281.06042 305.46896 -0.84501284 9.116717 0.75495374
--
car 228.51793 257.38254 2.600586 22.735418 0.6048484
car 279.6063 305.67175 -0.8204079 9.244319 0.7869395
--
car 226.68002 256.49176 2.1728098 23.64834 0.69643193
car 278.86636 304.1197 -0.45682043 10.975858 0.92936563
--
car 221.04572 255.54002 4.170571 26.022121 0.39901283
car 278.575 303.5415 -0.1992603 11.385646 0.93990105
--
car 221.02528 255.54588 4.1202564 26.022322 0.3966574
car 278.57727 303.55515 -0.28291607 11.547178 0.9404283
--
car 223.3656 252.91646 3.3694553 27.053518 0.54063225
car 278.08743 302.66275 -0.76678586 12.407159 0.95473385
--
car -0.2320446 10.960915 73.83399 113.62553 0.43970013
car 220.7704 252.79044 2.9532797 28.639496 0.623888
car 276.2222 302.03586 -1.3499062 12.93519 0.96262544
--
truck 219.24272 251.31435 2.0101721 29.6641 0.5136167
car 0.29956475 14.670832 77.488976 112.354065 0.9014608
car 274.4538 302.24994 -1.6537602 13.528007 0.96290505
--
truck 219.51877 249.9426 0.8672105 30.556423 0.40884775
car -0.5174464 21.210491 76.32115 113.27995 0.8609423
car 273.17114 302.03165 -1.956068 14.312812 0.94121456
--
car 218.47362 249.1228 1.1521751 32.046535 0.6523361
car 272.7597 301.28882 -2.1146832 14.541894 0.93815565
car -1.0566598 22.898064 79.51806 118.98159 0.95565504
--
car 218.50853 249.0098 1.0445983 32.19744 0.62433106
car 272.75232 301.30234 -2.167799 14.541809 0.9362563
car -1.0515056 22.927612 79.55867 118.85132 0.9544318
--
truck 216.49117 248.02156 1.6940993 33.601753 0.5815376
car -0.0132751465 25.639019 81.03339 116.65838 0.8338562
car 274.88638 298.92526 -0.7836476 15.888805 0.8640985
--
truck 215.13379 248.05746 1.941399 34.463276 0.58406806
car 0.6122786 30.689178 67.49183 117.626305 0.8423651
car 273.4865 296.6892 -0.585891 16.956564 0.84967226
--
car 212.40268 244.63889 2.7003045 35.863796 0.65998405
car 272.86462 296.7703 -0.6188909 19.04624 0.8654892
car 0.41568518 33.351425 69.54613 115.873825 0.89739203
--
car 209.70496 243.92807 3.044318 37.139423 0.6246801
car 272.19266 295.85275 0.030921847 18.963282 0.92338777
car 0.2959031 39.374737 69.88767 117.13454 0.9465025
--
car 208.74466 242.89107 2.8578494 39.84336 0.7348684
car 271.5232 295.44077 0.042039603 19.294142 0.9454429
car -1.1343867 44.3534 72.362526 116.35425 0.9624808
--
car 208.79472 242.79001 2.9469028 39.780388 0.7202496
car 271.49524 295.44995 0.027340427 19.283592 0.946641
car -1.249069 44.294933 72.31108 116.39153 0.96087265
--
car 207.01077 239.77057 4.2428765 39.503452 0.88689023
car 269.71677 293.95685 0.71192133 19.596521 0.9239442
car 1.971395 48.995052 70.138824 115.65825 0.9915867
--
car 204.0133 237.11171 5.4682274 43.040306 0.8620451
car 269.14368 293.14908 1.6650443 20.286013 0.9603393
car 1.896202 51.204792 68.87323 116.14568 0.990638
--
car 201.2397 237.7152 6.013051 43.19188 0.56579757
car 268.02063 291.90576 1.9499633 21.526978 0.9562912
car 1.5198433 56.83265 69.184814 115.69728 0.99406767
--
car 199.38712 235.37015 9.678014 43.959602 0.7519608
car 266.133 290.98996 2.4864736 22.53659 0.9570482
car 0.76755524 61.33328 70.56791 114.64712 0.9936121
--
truck 198.70927 234.60524 9.534607 46.704426 0.48157147
car 265.04028 290.69342 2.2306893 23.145798 0.8697123
car 0.59919834 64.76544 71.028175 113.633354 0.9940844
--
truck 198.66357 234.69366 9.449058 46.745872 0.48323226
car 265.05365 290.67267 2.1986082 23.138699 0.86914235
car 0.8136642 64.76326 70.83991 113.70932 0.9940747
--
truck 198.04161 232.91823 10.449431 46.468975 0.46206415
car 263.00116 289.09872 4.5408607 25.819487 0.85995567
car 0.2288425 67.68049 71.40136 114.25969 0.9946308
--
car 193.3886 227.15504 13.124911 48.16933 0.61414033
car 262.61603 289.07596 0.3575559 25.122944 0.9601662
car 2.4124467 74.09058 69.47162 115.43588 0.98079824
--
car 192.0704 226.48012 12.914679 49.466824 0.8947137
car 261.89713 288.36572 -0.525544 26.094807 0.95229524
car 0.7541442 77.23062 69.71713 114.75919 0.99577504
--
car 189.81955 226.21387 12.884382 49.79833 0.9443835
car 261.7784 287.83655 0.9914558 29.240417 0.9616901
car -0.25211692 80.42443 69.57272 116.21962 0.99670327
--
car 189.66606 226.24438 12.817856 49.798504 0.93901354
car 261.94604 287.92294 1.0065794 29.2193 0.9593608
car 0.15271068 80.30896 69.491455 116.019455 0.99688643
--
car 189.02753 223.12592 15.804826 53.5652 0.7705911
car 259.9533 285.37933 2.42927 29.566038 0.95268804
car -1.0770464 85.56407 69.526695 115.97076 0.99763036
--
car 184.299 217.86621 18.019659 56.361774 0.7166785
car 258.6294 285.0862 2.2263422 30.569077 0.9483418
car 0.7719147 95.12682 68.90754 115.71221 0.9979011
--
car 183.35437 215.83398 18.38949 56.857162 0.7401484
car 257.96924 284.1196 3.912144 31.277039 0.94673026
car -0.56966543 99.52386 69.67615 115.49948 0.99849576
--
car 182.3412 216.41562 18.465204 58.90295 0.6280101
car 256.1112 283.01425 3.7738922 32.60881 0.88834375
car 1.7808294 100.56553 67.94656 115.203514 0.99906427
--
car 181.17175 215.9219 18.617981 61.527916 0.8034176
car 255.44289 282.48065 4.5647054 33.4345 0.9411534
car 3.0177104 104.9796 68.05397 114.95368 0.99721044
--
car 179.44342 215.77332 19.489239 60.880817 0.6752683
car 254.83014 282.13004 4.4570484 35.16948 0.8434234
car 6.6360674 111.43338 67.791374 114.44836 0.9979034
--
car 179.39217 215.74606 19.570234 60.79616 0.73825073
car 254.84923 282.11282 4.538131 35.139378 0.8631894
car 6.5519786 111.4425 67.76526 114.47754 0.99795324
--
car 179.10814 214.70944 19.721178 60.930992 0.6502312
car 252.63461 280.83115 5.450808 37.404053 0.9306581
car 10.621899 115.93212 68.08998 113.00392 0.9987929
--
bus 176.479 212.03897 16.81352 67.91954 0.5032869
car 252.27094 280.2843 5.985779 37.46738 0.90627706
car 14.645712 119.36663 67.5308 113.53271 0.9989651
--
car 175.50597 208.30386 25.460913 70.43844 0.5383486
car 251.90071 279.01782 6.244802 38.14719 0.86258703
car 18.947908 124.94939 66.94375 113.254776 0.99831164
--
car 172.78548 212.96027 23.999138 73.81658 0.8540998
car 249.42136 277.50348 10.052873 40.317673 0.9370017
car 25.944427 126.83664 69.835625 111.70587 0.9971045
--
car 248.07253 275.8503 8.57816 40.489902 0.8554312
car 171.43092 209.50264 27.451454 77.02264 0.8858479
car 30.123425 132.49617 69.44972 110.850464 0.9958298
--
car 248.03804 275.85773 8.5470915 40.558395 0.79763633
car 171.6575 209.25926 27.59213 76.859 0.89197516
car 30.262878 132.41278 69.3775 110.916336 0.99621695
--
bus 246.73311 274.3918 9.409243 41.63673 0.36464658
car 169.76396 205.18314 27.620321 78.12617 0.6133285
car 35.432865 135.82834 67.759834 111.6393 0.99708927
--
car 246.4429 274.08783 11.58388 42.157433 0.78072786
car 169.89624 204.6218 27.848343 78.81949 0.9139319
car 36.932343 141.10173 66.72571 112.017586 0.99522835
--
car 242.20966 272.47092 12.232646 45.020847 0.7917855
car 169.05594 204.05049 29.219313 81.73474 0.79374886
car 47.232403 143.13196 67.49296 111.163704 0.9888874
--
car 242.4283 271.44708 12.485042 45.075176 0.8372134
car 167.51695 204.8715 30.431654 85.17755 0.96422124
car 49.97661 147.30023 67.76153 110.86278 0.9908446
--
car 241.58432 272.21307 13.311436 47.344368 0.75295407
car 164.24094 201.19589 35.250675 87.0996 0.8236283
car 51.97223 152.53604 63.35535 107.8139 0.9858851
--
car 241.56326 272.2756 13.29143 47.41446 0.71947426
car 164.36371 201.21182 35.19749 87.00098 0.8083918
car 52.1486 152.51051 63.518013 107.6588 0.9872113
--
car 241.13284 270.69266 13.096521 48.926323 0.7247269
car 163.82158 201.72144 36.216625 90.91234 0.8537668
car 55.216187 156.30731 62.794434 108.271935 0.9914442
--
car 164.33237 201.72047 39.283417 92.07942 0.68819827
car 240.0612 270.23218 13.604048 49.08789 0.7807937
car 57.24989 160.00194 66.63966 110.70099 0.9901606
--
car 240.16005 269.99875 15.080286 47.91814 0.6682722
car 162.94394 202.83029 42.727863 97.88975 0.80157965
car 63.79667 161.39125 68.3905 109.28463 0.99094933
--
car 239.06837 267.72327 17.917421 52.129044 0.65341467
car 162.11024 203.39037 43.380714 99.10037 0.86235535
car 66.1212 162.86739 68.64255 109.1137 0.99524266
--
car 237.2057 266.98822 18.827639 52.850086 0.61791927
car 144.0768 205.08336 46.706787 97.21385 0.7869962
car 70.81352 168.43805 63.1965 106.53924 0.9967155
--
car 237.21432 267.01163 18.793224 52.868275 0.63345796
car 144.06772 204.88191 46.711296 97.511795 0.7953789
car 70.67519 168.40854 63.153492 106.599266 0.99664164
--
car 236.92586 266.57367 19.887655 53.195995 0.64120495
car 166.65294 205.34387 44.375893 104.36637 0.8548299
car 72.45022 171.74043 62.50924 107.595314 0.9954804
--
car 166.51303 205.9159 43.72416 106.01406 0.50420934
car 233.22841 264.05835 19.55917 58.012115 0.842514
car 73.03541 171.32755 60.929348 109.24647 0.9917688
--
car 455.78717 480.3014 123.42443 218.73746 0.5005675
car 142.81346 209.9028 47.75263 108.14995 0.8017624
car 232.93195 264.33603 20.287273 58.924255 0.9347513
car 74.20014 164.76457 59.66701 111.24853 0.990298
--
car 455.32892 480.39792 123.09256 217.5174 0.589444
car 166.19417 212.82669 45.46115 110.781586 0.88686717
car 232.79764 264.10425 19.90096 60.976395 0.96242696
car 74.527916 164.25308 60.500034 110.73989 0.9893612
--
car 454.48 480.43973 123.40012 217.47102 0.52942777
car 168.39313 215.62054 47.31908 112.20298 0.8457577
car 232.35255 264.24457 20.579645 60.21466 0.9480079
car 72.00698 172.67685 63.948364 114.05993 0.980355
--
car 454.7781 480.38315 123.61722 217.47823 0.5456536
car 168.40485 215.71301 47.07766 112.19331 0.86452603
car 232.45546 264.2239 20.595327 60.17349 0.9379711
car 71.507675 172.61253 64.05051 114.16393 0.9790576
--
car 454.1266 480.2158 123.71867 218.07678 0.3705708
car 135.38582 221.2219 50.52299 115.29309 0.8630601
car 231.90442 263.93213 19.850092 61.316933 0.95815
car 72.51619 171.14455 63.788498 114.68655 0.9888943
--
car 453.1112 480.48398 125.68555 217.42911 0.58473694
car 161.20116 223.10944 51.140068 119.87907 0.73435956
car 230.95891 262.83905 20.966898 60.318146 0.86715055
car 71.69969 170.92343 63.638733 114.964005 0.9674079
--
car 452.69986 480.59537 126.73462 215.66136 0.53808385
car 161.25044 225.21596 55.26432 123.391975 0.74872524
car 229.74301 262.06488 25.600475 62.921566 0.884466
car 70.829025 168.79683 60.519638 110.303085 0.95741504
--
car 315.86304 356.91858 57.908596 74.37066 0.30534813
car 452.2103 480.55872 125.71047 216.56906 0.5135402
car 227.7663 262.58438 21.00081 65.78502 0.81827927
car 148.3777 228.4979 54.522152 125.58908 0.9837717
car 70.58999 163.01778 64.28571 113.96002 0.9844657
--
car 451.89258 480.3097 125.62222 215.49777 0.34020966
car 315.087 358.09625 58.076267 74.65478 0.3424995
car 227.76251 261.76132 22.53658 66.53346 0.8345357
car 72.51101 161.81412 60.911766 109.61579 0.96814096
car 147.87627 230.75945 56.470177 127.77488 0.97424364
--
car 315.268 357.87518 58.06406 74.60862 0.32209447
car 451.93997 480.27493 125.83326 215.41222 0.3223563
car 227.76698 261.93567 22.536465 66.53579 0.8331627
car 72.49337 161.54614 61.08981 109.60338 0.9557043
car 147.75432 230.73413 56.258156 127.69911 0.96277803
--
car 264.451 319.21365 57.875435 74.033745 0.3045048
car 315.1923 358.72797 58.622066 75.00562 0.37228328
car 225.522 260.7035 24.63521 67.62952 0.9364165
car 150.40182 231.63414 58.5563 132.15794 0.9424055
car 72.416985 166.32397 64.75303 113.34903 0.96446246
--
car 314.99228 359.08566 58.32033 74.61693 0.43494713
car 450.20142 479.91513 126.22158 216.8996 0.5203889
car 159.383 233.12146 59.57122 132.64348 0.824274
car 226.6267 260.47562 33.225163 70.04158 0.83205754
car 71.27855 164.96404 65.42856 112.97694 0.97211343
--
car 316.67825 355.5375 56.840855 73.97447 0.39934486
car 449.16284 479.9296 127.41856 216.25754 0.5926659
car 164.36417 234.97035 61.363247 134.41948 0.9188385
car 226.37155 260.4854 32.308716 70.84233 0.9283867
car 70.17804 167.6904 67.18932 111.622444 0.9918171
--
car 316.1517 356.24658 56.881287 73.59192 0.39107096
car 447.66638 479.0356 149.13762 221.90483 0.5947779
car 225.28426 261.45847 27.98717 70.65551 0.94124824
car 179.59819 236.17432 62.155247 140.66597 0.95010716
car 70.76872 168.6372 66.13754 112.11003 0.99280983
--
car 315.98135 356.0978 56.78182 73.33845 0.40521482
car 447.20605 478.79153 148.89375 221.52316 0.6299135
car 179.7695 239.79301 65.92767 142.74777 0.91157264
car 225.00014 259.1834 30.821913 73.27082 0.9233577
car 69.44316 165.53874 67.01156 110.89795 0.9916449
--
car 316.34296 356.03918 56.731705 73.45388 0.41013712
car 447.33942 478.78217 148.59444 221.84544 0.62112695
car 179.46309 239.9407 65.47057 143.2372 0.8939277
car 224.88841 259.0738 30.880316 73.23518 0.92035747
car 69.074295 165.62524 67.24617 110.68697 0.99076843
--
car 317.7864 356.6292 56.92504 73.947136 0.3479136
car 438.58917 479.63565 147.24147 223.51491 0.69871956
car 180.08514 241.21725 71.650406 144.886 0.8682784
car 224.01476 259.60898 31.433231 73.59545 0.9646701
car 69.92083 167.85567 66.136116 111.685844 0.9910835
--
car 437.73047 480.6522 131.87486 217.93718 0.7191775
car 179.5678 243.86696 73.34425 149.78473 0.9253833
car 222.64761 259.68802 31.039772 74.36529 0.9705368
car 72.23373 167.95905 62.77701 107.563065 0.9913179
--
car 182.26956 247.502 74.34563 153.8645 0.84106386
car 438.5936 480.3559 130.48499 218.2797 0.85350406
car 222.46477 259.0031 32.033005 74.667534 0.9771327
car 72.128784 169.16891 61.62691 108.155914 0.993953
--
car 315.16165 358.6666 56.119617 74.22568 0.3000137
car 438.46848 479.6489 148.01912 223.31155 0.88655794
car 177.60489 248.77756 78.01357 156.91238 0.9541128
car 222.06534 259.1812 31.195995 76.18013 0.9801509
car 71.98039 168.87277 61.845486 108.12738 0.9949468
--
car 437.98874 480.40765 131.70943 217.22733 0.9137844
car 179.54155 250.46045 78.80413 162.18369 0.9305098
car 220.39265 256.7666 35.022312 75.56833 0.96719617
car 72.032646 169.10979 61.62962 108.07256 0.99662936
--
car 438.0276 480.4749 131.25714 217.7507 0.9150279
car 179.90677 250.3739 78.7682 162.36757 0.9151476
car 220.29893 256.74316 35.022564 75.558174 0.96559554
car 71.74995 169.47086 61.682514 107.77356 0.9963498
--
car 147.78517 254.81429 86.60355 171.46478 0.78526586
car 436.8564 480.59894 132.2319 217.15454 0.91337913
car 220.63202 255.49298 36.213745 77.64435 0.9442158
car 71.123856 171.45882 62.5844 106.9339 0.99621564
--
car 178.4712 257.56738 86.18614 170.13477 0.8852669
car 219.69275 256.32956 32.939655 78.17152 0.919211
car 437.22076 480.67737 133.36014 214.26646 0.9563656
car 71.781906 170.74773 62.46398 107.224495 0.99534917
--
car 219.20801 257.86728 34.301144 79.555885 0.91287464
car 436.20126 480.74918 133.82826 212.92624 0.9206093
car 178.36569 258.95703 84.70467 175.59676 0.9312691
car 70.970665 170.62813 61.598415 107.93924 0.994776
--
car 218.13899 256.40503 34.74781 80.47703 0.9333213
car 436.95227 480.94907 134.06245 212.22112 0.93932784
car 188.4059 260.1289 89.580956 175.83377 0.9416193
car 71.6619 171.26318 61.217537 108.59911 0.99437445
--
car 314.52533 358.96967 57.102127 74.39384 0.32300422
car 437.0644 480.1478 134.66573 212.20514 0.9063712
car 217.37163 256.92618 34.14309 80.926544 0.9216067
car 189.58792 260.17627 89.91483 182.74612 0.93159646
car 72.24435 170.98833 60.618984 109.60565 0.99473757
--
car 314.94708 358.58667 57.13205 74.134865 0.3106248
car 437.06885 480.34207 134.55035 212.2746 0.915388
car 217.42474 256.90005 34.1269 80.93307 0.9234065
car 189.67575 260.1015 89.96242 182.74966 0.93363994
car 72.381035 170.88914 60.586956 109.53809 0.99491465
--
car 217.31563 256.22882 40.78206 82.05962 0.82894737
car 436.43414 480.18152 132.82164 212.46054 0.89861923
car 190.41905 263.86093 91.08426 188.311 0.93072784
car 72.39196 170.3895 60.38095 109.87215 0.995119
--
car 435.66656 480.0805 132.24846 213.67003 0.8922969
car 192.54419 266.88077 96.91523 192.50787 0.90400314
car 217.23807 255.23418 41.4241 83.19737 0.9270681
car 72.66195 171.23811 60.58371 110.12335 0.9955397
--
car 217.26344 255.19533 41.49999 83.80561 0.9156805
car 434.49646 480.5291 135.2794 211.96118 0.92451316
car 195.08226 270.5441 99.10981 193.03485 0.95717007
car 72.27933 171.9059 61.090935 108.80849 0.9943358
--
car 216.84305 255.5898 41.764343 83.54154 0.80618554
car 435.04367 480.1499 135.02219 212.66261 0.8985912
car 194.97609 273.16803 99.40889 200.57835 0.9353112
car 73.10619 171.87862 61.427765 108.6617 0.99403864
--
car 217.37077 255.31795 42.03828 83.864075 0.85274845
car 195.70738 273.82062 101.31414 203.56844 0.8547167
car 434.13943 480.37463 133.3477 213.81432 0.92970043
car 73.31268 171.5328 61.571587 108.57294 0.9923242
--
car 194.2235 274.129 101.05111 203.48947 0.77825296
car 217.20398 255.35045 41.989513 83.79346 0.83550084
car 433.8356 480.288 133.13226 214.38985 0.92017734
car 73.273605 171.78255 61.454865 108.72317 0.99348724
--
car 180.2349 273.61554 109.69853 207.54376 0.8613184
car 433.91806 480.30945 131.45863 216.04077 0.9225375
car 216.01169 255.12582 42.43403 83.98165 0.9226498
car 74.054115 172.14 61.167336 108.77157 0.9944914
--
car 135.64485 273.63712 115.18528 212.9492 0.7860605
car 216.08676 254.64183 43.397747 85.79021 0.85872364
car 433.52823 480.45255 130.15752 217.293 0.9325646
car 74.618835 170.90323 60.465763 109.65924 0.99345595
--
car 314.41104 358.6278 56.123817 75.040474 0.30271494
car 215.87247 254.16524 43.46646 85.115036 0.89384884
car 179.28546 275.178 116.07626 216.00926 0.91350365
car 433.1385 480.06226 131.96942 215.80193 0.92182785
car 74.96585 171.92078 61.21894 108.940346 0.9922124
--
car 215.71408 254.39363 44.206867 86.10947 0.90908027
car 433.48367 479.9943 133.07712 213.26692 0.93749297
car 184.66241 278.36725 120.7568 217.80902 0.98247397
car 74.64416 172.6665 61.41558 108.0602 0.9886347
--
car 314.2215 358.47626 55.285564 75.197685 0.31401426
car 187.11897 281.7156 124.66401 225.54198 0.8662106
car 216.03165 254.30208 44.16928 87.13262 0.8713899
car 433.52945 480.09854 133.91447 213.43895 0.9396975
car 74.63347 173.03607 61.296898 107.17625 0.9869309
--
car 313.69724 359.17914 55.20198 75.302185 0.30771405
car 185.90663 281.08798 124.24019 225.65887 0.8623163
car 215.32562 253.27351 40.755543 88.99203 0.86239684
car 433.68777 480.1668 133.87103 213.34317 0.93610567
car 74.82382 173.13374 61.426422 107.07149 0.98755836
--
car 314.27536 358.69754 55.370422 75.45 0.4042654
car 184.9304 281.36078 128.84789 232.29327 0.8754637
car 214.61366 254.1792 41.996067 88.85196 0.90330565
car 433.34402 479.73093 133.93558 213.73198 0.937505
car 75.097534 174.66359 61.483204 107.352776 0.9855494
--
car 314.61887 357.73288 55.033466 74.778755 0.4019485
car 182.03177 282.3988 128.07713 239.11308 0.6891787
car 216.48744 254.3625 44.52056 88.104935 0.8381663
car 433.61203 479.5902 132.77644 213.93678 0.9478089
car 75.41259 175.22154 61.43162 107.08904 0.9903246
--
car 314.9156 357.42377 55.08895 74.8933 0.42505544
car 203.06216 294.2908 126.317154 241.25233 0.88199484
car 214.9724 254.25685 43.432938 89.9354 0.92403716
car 433.4876 479.71094 132.84381 213.05263 0.9343672
car 75.65949 174.92964 60.61767 107.45533 0.9862362
--
car 315.514 357.1606 55.690243 75.48683 0.36786148
car 215.45728 252.82825 46.71886 93.16522 0.8797354
car 433.63095 480.0349 131.54065 214.13298 0.9479375
car 206.11699 296.95755 129.57887 245.27681 0.9661175
car 76.746254 174.67712 61.271847 106.65469 0.9804463
--
car 215.3904 252.80817 46.73931 93.198784 0.9243331
car 434.0256 479.9207 132.77661 213.48058 0.9266415
car 78.02359 174.24336 60.882626 106.90255 0.9708912
car 207.05502 299.94482 131.20515 250.71317 0.98417634
--
car 215.43561 252.83167 46.697083 93.2411 0.9207602
car 434.08154 479.76254 131.63704 214.05478 0.9228886
car 78.013466 174.12698 60.89475 106.86111 0.97138584
car 207.19182 299.98297 130.96478 250.18605 0.9804221
--
car 209.03561 299.42133 134.11398 254.49666 0.9053461
car 435.43008 479.40167 132.46857 213.04782 0.9230386
car 215.31696 253.42264 46.767204 93.18303 0.93727356
car 77.56893 175.12747 60.669083 107.03364 0.9724275
--
car 434.64816 479.56598 134.47173 209.94795 0.8924296
car 201.03299 302.89014 133.65411 258.55164 0.9184772
car 215.26898 253.96213 46.716892 93.39765 0.9354628
car 78.12979 175.5427 60.628815 107.277794 0.9657939
--
car 188.72798 305.7579 145.59311 260.81967 0.8963999
car 435.49826 479.4454 133.13715 212.4193 0.92832685
car 214.84102 254.09692 46.913525 93.455605 0.94210476
car 82.459404 180.47198 59.22323 107.15187 0.9466725
--
car 435.65457 479.29938 132.3811 213.82733 0.9460816
car 189.4638 305.6036 149.24066 266.93875 0.9630976
car 214.4062 253.68817 46.729015 94.0845 0.9653018
car 82.623985 181.00801 59.581207 107.31728 0.9673201
--
car 212.87871 312.37073 145.76286 274.4635 0.88670236
car 435.90564 479.14697 132.48123 213.60052 0.94444454
car 83.89097 179.91162 59.47892 107.968346 0.9487841
car 214.28557 253.90578 46.880493 94.405495 0.9637033
--
car 212.82312 312.37756 145.4855 274.74377 0.9070773
car 435.88397 479.15546 132.53595 213.46283 0.94262445
car 83.738594 179.8625 59.828278 107.91965 0.960759
car 214.29515 253.75139 46.886463 94.46298 0.96802104
--
car 272.81345 325.5398 54.23021 72.93786 0.33626536
car 214.00432 312.93637 149.91634 275.32956 0.8545304
car 435.83105 479.144 131.3305 214.41273 0.94608885
car 83.10265 180.7079 59.937077 107.55922 0.9740532
car 214.22255 253.61787 47.123146 94.7912 0.9797225
--
car 272.97122 325.519 54.283154 72.818855 0.30418444
car 66.642334 329.7032 155.18436 293.12006 0.43973756
car 215.48444 313.68436 156.3255 285.82382 0.7493581
car 435.85553 479.569 131.25816 214.24121 0.94550574
car 82.735794 181.10669 59.718643 107.720955 0.9750542
car 213.96263 253.65309 46.972298 95.44407 0.98525363
--
car 272.99527 325.45206 54.272537 72.900024 0.311201
car 435.89694 479.63046 130.57149 214.39261 0.9487869
car 215.73286 316.9763 158.5014 285.96042 0.9593125
car 214.65207 254.07289 47.240696 95.51617 0.97062457
car 82.52632 181.20624 59.939575 107.0084 0.99206203
--
car 273.02255 325.3407 54.29519 72.88759 0.3021678
car 436.1034 479.4337 130.93124 214.16057 0.9404635
car 214.37749 254.47354 47.009327 96.40534 0.97111094
car 213.42487 323.3202 164.41357 285.37527 0.9903876
car 82.79463 181.31529 60.517147 106.8468 0.9921398
--
car 273.05246 325.3162 54.315945 72.90525 0.3003841
car 436.2225 479.4189 130.58969 214.34251 0.93595254
car 214.56258 254.64406 47.074623 96.22713 0.96434206
car 212.52574 323.30414 164.20078 285.32156 0.9885012
car 83.09265 180.84415 60.661922 106.78477 0.9924143
--
car 261.81204 321.9904 53.173206 73.18594 0.34716883
car 436.10474 479.59006 130.28616 214.74452 0.9401478
car 214.23239 325.6826 164.53752 290.53262 0.9675668
car 214.13486 254.27026 47.428005 96.42121 0.97380066
car 83.37248 181.26239 60.343235 107.30885 0.99251723
--
car 261.65457 322.0141 53.315834 73.05618 0.36345732
car 66.475235 333.67645 169.73781 311.6324 0.5046089
car 213.53549 327.49963 163.9478 296.32025 0.93751824
car 435.94308 479.6261 130.59479 214.43047 0.9425299
car 213.78488 254.27539 47.360313 98.15403 0.98079616
car 84.20033 181.44075 60.41964 107.388824 0.9935166
--
car 261.5873 322.16946 53.330597 73.23122 0.32188997
car 216.93083 327.76447 164.70311 298.6602 0.52693444
car 76.08018 328.8961 166.4369 318.05157 0.7251953
car 435.87515 479.62076 130.13179 214.80217 0.94247776
car 212.98383 254.36325 48.639244 99.31347 0.9800872
car 83.78883 182.57875 60.418137 107.55201 0.992465
--
car 271.03867 327.71143 54.515663 73.77622 0.3172232
car 215.64812 331.70917 176.0552 303.69113 0.7333852
car 436.04526 479.23337 135.3207 208.26434 0.92850393
car 212.37363 255.46426 49.404224 100.18121 0.97586215
car 83.37869 182.11017 60.513603 107.02437 0.9941286
--
car 271.14212 327.74088 54.58335 73.69671 0.33232218
car 77.665344 334.9336 171.24135 322.25867 0.61177504
car 218.18753 333.35092 175.7157 308.1812 0.8141286
car 436.04742 479.18054 135.05334 208.64749 0.9318664
car 212.14473 255.48663 50.144455 101.17405 0.9770288
car 83.75559 183.35138 60.56265 106.97105 0.9954003
--
car 269.97308 328.75565 54.492435 73.674416 0.36000198
car 76.9975 335.453 170.93703 322.26663 0.5669121
car 219.08298 333.85284 175.43713 307.8645 0.8393331
car 436.1416 478.99332 135.28564 208.4484 0.9205621
car 212.11224 255.29239 50.167953 100.930916 0.97709435
car 83.67831 183.6476 60.313793 107.01597 0.9953795
--
car 269.45023 329.33783 54.44309 73.95308 0.37260813
car 75.265686 338.85995 170.19194 328.6057 0.551185
car 219.33351 337.21298 177.7055 311.42535 0.8454132
car 435.92148 478.9809 135.1681 208.55537 0.91610354
car 212.10976 255.17676 50.053463 102.60924 0.98505074
car 84.96208 184.15692 59.7998 107.52047 0.99495786
--
car 70.90622 339.41577 174.30447 330.18735 0.35910907
car 269.96954 328.8262 54.371162 74.0769 0.385931
car 435.91147 479.0226 135.58087 208.21367 0.9177786
car 219.48886 339.159 177.96698 317.63605 0.92234236
car 212.2686 254.8504 51.018353 103.11801 0.99048984
car 85.90837 186.2243 60.945087 107.31128 0.993963
--
car 269.38538 329.31772 54.319748 74.06305 0.3820078
car 218.90204 341.6995 182.65996 321.023 0.8726364
car 435.84015 478.8313 135.43997 208.21236 0.9123361
car 211.68958 255.32626 50.9506 104.49751 0.99008584
car 87.20561 186.84045 60.2488 107.57466 0.9916431
--
car 269.4061 329.21277 54.267796 74.169914 0.40747616
car 62.74701 345.30426 174.20209 339.33917 0.45097718
car 217.77777 343.6828 186.00711 322.53406 0.7087037
car 435.6958 479.0884 135.38246 208.32846 0.9170373
car 211.63153 255.2576 50.74704 105.11066 0.9914759
car 86.76445 187.69324 59.784203 107.75427 0.99550134
--
car 269.68857 328.88687 54.249897 73.99011 0.400739
car 222.68518 348.62952 188.10391 327.98434 0.8384955
car 435.80563 478.9517 134.78102 208.68745 0.9146236
car 211.61285 255.5397 50.744026 105.894264 0.9890354
car 88.012505 186.86136 59.592323 107.94068 0.99333876
--
car 59.264374 351.4909 174.16553 342.45712 0.30044
car 269.98584 328.5671 54.23946 73.97008 0.3934606
car 222.83553 348.62646 188.25812 327.1085 0.80475616
car 435.9367 478.92758 134.67061 208.87878 0.91117185
car 211.64783 255.47914 50.710464 105.69157 0.9886551
car 87.89645 186.19731 59.30516 108.095406 0.9924358
--
car 269.70062 328.78156 54.13266 74.17433 0.41718462
car 220.79042 348.62836 190.67464 329.78336 0.6729642
car 436.0264 479.01413 135.72185 207.79872 0.9096798
car 211.22647 255.87164 51.168053 106.43767 0.99134266
car 88.38125 187.14093 59.47766 107.8872 0.99573976
--
car 269.09348 329.28827 54.14189 74.227325 0.44086814
car 224.95831 351.8929 190.93457 332.33917 0.91069615
car 435.80075 479.20874 136.58154 207.42361 0.9190962
car 210.83492 254.97083 52.06481 106.76986 0.9927281
car 86.872475 188.60341 59.72126 108.31449 0.9964777
--
car 269.9674 328.55316 54.133324 74.01098 0.42200136
car 226.12614 353.84525 193.0972 336.29922 0.9124749
car 435.94418 479.20624 136.74725 207.4966 0.91486835
car 210.52531 254.854 52.124043 106.64565 0.9916734
car 86.86409 189.29881 59.67383 108.52091 0.99656653
--
car 269.82294 329.11935 54.005043 73.75917 0.3820338
car 228.54309 354.94217 192.71478 338.21643 0.88652545
car 435.3978 479.4944 134.58565 210.89957 0.9076195
car 207.32947 257.3089 53.5834 105.90464 0.9909875
car 87.06901 186.8819 59.816757 107.659 0.99587893
--
car 316.42206 357.82904 54.431934 73.68845 0.30071223
car 270.0059 328.97015 53.96729 73.85623 0.38878998
car 225.71326 358.32648 195.208 337.93167 0.89402455
car 435.43237 479.4177 134.81303 210.95361 0.8989898
car 207.11305 257.2526 54.183605 106.52924 0.9947549
car 86.64263 187.97272 59.36184 108.34704 0.9971059
--
car 270.65405 294.0795 -0.8492373 11.373696 0.32061574
car 270.00586 328.93332 53.952644 73.8374 0.3887762
car 225.38057 358.62003 195.45476 337.9125 0.87030745
car 435.3888 479.4642 134.66487 211.2726 0.9016964
car 207.12411 257.4016 54.255787 106.507645 0.9950499
car 86.483215 188.00107 59.309227 108.25537 0.99695164
--
car 316.5113 357.55365 54.414146 73.65709 0.31946644
car 272.15796 326.74237 53.84821 73.66109 0.40658745
car 435.38538 479.38058 134.66533 211.27956 0.89581996
car 230.2945 366.71344 189.52351 346.60742 0.92114305
car 86.714554 188.71504 59.14961 109.098885 0.9967154
car 207.95085 257.18646 55.21841 107.94682 0.9973362
--
car 316.52408 357.44424 54.414597 73.612465 0.32537493
car 272.9167 325.9533 53.87734 73.56115 0.39642966
car 435.2576 479.36148 134.10976 211.98099 0.8895556
car 232.76904 365.5945 200.53137 351.8917 0.937967
car 208.2026 258.28696 56.10637 109.07795 0.99432296
car 87.1478 188.07756 59.13331 109.88623 0.99547094
--
car 316.89676 357.24823 54.379448 73.501526 0.30079147
car 272.93677 325.96524 53.84151 73.58728 0.37248898
car 435.18887 479.2694 133.92506 212.34602 0.8772295
car 237.65991 362.68277 198.78383 354.26294 0.9753208
car 208.32733 258.67087 55.836285 110.65108 0.98987556
car 86.77208 188.82706 59.09324 109.824135 0.99434614
--
car 272.82288 326.08224 53.770626 73.755646 0.3911963
car 435.08206 479.38266 133.80989 212.35098 0.8914895
car 236.62381 365.12747 198.14503 354.33383 0.9887387
car 207.66585 258.6126 55.914204 112.28901 0.9942375
car 86.99789 188.82292 58.843258 109.8566 0.9957873
--
car 272.29208 326.62616 53.80663 73.52189 0.38140094
car 435.38776 479.29547 134.23586 211.3461 0.88854575
car 236.17865 366.749 198.02264 354.46777 0.9870712
car 205.93758 256.40872 56.551228 112.08799 0.9952195
car 86.51331 189.45885 58.875042 110.06215 0.99645996
--
car 316.90555 357.19946 54.423866 73.761894 0.3028599
car 272.93036 325.73273 53.700912 73.62348 0.36594126
car 435.36716 479.33948 134.18977 211.44832 0.8938618
car 236.16138 366.7048 198.17989 354.3277 0.98497546
car 205.97443 256.53598 56.638115 112.08986 0.9946467
car 86.596886 189.12518 58.87777 109.97574 0.9956597
--
car 268.31284 294.58902 -1.0502384 12.5429535 0.33088642
car 272.95325 325.81958 53.741432 73.52428 0.38528702
car 435.64374 479.24515 134.50215 211.29707 0.8934261
car 235.50473 368.12836 198.786 353.76587 0.9790182
car 205.41168 256.56696 57.135452 112.60922 0.994702
car 86.280975 189.18307 58.918503 109.95683 0.9959356
--
car 271.29514 327.7054 53.77238 73.610405 0.3784936
car 267.8438 294.23434 -1.1789724 13.347391 0.6573418
car 435.62704 479.388 134.70187 211.08157 0.9085727
car 236.66219 368.4837 199.34926 354.33362 0.975736
car 205.54135 256.21674 57.57029 113.440125 0.99130857
car 86.09538 187.666 58.906975 110.23518 0.99339294
--
car 272.10773 326.89264 53.861237 73.53274 0.35887355
car 266.5089 293.6329 -0.99696636 14.703127 0.614906
car 435.2954 479.6505 134.85106 210.83096 0.9117192
car 238.68132 369.9923 197.72217 356.28275 0.97552985
car 203.9642 255.40341 56.815773 114.654175 0.99190587
car 86.839386 188.8343 58.89453 109.749245 0.9944085
--
car 274.0582 325.22617 53.836365 73.86097 0.34717712
car 266.6586 292.87106 -1.1521308 15.441224 0.7637228
car 434.8852 479.33282 134.35358 211.14746 0.9030996
car 203.85622 255.53967 57.014225 115.029816 0.98454607
car 237.00798 371.6773 200.75308 354.3228 0.9857526
car 86.67781 187.97464 58.971523 108.94749 0.99381244
--
car 273.97003 325.35968 54.02706 73.78608 0.3274797
car 265.69183 292.51056 -0.78686154 14.788051 0.7397867
car 434.85883 479.31375 133.88145 211.24133 0.89769363
car 238.02135 374.29794 200.80176 354.7838 0.9818305
car 204.45685 254.77315 62.018482 117.92877 0.9827844
car 86.309555 187.89723 58.99278 108.79272 0.994237
--
car 274.46893 324.82544 53.940796 73.68624 0.33167663
car 265.6165 292.67615 -0.7461369 14.681178 0.77805245
car 435.0557 479.29312 133.999 211.31203 0.89309156
car 204.34187 254.73976 62.035095 117.80692 0.9825961
car 238.14465 374.13623 201.32257 354.1939 0.9852638
car 86.83885 187.51085 59.271454 108.61469 0.99396247
--
car 266.16644 292.17242 -0.92792094 16.446768 0.6015022
car 435.1772 479.21085 132.91457 212.29826 0.8830196
car 237.58163 374.30255 202.32253 354.015 0.982876
car 204.24619 254.27385 62.863956 117.22682 0.9886386
car 86.23735 187.70488 59.76533 108.292366 0.9926197
--
car 274.79596 324.35416 53.99257 73.7213 0.32071158
car 265.75626 291.8917 -0.63976854 16.611544 0.5216736
car 434.54233 479.6788 132.37508 212.99231 0.9231574
car 238.68251 374.30447 202.7465 353.15158 0.98378026
car 203.0534 254.61646 64.528404 117.46386 0.99259496
car 85.8918 187.98843 60.165592 107.936104 0.99306536
--
car 274.43124 324.67368 53.99131 73.60142 0.31263044
car 265.4511 291.49884 -0.56162506 16.634466 0.6010501
car 434.54803 479.4464 133.12224 212.87569 0.88358516
car 202.42235 254.0391 64.379166 118.2273 0.9906848
car 239.06744 373.535 202.98451 353.968 0.99082935
car 85.77007 187.97997 59.412773 108.32377 0.9942713
--
car 274.49405 324.47623 53.80101 73.50748 0.31752333
car 264.9582 291.57056 -0.5905849 17.73236 0.64849055
car 434.54315 479.33142 133.61046 212.54015 0.8511652
car 201.91376 254.67596 64.61194 119.817505 0.98797673
car 239.3894 374.1379 202.4643 353.36847 0.98868567
car 85.68758 187.9779 59.958363 108.2449 0.99191046
--
car 264.9987 291.12463 -0.3773781 18.039074 0.5974606
car 434.36087 479.19385 134.11589 212.50885 0.85490304
car 201.23363 253.14409 63.217697 121.22085 0.9856411
car 239.35344 373.14374 201.8412 353.62115 0.98961896
car 85.72136 187.61667 59.898804 107.86414 0.99264526
--
car 265.0693 291.03384 -0.282332 18.224752 0.5591429
car 434.41162 479.11014 134.10204 212.563 0.8443524
car 201.14441 252.9024 63.116966 121.54046 0.98445326
car 238.93954 372.99567 201.46786 353.81293 0.99158406
car 85.765526 187.739 59.92853 107.83053 0.9933494
--
car 264.77713 290.9065 -0.24439149 18.724182 0.54236895
car 434.50925 479.0679 134.26456 212.99619 0.8636177
car 199.984 252.14413 62.934982 121.85089 0.98184764
car 238.66624 373.16327 201.15965 353.77502 0.9915369
car 85.962395 186.23828 59.923637 107.39176 0.994288
--
car 264.12903 291.08795 -0.22284865 19.042171 0.44374254
car 434.40002 478.95044 134.35577 213.37764 0.8507938
car 198.68127 252.26617 63.149555 121.94928 0.98409104
car 238.40332 374.0714 201.7618 353.60483 0.98745745
car 85.68009 185.5321 60.318172 107.38289 0.9924015
--
car 263.9863 291.09073 -0.511345 19.096323 0.47158432
car 434.379 479.21695 134.72223 213.54399 0.8824803
car 237.32741 375.04688 202.86668 354.29422 0.9779359
car 197.69214 251.97029 63.247154 122.4299 0.98194814
car 85.11148 185.36142 60.14045 107.282814 0.99395233
--
car 274.39645 324.8781 53.257412 73.08416 0.30211064
car 263.9538 291.08127 -0.58532304 19.129416 0.42439225
car 434.30612 478.33115 132.47235 213.7941 0.69656986
car 196.80504 251.31055 64.03142 122.453064 0.9882272
car 238.52629 373.681 202.24725 354.5311 0.9896188
car 84.458 185.54349 59.294918 107.776665 0.99534816
--
car 262.60953 289.50964 -0.38993552 19.568718 0.34483048
car 434.3268 478.58203 132.62238 213.87898 0.73579526
car 237.5489 373.6133 202.26834 354.39362 0.98292446
car 195.52388 251.29729 65.325516 122.5762 0.99332714
car 84.686966 185.27269 59.427452 107.22084 0.99555576
--
car 262.5971 289.4414 -0.34172618 19.508965 0.33159262
car 434.32227 478.47806 132.90984 213.71172 0.71181995
car 237.61122 373.18594 201.54219 354.37476 0.9827547
car 195.39928 251.32007 65.30195 122.66464 0.99302953
car 84.70489 185.38348 59.33851 107.25585 0.9954638
--
car 262.00452 289.52792 -0.28204566 20.020674 0.47967014
car 434.0788 478.7978 131.38689 215.16814 0.75584304
car 193.9819 251.88704 65.602646 123.28366 0.9891534
car 236.85071 374.19238 201.29117 354.7323 0.98950076
car 84.26632 185.15808 59.34962 107.02385 0.99485254
--
car 261.2966 289.28152 -0.027920455 20.145517 0.44214758
car 434.0687 478.79056 131.25409 214.73405 0.79546374
car 192.23857 253.2976 66.09333 124.48204 0.9887228
car 238.74814 373.34998 201.73334 353.7235 0.98917806
car 84.313385 184.86908 59.250404 107.01895 0.99392384
--
car 261.32297 288.66235 -0.048948303 20.723389 0.5257272
car 434.70758 478.55606 130.29272 214.83484 0.6899529
car 238.73964 373.3328 202.62794 354.1045 0.98950577
car 191.03793 249.15874 66.93033 124.457146 0.9926167
car 84.37219 184.64195 58.94593 107.25041 0.9928242
--
car 260.77722 288.7518 -0.13898335 20.906149 0.7410412
car 428.27948 479.9019 111.01064 223.95139 0.81063473
car 238.6045 371.97177 201.67221 354.56674 0.99120855
car 84.57456 184.34572 58.780632 107.46446 0.9947422
car 190.11902 248.21591 68.32466 124.70143 0.9955815
--
car 274.08054 325.01315 53.159386 73.423004 0.30627134
car 428.02313 480.05225 109.93893 224.73964 0.75116587
car 260.47186 288.72083 -0.36777645 21.133812 0.85671186
car 238.28319 372.39465 201.85367 354.27194 0.9912908
car 84.27924 184.39923 58.73088 107.39536 0.9953107
car 188.98567 248.60059 68.598946 124.91042 0.99559057
--
car 274.02618 325.12262 53.237473 73.425964 0.30137998
car 428.07645 480.09396 110.28773 224.46957 0.7602541
car 260.5264 288.6256 -0.385357 21.163795 0.848084
car 238.6182 372.2308 202.10883 354.3129 0.9922631
car 84.45653 184.25513 58.750496 107.38405 0.99488574
car 189.04112 248.71016 68.54204 124.937904 0.9953107
--
car 274.33588 324.88147 53.17919 73.44088 0.308187
car 428.51965 479.5678 110.37708 225.0402 0.7396979
car 260.3861 288.29984 -0.2654428 21.22703 0.8113523
car 237.8873 372.3825 202.35875 354.23468 0.9924267
car 84.22723 184.51976 58.729473 107.3684 0.99520886
car 188.95091 247.0588 67.84075 125.81318 0.9968246
--
car 260.07983 287.5805 -0.17214887 21.611382 0.67028886
car 428.65515 479.81165 110.377365 225.17699 0.7486241
car 238.1919 373.7938 202.6939 354.12625 0.98779833
car 83.96246 184.98936 58.532757 107.32422 0.9954972
car 186.57434 246.32867 67.414116 126.47625 0.9955639
--
car 259.13962 287.86612 -0.17442271 21.971298 0.7945446
car 434.46234 478.62448 130.2499 214.88994 0.8431685
car 237.7017 374.1705 202.74908 353.30957 0.9860434
car 83.95007 185.08356 58.28498 107.5668 0.9957147
car 184.80695 245.24817 68.52198 126.54085 0.99737024
--
car 433.98007 478.7235 131.18492 214.22722 0.8141895
car 258.82596 288.00336 0.1499214 22.270401 0.8507766
car 237.6793 374.49045 203.12755 354.63382 0.98472154
car 84.09171 184.57298 58.5947 107.640495 0.9935644
car 183.67706 244.16754 69.73946 127.43539 0.99838096
--
car 433.6756 478.7192 131.33395 213.64963 0.7685753
car 258.1298 287.69427 0.24471603 22.478516 0.92841995
car 237.17459 374.68372 202.7042 354.74307 0.9839555
car 84.52346 184.47061 58.597256 107.32431 0.99329567
car 180.3864 243.80196 70.92777 127.57987 0.9986053
--
car 432.93646 478.77344 150.4788 220.02946 0.76628685
car 257.66357 287.03812 0.30035645 22.883186 0.91865355
car 237.34023 374.76007 202.39606 355.1606 0.98452115
car 83.52702 184.29279 58.432873 107.54903 0.9931252
car 178.73009 243.91437 71.64306 128.2973 0.99891245
--
car 433.00748 478.71964 150.56476 219.95654 0.7638134
car 257.61432 287.0809 0.21690756 22.868715 0.91388136
car 237.07889 374.94907 201.96622 355.3233 0.98607016
car 83.61547 184.10721 58.386185 107.56302 0.993493
car 178.68762 243.69566 71.5801 128.41089 0.99886376
--
car 433.32816 478.8755 132.3383 213.48521 0.7415732
car 257.54175 286.72748 0.42507917 23.255823 0.93532276
car 236.71826 374.69864 202.26648 354.99765 0.9835589
car 83.55839 184.63174 58.650887 107.26745 0.9933931
car 176.67845 242.5094 72.61141 130.29921 0.99854404
--
car 432.95355 479.29266 132.67908 212.85922 0.8265383
car 257.30566 286.99524 0.4907517 23.18281 0.92370266
car 236.76253 374.54156 202.51675 354.93375 0.98231936
car 83.527054 184.78085 58.58254 107.36323 0.99321365
car 174.96033 241.95065 73.371826 131.63528 0.99864095
--
car 432.70728 479.40817 132.92606 213.97765 0.8218
car 257.35056 286.5021 -0.12575269 23.78524 0.9379264
car 236.69783 374.90338 202.1514 354.30484 0.983317
car 83.581085 185.11531 58.836334 107.15693 0.99406976
car 172.65489 241.21886 72.95564 133.0997 0.99882436
--
car 431.62094 479.2882 132.17336 215.40282 0.8249794
car 257.28455 285.40457 -0.36985785 24.520153 0.91867864
car 237.241 375.1156 202.68408 354.235 0.98219633
car 83.430695 184.91861 58.630913 107.47519 0.99410963
car 171.32666 240.36664 73.40151 134.21718 0.9986601
--
car 431.96924 479.40344 132.6707 214.78203 0.81625795
car 257.15417 285.3831 -0.5538386 24.826757 0.90059215
car 236.82175 375.40027 203.22325 353.83026 0.9775965
car 83.96201 184.74858 58.597404 107.24053 0.9930495
car 170.0626 240.4798 72.92036 134.58907 0.9984238
--
car 431.94434 479.54895 132.6594 215.07123 0.82306707
car 257.1335 285.23398 -0.50887406 24.76377 0.9001998
car 236.90564 375.48523 203.08994 353.73236 0.9776296
car 84.088936 184.77415 58.709892 107.19345 0.9934035
car 170.19353 240.44821 72.99036 134.37425 0.99848616
--
car 256.53604 285.55054 -0.41579604 25.196617 0.75767183
car 431.35757 478.9286 132.99245 213.81355 0.82210904
car 236.22789 375.29587 201.4872 354.66678 0.98698664
car 84.17113 184.78569 58.747093 107.23476 0.9915684
car 168.82274 240.82973 72.502785 135.28505 0.99736476
--
car 256.4938 284.6005 -0.09286076 25.158571 0.81984663
car 431.4463 479.16525 131.9094 214.23476 0.83719206
car 236.26118 375.50882 201.63487 354.46173 0.98643523
car 83.957016 184.73114 58.9499 107.2334 0.99379456
car 162.59094 240.25998 73.605484 135.25755 0.99764985
--
car 432.53308 478.2148 152.64577 219.6937 0.71693903
car 256.5845 284.66962 0.004404187 25.130442 0.90049267
car 236.96695 375.0493 201.43729 354.96646 0.97342855
car 84.00112 183.7758 59.223232 106.706665 0.9944776
car 159.96126 238.82721 77.844666 137.172 0.9965639
--
car 425.21143 480.189 156.05156 216.97574 0.5711052
car 255.58499 284.43857 0.13043582 25.107794 0.876833
car 237.01247 375.0523 201.40036 355.24646 0.9750532
car 83.782005 183.4914 58.897636 107.20841 0.9946575
car 159.43288 236.86 75.466255 139.72205 0.99566334
--
car 425.60455 480.40707 114.35611 223.022 0.62947285
car 255.26132 284.45422 0.2543874 25.452576 0.7675539
car 237.17677 374.9585 201.49144 355.05273 0.9766042
car 83.39282 182.87402 58.885414 107.32763 0.99511534
car 157.48914 233.7835 75.72935 140.2336 0.9964338
--
car 425.71335 480.63824 114.13971 223.30672 0.63439476
car 255.3238 284.33344 0.29866934 25.455103 0.76607877
car 237.17044 374.67746 201.38727 355.19672 0.97694874
car 83.30481 182.96373 58.895195 107.3543 0.9949795
car 156.7638 233.83058 75.89696 140.03784 0.99674976
--
car 425.13898 480.62296 116.42123 220.8742 0.7920177
car 254.77713 283.90234 0.079500675 25.957598 0.8087102
car 237.32681 374.53714 201.0355 355.05478 0.976202
car 83.40842 182.66106 58.537846 107.61018 0.99397457
car 154.7479 231.33391 75.89638 140.20073 0.9956179
--
car 425.27487 480.33313 116.340744 222.23393 0.78860873
car 254.51494 283.50925 -0.21827012 26.318026 0.8615451
car 237.44188 374.60675 201.18335 355.059 0.97573334
car 83.312614 182.05556 58.523163 107.70487 0.99407756
car 152.34915 231.67445 76.60791 139.80077 0.9960005
--
car 456.8241 481.5282 92.831665 134.95535 0.38640842
car 254.57147 283.78412 -0.11179313 26.145214 0.75313336
car 424.69064 480.59842 118.1967 222.01828 0.7604663
car 237.30501 374.57642 200.89754 354.87555 0.97666717
car 83.537544 181.41873 58.11284 107.95579 0.9931341
car 151.12032 230.7034 76.710556 140.344 0.9974058
--
car 456.24695 481.58243 92.768555 134.866 0.6050403
car 423.99237 480.05283 119.17585 221.17592 0.73618275
car 253.2922 283.98135 1.2970144 27.627499 0.83549094
car 237.20169 374.75262 201.00313 354.8197 0.97813135
car 83.62146 180.70444 58.180054 107.98625 0.9924775
car 150.06772 230.01729 76.50961 141.99716 0.998265
--
car 456.16904 481.37677 92.51231 135.0741 0.58082294
car 424.17453 480.3586 117.76625 222.07144 0.69500345
car 254.11661 283.4022 0.16960949 25.731705 0.84961396
car 237.61436 374.7895 201.10617 355.0482 0.9779825
car 83.774414 180.64116 57.746952 108.216705 0.9915236
car 147.28186 229.07936 76.637024 142.00984 0.99780786
--
car 456.1851 481.41382 92.517845 135.10403 0.5720855
car 423.95175 480.58987 118.13266 221.9832 0.70171374
car 254.16321 283.3627 0.22124872 25.703222 0.8537161
car 237.60544 374.86066 200.9826 354.9635 0.9780008
car 83.808044 180.64835 57.707382 108.23633 0.9917953
car 147.34831 229.06345 76.62738 141.78946 0.9976946
--
car 429.95743 476.80283 134.2941 213.13292 0.7001517
car 254.11377 283.2847 0.30764803 25.759104 0.76707536
car 455.65637 481.6127 92.75355 134.2221 0.8544542
car 237.71501 375.1158 201.17123 354.85782 0.97841656
car 84.33467 180.558 57.45722 108.210236 0.9909597
car 146.0509 228.02284 77.19108 143.53177 0.9972377
--
car 429.08682 476.94977 135.73747 212.91849 0.68566716
car 251.69226 281.98242 0.13677657 29.742546 0.72437674
car 455.2387 481.56436 92.23643 134.43024 0.88103855
car 237.43869 375.096 201.26482 354.93463 0.9782114
car 84.20743 180.91847 57.24079 108.35998 0.98856586
car 144.67947 227.7542 77.98248 143.97585 0.9958696
--
car 0.22134438 12.016617 67.09301 101.90607 0.5295897
car 421.0173 480.97205 122.29098 220.80142 0.77177095
car 455.0982 481.43307 91.98639 133.67322 0.8524524
car 251.08249 281.94073 0.26696563 29.753578 0.86056775
car 237.49947 374.973 201.37294 355.00272 0.9628342
car 84.147766 181.97513 57.578842 107.92099 0.9870415
car 143.61246 221.55942 80.427124 145.11058 0.9925857
--
car 0.3953567 12.507641 66.95051 101.65572 0.6316957
car 250.79807 282.03394 -0.34517884 30.760973 0.84880996
car 420.31293 480.53845 123.05368 221.11507 0.8533764
car 454.8855 481.46603 91.84963 133.62904 0.9407517
car 237.70016 374.98355 201.90404 354.6267 0.9540035
car 84.53945 181.80482 57.436382 108.11085 0.9873182
car 143.2107 220.30006 81.044205 146.22614 0.9937641
--
car 285.93536 312.30127 -2.0747848 5.1712704 0.44834968
car 0.34196377 13.155368 66.9057 101.62584 0.62812555
car 250.40903 281.70312 0.060498565 30.97578 0.8211813
car 418.6648 480.20084 123.46375 220.99492 0.85641253
car 454.45508 481.63095 91.44132 133.36136 0.9152869
car 237.5327 374.59448 202.42673 354.16873 0.9573859
car 84.711 181.30354 57.619553 107.794014 0.9864008
car 142.38036 218.12413 80.96663 146.48337 0.9922108
--
car 285.88812 312.278 -2.0469306 5.210707 0.4469514
car 0.35513163 13.249132 66.85571 101.69222 0.6089783
car 250.34523 281.72208 -0.32615393 31.119862 0.82743764
car 418.7082 480.22626 123.32336 220.65718 0.8448523
car 454.4644 481.6552 91.40559 133.35396 0.9081135
car 237.42563 374.62054 202.51865 354.06894 0.9574486
car 84.69733 181.3278 57.580666 107.8214 0.98639584
car 142.49861 218.06908 80.83519 146.66873 0.9918351
--
car 284.71426 312.52237 -1.9133621 5.3898344 0.5713404
car 0.49904376 13.891276 66.89754 101.718216 0.62477285
car 250.15935 281.75095 -0.24370953 30.96224 0.89958924
car 454.24396 481.44653 90.50703 132.49123 0.89969057
car 417.8402 479.38196 124.81594 220.55856 0.9019193
car 237.08643 374.47485 202.87122 353.9175 0.95960087
car 84.58423 181.65347 57.571995 108.200455 0.9860622
car 139.44978 216.15613 82.312775 147.14888 0.9951074
--
car 284.9821 312.27585 -1.7573265 5.575519 0.54090494
car 0.40129915 14.342204 68.13365 100.9736 0.64307535
car 250.25502 281.38467 0.29164866 31.050184 0.9073279
car 454.08505 481.1579 89.40816 132.13588 0.9298356
car 418.05258 479.48563 125.1005 221.44176 0.93382883
car 236.73651 374.4356 202.73828 353.9133 0.9669813
car 84.592094 182.10735 57.57467 107.90127 0.9903647
car 137.55428 215.38864 82.41382 148.05836 0.99509317
--
car 284.41528 311.9135 -1.5588433 5.992842 0.537479
car 0.5630073 14.973311 67.345085 101.355286 0.599552
car 249.60791 281.50266 -0.07741392 31.050104 0.88511974
car 416.17776 478.86478 124.731346 220.28482 0.931476
car 453.71997 481.1896 88.72903 132.00371 0.932609
car 236.80185 374.5436 203.079 354.02463 0.9661938
car 84.33184 182.19872 57.745068 107.60853 0.99148
car 135.405 214.83018 83.498055 149.17975 0.9958578
--
car 0.5226785 15.60999 67.464096 101.91401 0.50729793
car 283.74634 311.77765 -1.2549556 6.3114414 0.6048919
car 453.43015 481.11172 88.27521 132.01901 0.8980754
car 249.33589 281.6237 -0.037793666 31.074871 0.9216448
car 415.93207 478.71075 125.63875 220.40248 0.93458563
car 236.61238 374.6189 202.96333 354.269 0.96451217
car 133.03838 213.6054 83.53801 152.7621 0.99010295
car 84.44132 182.37245 57.76094 107.86577 0.99137294
--
car 0.5300957 15.661767 67.34665 101.96463 0.49022058
car 283.7929 311.76123 -1.2537646 6.311867 0.58883137
car 453.52228 481.12668 88.08239 132.02264 0.88802814
car 249.31935 281.55832 0.04373744 31.003096 0.92135245
car 415.8878 478.83887 125.79934 220.2531 0.94015604
car 236.51613 374.44376 202.9158 354.23264 0.9661196
car 133.01917 213.63387 83.47252 152.81165 0.9905072
car 84.49348 182.34982 57.73615 107.79632 0.9913575
--
car 283.01352 312.14798 -1.3615189 6.6627226 0.46963093
car 0.7202853 15.432796 67.33764 101.80415 0.4732589
car 450.64545 479.26562 83.837204 135.2324 0.8299182
car 248.87247 281.86075 0.6303862 30.885029 0.93383664
car 415.05466 478.53973 126.303375 219.8436 0.9431863
car 236.84003 374.3406 202.93402 354.03586 0.97205544
car 84.495804 182.63673 58.181126 107.58787 0.9923143
car 131.11098 212.03522 84.196785 153.77264 0.9930914
--
car 282.25482 311.8989 -1.2315139 7.0100513 0.4093988
car -1.0144284 21.018469 67.95573 102.640915 0.40943462
car 449.99036 478.95837 83.36538 135.18488 0.8502669
car 248.5299 282.0836 0.4129851 30.735159 0.8879773
car 414.18457 478.82825 124.83976 220.12387 0.95115715
car 237.08968 374.50793 202.66278 354.48285 0.96585697
car 130.25958 210.12404 84.24437 155.32751 0.9919448
car 84.7007 181.47733 58.68358 107.88615 0.992665
--
car 281.50372 311.56494 -1.3168385 7.3691897 0.41129124
car -1.0565543 21.090578 68.20845 102.527695 0.46723947
car 248.30331 281.30002 1.0521448 31.033426 0.8779956
car 449.75906 478.8717 83.3331 135.22606 0.883466
car 413.45312 479.2887 126.02591 219.26721 0.966584
car 237.13152 374.69608 202.92444 354.6132 0.9681009
car 128.75793 208.66313 84.436424 156.54437 0.99292666
car 84.57607 181.58492 58.717953 107.97743 0.99412185
--
car 282.6961 310.80353 -1.3583363 7.7093782 0.40654558
car -0.595251 20.659807 68.16275 102.43092 0.4252493
car 248.64601 281.29657 0.36533967 31.27237 0.89901024
car 450.20755 479.09076 82.21049 136.62091 0.91728735
car 412.25555 479.63904 126.60145 219.11359 0.9603562
car 237.31992 375.32935 202.54596 355.5277 0.9626741
car 85.33053 181.06647 58.796043 107.65896 0.9929659
car 128.01685 207.74634 84.256004 156.7732 0.9943187
--
car 280.97076 307.85312 -1.09549 7.5531054 0.3854519
car -0.39541662 20.401503 67.54293 102.98444 0.61117196
car 247.84207 280.54733 0.15349746 31.436161 0.8787517
car 449.6438 478.82138 82.62188 135.54109 0.9189441
car 410.1582 480.00333 127.64288 218.66025 0.9534784
car 237.90227 375.2584 201.62263 355.0733 0.9779228
car 85.73195 180.93985 58.866043 108.242355 0.99140745
car 127.102844 207.5317 84.33983 157.5895 0.991526
--
car 280.96683 307.81927 -0.98603266 8.052487 0.45013785
car -0.43367922 20.4191 67.20784 103.21494 0.67692757
car 247.20265 280.29312 0.7859261 31.460306 0.8596974
car 449.41293 478.58206 81.38606 137.06668 0.92204916
car 409.9475 480.2889 127.12968 220.30154 0.93845737
car 237.9849 374.59564 201.353 355.3135 0.9802894
car 85.905426 180.98877 58.92509 108.418175 0.99133164
car 121.87242 206.03616 85.18043 157.971 0.99146825
--
car 280.87027 307.93234 -0.96884674 8.05344 0.43906808
car -0.4615876 20.44737 67.31732 103.19584 0.6625604
car 247.21606 280.29944 0.7364528 31.304775 0.86283755
car 449.40802 478.61707 81.3717 137.10567 0.9207976
car 410.12445 480.1958 126.874794 220.54388 0.93975514
car 238.1528 374.80048 201.02821 355.29175 0.98170865
car 121.76272 206.13113 85.02509 158.17572 0.9902915
car 85.760895 181.03865 58.948257 108.42388 0.99128914
--
car 280.39233 307.76236 -0.7096424 7.9957094 0.47979444
car -0.5474746 20.55621 67.33685 103.10828 0.6241968
car 247.45216 279.32242 1.43766 31.437239 0.8499254
car 448.89542 478.43347 82.21167 136.1685 0.89471775
car 409.27762 480.49673 126.40339 220.7336 0.91671824
car 237.84067 374.87347 201.40369 355.12558 0.981252
car 119.67293 204.64359 90.496346 160.32654 0.98991084
car 86.04158 182.0519 58.7588 108.701195 0.9924696
--
car 280.60345 307.633 -0.6398812 8.0894985 0.5074274
car -0.34222394 20.354626 66.78908 103.35309 0.6791995
car 247.25673 278.6517 1.9351655 31.41651 0.883287
car 448.34082 479.22507 77.613716 130.25215 0.91318274
car 408.98584 480.60864 126.84064 220.1894 0.94258714
car 237.9642 374.9084 201.64886 355.3004 0.9799203
car 85.603035 183.48947 58.83037 108.705414 0.9945574
car 118.64801 201.8597 90.37892 160.64525 0.99575436
--
car -0.41326314 20.325157 67.04796 102.95643 0.6341837
car 279.45734 307.1217 -0.86440253 8.182427 0.6733159
car 246.62283 278.28543 0.3330271 31.581928 0.7327715
car 447.47235 479.52603 77.63883 129.94421 0.9239876
car 408.72946 480.78656 125.9531 220.8928 0.94138545
car 237.30685 374.72253 201.6775 355.11914 0.9822038
car 85.77392 184.34225 58.69907 108.964516 0.99434644
car 114.84992 199.10016 89.71558 161.70746 0.9953619
--
car 246.92717 278.21594 -0.4037395 31.853235 0.5887977
car -0.47475815 20.519213 66.69397 102.89475 0.65140885
car 278.76758 305.95758 -0.85688263 8.376481 0.68074894
car 447.17297 479.53204 77.72653 129.98897 0.91901237
car 408.5519 481.06522 125.32796 221.39795 0.94315225
car 237.0662 374.97574 201.82417 355.08508 0.9790661
car 85.76988 185.1333 58.856674 108.639915 0.9953043
car 112.5719 197.74492 90.45921 161.73364 0.9977524
--
car 246.85135 278.2761 -0.52472323 31.597235 0.5890841
car -0.44115007 20.474918 66.90657 102.828255 0.62464356
car 278.82544 306.05908 -0.9790428 8.62826 0.7208553
car 404.90503 478.4028 123.73341 220.90315 0.936562
car 447.07892 479.36172 77.965355 129.68051 0.9383806
car 237.38768 374.99448 201.64322 355.24252 0.9804153
car 86.17426 186.05226 59.064556 108.36592 0.9951273
car 110.391136 196.86888 90.80795 161.96347 0.9980884
--
car 247.07036 278.05347 -0.5114168 31.721516 0.50651133
car -0.45613378 20.486805 67.02037 102.855804 0.6155737
car 278.77048 305.85898 -0.9073323 8.599708 0.69447535
car 446.96432 479.39728 78.155365 129.56825 0.9318837
car 404.93433 478.27338 123.74271 220.40031 0.9386251
car 237.26955 375.26974 201.53644 354.98212 0.97989935
car 86.05517 186.06503 59.086174 108.40392 0.99526966
car 110.418365 196.7931 90.73325 162.08795 0.9981352
--
car -0.44645458 20.449059 67.18578 102.78001 0.5908475
car 246.49472 277.73355 -0.4778275 31.628702 0.6214454
car 277.78464 305.1676 -0.8285146 8.852039 0.6550217
car 446.0873 479.59546 78.417946 129.26947 0.942252
car 404.47275 478.3934 123.29773 220.31514 0.9502998
car 237.66779 375.09323 201.67555 354.7378 0.9810882
car 86.23123 184.2532 59.17063 108.68642 0.99345845
car 109.45398 195.26453 90.63785 163.04134 0.997859
--
car -0.45150518 20.402086 67.54955 102.71966 0.6010067
car 277.5268 304.3997 -0.8194376 8.949564 0.68433625
car 246.04771 277.88535 -0.41591272 32.980663 0.806174
car 446.05524 479.48215 78.313484 129.67133 0.9449822
car 404.715 477.85052 123.08372 220.36595 0.94854265
car 237.88396 374.9428 202.04477 354.73383 0.9851977
car 86.0845 184.57991 59.075867 108.28314 0.9952835
car 108.06308 194.6257 90.18177 164.13266 0.99839514
--
car -0.6420404 20.798605 67.65094 102.32378 0.63962626
car 276.9229 303.84393 -0.7579832 8.942269 0.666285
car 246.48184 278.9412 0.47045946 33.44236 0.8869237
car 445.65527 479.74225 78.05437 129.48592 0.8907231
car 404.02814 478.3339 121.92249 222.04784 0.93431216
car 238.33708 376.13992 201.50282 354.68274 0.9869465
car 86.40097 184.68286 58.881172 108.988525 0.9958124
car 106.795105 194.55847 91.25946 164.41548 0.997686
--
car -0.6242797 20.78732 67.558136 102.37287 0.63328475
car 276.5083 303.8632 -1.1484871 9.254924 0.6937872
car 440.71982 480.00955 85.039276 131.17621 0.8950924
car 246.32277 278.91556 0.40482044 33.30212 0.9260337
car 403.23438 477.88785 120.624794 222.69456 0.9543705
car 238.40833 375.56924 201.9627 354.38766 0.9830139
car 86.54176 186.4514 58.59274 109.25149 0.9953638
car 105.727295 193.57538 91.35557 165.58914 0.9959546
--
car -0.6360179 20.78044 67.69298 102.28105 0.6277402
car 275.7858 303.53055 -1.4469593 9.56268 0.72307795
car 440.50864 480.00156 84.87345 131.32278 0.8848367
car 402.153 477.73645 120.15823 223.11438 0.9444464
car 245.41698 277.36368 0.79035985 33.835514 0.94995356
car 238.56084 375.82718 202.00676 354.31866 0.9814133
car 86.58979 187.21165 58.537178 109.120995 0.9960815
car 103.33166 187.52466 94.45747 165.06549 0.99623495
--
car -0.63490033 20.781134 67.74055 102.25148 0.625748
car 275.82553 303.48114 -1.4369944 9.554689 0.72496665
car 440.4092 480.0867 84.90168 131.39368 0.88749564
car 402.19315 477.8524 120.50669 222.9927 0.940216
car 245.48878 277.43707 0.731712 33.85112 0.94807553
car 238.58539 375.76035 202.13126 354.51663 0.98205465
car 86.693016 187.3008 58.523903 109.240074 0.9957873
car 102.97302 187.61908 94.46355 165.13922 0.9960105
--
car -0.6266409 20.763597 67.7828 102.22903 0.626226
car 275.48773 302.56268 -0.76408154 10.997332 0.8413903
car 440.4895 480.1264 85.59878 130.5057 0.8853635
car 245.00871 277.12637 2.0968933 33.6903 0.95367575
car 401.7182 477.82074 120.572464 222.13557 0.9554366
car 238.54771 375.03168 202.00774 354.74573 0.98280287
car 86.81093 188.47949 58.62243 108.93558 0.9948286
car 101.74132 185.72774 95.62185 165.51515 0.9973063
--
car -0.4910177 20.709219 67.36864 102.50209 0.6740138
car 274.71637 302.1589 -0.95229214 11.236926 0.89384013
car 439.46762 481.53888 80.504585 128.76244 0.89910275
car 244.65964 277.04434 2.75785 33.872326 0.94126207
car 401.1979 477.83813 118.917946 222.4271 0.97359306
car 238.89078 375.2801 202.1254 354.3444 0.98412174
car 86.01454 189.21776 58.447212 108.72076 0.9953049
car 100.19391 183.1671 96.80284 167.19287 0.99691176
--
car -0.47115326 20.620813 67.010895 102.701675 0.6996691
car 274.48215 302.35632 -1.0125707 11.4977045 0.8522225
car 244.5825 276.3786 2.865102 34.314236 0.8994394
car 439.4989 481.31628 80.625854 128.73166 0.9341842
car 400.59186 477.2907 118.91876 222.50395 0.9719069
car 238.8584 374.88275 202.356 354.41837 0.9822637
car 85.539894 190.41109 58.59822 108.90524 0.99456924
car 96.95511 181.02618 98.84416 168.72913 0.9967528
--
car -0.50884545 20.639954 66.62038 102.7088 0.6782378
car 273.70276 302.42538 -1.1224327 11.888535 0.8375537
car 244.1264 276.62625 2.463959 34.63052 0.861651
car 439.659 481.12674 80.36594 128.90337 0.9273849
car 400.20792 476.7144 119.39646 221.4813 0.9644485
car 239.13092 374.82632 202.44682 354.22543 0.98284936
car 85.169106 190.39964 58.435326 109.29675 0.99491584
car 94.42823 179.97675 100.17371 170.23766 0.99766517
--
car -0.58632016 20.717999 66.437805 102.82157 0.64681
car 273.25677 302.5121 -1.2501079 12.065204 0.81448174
car 243.87343 276.0655 2.5198643 34.952774 0.87739015
car 439.37296 481.3329 80.25579 129.02292 0.9389106
car 399.3758 476.14813 120.195946 221.66655 0.9562611
car 238.97102 374.4393 202.68466 354.13898 0.9854062
car 85.17785 190.94337 58.32857 109.61838 0.99559516
car 93.42203 178.75732 101.01169 172.64432 0.9964538
--
car -0.5587837 20.69183 66.28132 102.77149 0.65094495
car 273.04434 302.08463 -1.0755525 12.312935 0.7917781
car 243.90738 275.72867 3.8293161 34.95657 0.8996658
car 438.7532 481.7727 80.81513 128.32928 0.9623089
car 398.21002 476.35635 119.75756 221.78352 0.97297424
car 238.89545 374.3449 202.69067 354.24866 0.98484856
car 85.7168 190.57446 57.984573 110.46182 0.99400043
car 91.26473 177.91856 101.17291 176.33597 0.99671733
--
car -0.5619362 20.671213 66.330376 102.81339 0.64377075
car 272.46143 302.14133 -0.974696 12.557633 0.8657567
car 438.2022 481.84937 80.77426 128.42462 0.9152143
car 243.59642 275.96277 4.364708 35.081917 0.92444414
car 396.5106 476.05746 119.784645 222.73796 0.9767872
car 238.21223 374.77554 202.8803 354.28928 0.9858581
car 85.72071 188.96722 57.859413 110.819695 0.9945345
car 89.56325 177.22054 101.14114 177.5837 0.9964297
--
car -0.5523151 20.653189 66.25927 102.84811 0.65262455
car 272.4091 302.1966 -1.0018748 12.5533695 0.8664478
car 438.14145 481.87082 80.8506 128.32549 0.9182161
car 243.56592 275.8448 4.2168565 35.040855 0.9254153
car 396.50424 476.25293 119.86365 222.83047 0.97610146
car 238.28938 374.8373 202.98088 354.3298 0.9857373
car 85.54658 188.74673 57.90828 110.67186 0.9946074
car 89.418915 177.20589 101.08756 177.7522 0.99598116
--
car -0.5385688 20.804962 65.73139 102.92642 0.6673632
car 273.06528 301.85306 -1.3263779 12.657402 0.8725363
car 437.6708 481.80743 80.80556 128.05103 0.9261468
car 243.40085 276.01874 4.162323 34.769962 0.9560765
car 390.33258 482.44806 122.54948 216.43118 0.98042643
car 238.17293 375.55365 202.87575 354.62814 0.98846924
car 86.245926 187.35605 57.85226 109.68254 0.9939715
car 87.024536 176.14406 101.6331 178.59868 0.9959449
--
car -0.54418623 20.810293 65.77398 102.91969 0.6823979
car 273.1798 301.3769 -1.5659232 12.963767 0.7578188
car 436.89874 481.7484 80.76936 127.50619 0.927589
car 243.22723 275.78156 4.138266 35.77143 0.9647219
car 390.0366 482.22433 124.004974 216.92642 0.9859109
car 238.6199 375.31454 202.62343 354.67996 0.98852444
car 87.50045 175.11371 102.0022 179.47182 0.99325866
car 85.48282 185.90472 58.244995 109.5195 0.9952271
--
car 273.50183 301.0686 -1.5273116 13.299649 0.66778696
car -0.5432689 20.80372 65.76311 102.88607 0.682144
car 436.26227 481.89743 80.339935 128.06589 0.927203
car 243.10487 275.8649 4.349261 36.16044 0.96745276
car 389.12018 482.544 121.991714 216.47514 0.9811543
car 238.59128 375.24234 202.38681 354.90512 0.9890947
car 80.8188 172.54065 103.32661 179.04494 0.9936953
car 84.62182 185.35532 58.055935 109.42108 0.99572015
--
car -0.5453834 20.79864 65.76506 102.9373 0.66801816
car 270.61597 298.77994 -0.6039436 14.013186 0.67837864
car 435.59927 482.2621 78.90173 128.30501 0.9243262
car 243.4796 275.29956 4.579378 35.82363 0.9657481
car 387.83823 482.00992 121.47498 216.84758 0.9836023
car 238.80484 375.11456 202.44775 354.93237 0.98893106
car 79.759094 169.48685 103.139656 179.83232 0.98919684
car 83.94941 185.72556 57.898003 109.41382 0.9953111
--
car 270.16138 298.69537 -0.6375644 14.344784 0.64092904
car -0.5562097 20.808786 65.75988 102.89253 0.663846
car 435.50305 482.06018 79.40816 128.1668 0.92069185
car 243.17204 275.57077 4.1812687 35.74811 0.9631735
car 386.11667 482.10257 120.82267 216.04626 0.9816664
car 77.43039 166.25839 103.18595 180.3186 0.98453534
car 238.77205 375.0427 202.58307 354.6768 0.9885367
car 83.76401 186.00275 57.95228 109.65941 0.99471873
--
car 270.12772 298.67444 -0.6010032 14.322642 0.6336533
car -0.55675775 20.81008 65.75501 102.89422 0.66129994
car 435.50732 481.9994 79.42629 128.11082 0.9135381
car 243.12721 275.57086 4.021004 35.86649 0.96194965
car 386.19406 482.21008 121.212204 215.92789 0.983302
car 77.362335 166.33044 103.15749 180.30959 0.98437166
car 239.04001 374.80447 202.61668 354.67883 0.9886087
car 83.780235 186.04602 57.906918 109.70005 0.9946875
--
car -0.5682412 20.82069 65.79639 102.8857 0.6681824
car 269.8867 299.7708 -1.1030202 13.66626 0.6837989
car 431.03778 480.92136 79.332085 128.75339 0.8510346
car 243.12659 275.53247 4.574337 36.20301 0.95552343
car 386.23602 482.5332 121.007904 216.28815 0.9774042
car 73.34498 162.4993 107.65486 182.06909 0.98414886
car 238.3597 374.99426 201.86206 355.1454 0.98912823
car 82.813385 186.90048 57.7339 109.531136 0.9954665
--
car -0.47115326 20.650597 65.80443 102.84893 0.66384244
car 270.16666 298.25018 -1.0206503 14.461907 0.74938196
car 431.15704 481.45923 79.76521 128.33043 0.92290765
car 241.21004 274.06683 3.9267178 37.466076 0.9669683
car 386.46356 482.83206 121.39737 216.28192 0.97659206
car 71.68115 159.42807 108.13213 183.06888 0.9788612
car 237.95547 375.3326 201.51895 355.2371 0.990095
car 82.73833 187.16183 57.87808 109.699165 0.99489766
--
car -0.4763165 20.65076 65.81684 102.76706 0.6479955
car 270.20895 298.22723 -0.8290775 14.332562 0.7726336
car 430.01852 481.60098 80.33678 127.330215 0.94606507
car 241.18063 273.86884 4.144914 37.445522 0.971959
car 69.12585 158.21521 109.11008 183.03 0.9794878
car 385.8237 482.36362 121.46355 215.82101 0.98201674
car 237.69687 375.72903 201.0543 355.36902 0.98973
car 82.73774 187.41788 57.753796 109.76694 0.9944409
--
car -0.49170434 20.669813 65.835396 102.76872 0.64581776
car 269.89526 298.2298 -0.61026156 14.733444 0.8183524
car 428.35193 482.22363 80.08758 126.48604 0.96475637
car 241.0425 274.13428 4.995035 37.616985 0.9653719
car 385.30634 482.92792 123.15642 216.37535 0.9824644
car 66.67809 158.3946 109.97324 183.62967 0.98404783
car 238.08255 375.51996 201.16425 355.29663 0.98781586
car 82.97075 187.28293 57.759262 109.61281 0.9930581
--
car -0.48962831 20.667698 65.84432 102.74298 0.6500556
car 269.4634 297.84836 -0.6331676 15.244498 0.8202191
car 426.6505 482.12173 79.610054 126.49774 0.9451071
car 240.85822 274.0851 3.926101 37.893486 0.9688655
car 61.162907 155.36565 112.88719 185.40103 0.9854883
car 384.573 482.94183 122.46297 216.79749 0.98645157
car 238.21724 375.3634 201.35504 355.15216 0.98865414
car 82.936714 187.2669 57.594547 109.4421 0.9942332
--
car -0.48622906 20.665638 65.84169 102.74592 0.65000343
car 269.39798 297.8865 -0.6295621 15.280947 0.81809247
car 426.89935 482.24826 79.729706 126.3494 0.95262927
car 240.7609 274.0738 3.8334734 37.887306 0.9708024
car 61.1681 155.32498 112.923256 185.30826 0.9861406
car 238.06918 375.458 201.33879 355.1307 0.98793066
car 384.32718 482.85455 122.73857 217.2511 0.9882584
car 83.12333 187.33217 57.4693 109.441154 0.99399334
--
car -0.48086196 20.650034 65.8951 102.75505 0.64396083
car 269.8015 298.63123 -0.7895545 14.489835 0.7631531
car 241.17534 273.58957 2.483157 37.87558 0.9550233
car 427.07712 482.34494 78.59139 125.96148 0.962959
car 382.21722 482.80585 122.23059 216.72223 0.98402023
car 237.37735 375.11655 200.90228 355.6626 0.98922837
car 57.95093 152.3036 114.00959 186.9316 0.9905217
car 83.787094 186.74521 57.86308 108.79935 0.99456924
--
car -0.47880918 20.642889 65.90902 102.76997 0.6405205
car 269.64313 297.89102 -1.083939 16.063026 0.70655906
car 425.76263 482.37094 77.70511 125.769905 0.94414985
car 241.20358 273.40805 1.8038392 38.371334 0.95235723
car 380.17032 483.24063 121.35846 217.2623 0.97652835
car 56.11625 148.81888 115.16304 187.62474 0.9844559
car 237.78685 375.26312 200.7575 355.694 0.9875753
car 84.26831 186.62897 57.814606 108.80765 0.9941161
--
car -0.40510923 20.658432 66.247475 102.647606 0.6167024
car 269.2962 297.37393 -0.9549764 16.589024 0.7145872
car 240.56694 273.0977 1.1628582 38.95745 0.97567266
car 427.3997 482.76758 76.15344 125.36265 0.97870195
car 53.33077 144.7612 116.873116 189.3613 0.9815083
car 377.77985 483.17288 122.304504 216.07767 0.9869531
car 237.45753 373.9272 200.3959 356.34296 0.9907041
car 83.06544 187.25926 57.832268 108.31761 0.9962445
--
car -0.35749197 20.636942 66.33178 102.60562 0.6508624
car 269.01236 297.14758 -0.8701556 16.679567 0.77391464
car 240.20576 273.0389 1.2156656 39.356415 0.9686116
car 426.0799 483.23947 77.63375 125.54172 0.98083675
car 49.55484 143.6067 118.27881 192.57321 0.9833425
car 377.45422 483.27094 123.62215 216.1503 0.9869871
car 237.72273 374.35632 200.1921 355.62323 0.98938686
car 83.65771 187.32095 58.325413 107.95325 0.99638855
--
car -0.37486643 20.643486 66.49026 102.47807 0.6370637
car 269.10495 297.07764 -1.0948381 16.549957 0.7938749
car 240.1599 273.06882 0.85204124 39.496235 0.97012436
car 425.4512 482.89923 77.95538 125.16859 0.97774345
car 46.854546 143.04424 119.21558 194.0416 0.983926
car 375.8538 483.67407 122.9477 216.3583 0.98782164
car 237.74959 374.047 200.21626 355.4749 0.989139
car 83.44535 187.46219 58.611332 107.5346 0.99655145
--
car -0.3652686 20.627687 66.57063 102.48295 0.63675594
car 268.89612 297.02875 -1.1073151 16.658249 0.77548695
car 240.11267 273.13 0.9064083 39.32942 0.96442205
car 425.34097 482.89056 78.1535 125.15005 0.9768582
car 47.056976 142.92993 119.19867 193.89507 0.9853583
car 375.89902 483.74307 123.38934 216.14775 0.98775923
car 237.655 374.2541 200.15262 355.45102 0.98839295
car 83.53612 187.45131 58.72695 107.493004 0.9966453
--
car -0.3720197 20.648117 66.660736 102.430046 0.6421866
car 268.70187 296.95224 -1.1695042 16.873302 0.74266106
car 240.17683 272.97342 0.8016479 39.598988 0.941078
car 423.9215 482.7019 78.31112 124.93018 0.9626675
car 42.269936 145.58731 117.88575 197.50063 0.9763574
car 375.0596 483.41516 124.81269 215.86714 0.986426
car 237.52307 373.97464 199.94989 355.63904 0.9876914
car 84.14898 187.13278 58.77445 107.51328 0.99675053
--
car -0.36768794 20.642693 66.68181 102.39622 0.6427555
car 268.64792 296.8679 -1.3102115 16.9757 0.7792813
car 240.16791 272.6875 0.7617729 40.14828 0.93412656
car 423.89807 482.91418 78.7555 124.73367 0.97593224
car 40.77506 137.88559 120.92702 196.4938 0.9797614
car 237.28212 373.99484 199.73201 355.75424 0.98704517
car 374.03204 483.32977 124.51312 216.17511 0.988804
car 84.45271 187.02238 58.556328 107.78978 0.9968281
--
car -0.37277877 20.65775 66.688126 102.383026 0.6576259
car 268.40466 296.76834 -1.0139475 17.142765 0.75563425
car 239.89746 272.46793 0.6168437 40.525814 0.94244903
car 424.4366 482.72485 78.63508 124.93549 0.9815804
car 40.09377 133.62459 121.00709 197.18246 0.9822534
car 237.65593 373.3787 199.87204 355.81335 0.9863123
car 371.1088 483.09042 124.01979 216.14835 0.9896312
car 84.15377 187.45 58.553955 107.65094 0.99693125
--
car -0.39197892 20.664192 66.7123 102.31737 0.64099216
car 268.43304 296.6335 -1.0249633 16.648409 0.7728135
car 240.23784 272.2799 0.6502238 40.10203 0.9452983
car 422.54907 482.3837 79.169136 124.91762 0.96295995
car 32.387436 132.67448 121.5279 205.65694 0.97341883
car 237.33868 373.61023 199.5309 355.94754 0.985234
car 368.7455 482.0077 123.67671 214.94176 0.9900671
car 84.3264 187.43068 58.843884 107.119835 0.99632746
--
car -0.36011517 20.640354 66.56207 102.36297 0.65519756
car 269.41718 294.66754 0.35299212 15.195123 0.7950134
car 240.23254 272.08765 0.57483226 40.125008 0.9488036
car 422.31393 481.55438 79.53742 125.09588 0.95871234
car 26.814205 130.16751 120.697235 207.8422 0.9742993
car 237.46405 373.7309 199.4812 355.89426 0.9822792
car 368.28552 481.75153 123.814125 215.31259 0.98978907
car 84.08674 187.7153 58.83951 107.173004 0.99675846
--
car -0.3628242 20.645035 66.55238 102.364876 0.65600365
car 269.32123 294.7228 0.36132842 15.185571 0.79844505
car 240.213 272.11203 0.49076512 40.088913 0.95111364
car 422.29825 481.43674 79.363434 125.213715 0.95653456
car 26.782936 130.19254 120.751465 207.80264 0.9739265
car 237.1341 373.65515 199.48001 355.77203 0.9831813
car 367.85822 481.68118 124.02395 215.17737 0.989648
car 84.09883 187.60709 58.837883 107.17 0.9967667
--
car -0.41026086 20.839397 66.53746 102.41587 0.5880276
car 269.1292 294.38632 0.5080868 15.405682 0.8104165
car 422.51373 481.55383 80.57665 125.57706 0.9420984
car 239.87448 271.7855 0.05959332 40.343742 0.95763946
car 19.09544 124.725464 122.78082 207.98848 0.9716284
car 239.31857 372.10852 199.56703 358.456 0.9868786
car 367.8573 480.78906 123.01115 216.1202 0.9870273
car 85.43896 186.48709 58.519096 107.252495 0.99557173
--
car -0.40603638 20.827877 66.55612 102.36794 0.5922242
car 267.70267 295.97534 -0.64657533 17.38193 0.74752
car 239.91922 271.86734 0.028334856 40.539925 0.9458877
car 421.41956 482.09387 80.605995 125.35426 0.9526591
car 17.769545 124.39034 123.12674 210.40587 0.97543013
car 239.50294 372.3825 199.56244 358.5329 0.9831525
car 365.49615 480.04663 123.62691 215.92894 0.98740095
car 85.4996 186.2728 58.454647 107.53962 0.9954793
--
car -0.41722745 20.814196 66.62387 102.31705 0.55676746
car 267.04462 295.49954 -0.7790704 17.496443 0.76653004
car 421.14246 482.41092 80.44218 125.090996 0.93009084
car 239.21385 271.87567 0.21380156 40.58865 0.9542441
car 239.6317 372.46585 199.5261 358.6341 0.97911566
car 363.00314 479.62448 124.50119 215.60086 0.9814017
car 17.178804 123.21782 123.27689 212.18631 0.98465514
car 85.568535 186.29553 58.390182 107.45526 0.99484
--
car -0.41148126 20.808865 66.46174 102.34543 0.5744072
car 267.16867 295.3711 -0.77584505 17.566473 0.779982
car 420.91528 482.31772 79.88444 125.025215 0.91502064
car 239.10814 272.34024 0.25776967 40.767082 0.95189595
car 240.01799 372.46573 200.17079 358.37924 0.9776885
car 16.289953 121.68539 123.243256 213.80077 0.9832137
car 361.72018 479.12863 123.93643 216.07481 0.9844831
car 85.98912 185.95197 58.59278 107.43716 0.9940108
--
car -0.40049672 20.809177 66.43928 102.35346 0.57709765
car 267.0143 295.23917 -1.0478874 18.060389 0.8006688
car 238.93756 272.3004 0.026063025 40.645195 0.9381438
car 421.37543 481.69858 79.84257 124.87204 0.9426983
car 240.04767 372.37152 199.98631 358.4173 0.9795303
car 12.608882 118.519936 123.75914 216.55074 0.98354644
car 360.53714 478.61362 124.684715 216.28508 0.98509115
car 85.8217 185.72537 58.804832 107.32971 0.99411464
--
car -0.39883643 20.805277 66.44106 102.33546 0.57541645
car 267.02988 295.2538 -1.0354849 18.052721 0.7926632
car 238.8732 272.32364 0.24701536 40.636 0.93663263
car 421.33487 481.67645 79.90882 124.89904 0.9407111
car 240.04172 372.51932 199.9358 358.4337 0.9785675
car 12.685175 118.7384 123.96935 216.35582 0.9835189
car 360.18802 478.97952 124.3881 216.49036 0.9848438
car 85.90285 185.68256 58.80871 107.3743 0.99403846
