--
car 276.99338 298.91354 80.43174 88.897964 0.34135467
car 145.97676 164.81313 81.45842 91.39847 0.37876472
car 258.0932 269.27277 77.47064 85.59702 0.42040884
car 262.64255 276.35794 76.950615 86.80667 0.55501074
car 230.66986 241.44473 79.47089 88.84198 0.64703596
car 248.94525 260.2146 76.85473 85.41134 0.7194301
car 403.67044 476.34323 92.17413 146.30597 0.7932291
car 237.00955 248.04105 79.59253 90.704094 0.8880215
car 191.98264 208.36308 82.049774 94.40617 0.9387474
car 258.79886 338.99258 89.680756 131.16916 0.9510933
car 209.53928 223.40216 82.40328 95.428696 0.96796787
--
car 145.27698 164.51538 81.01525 91.60586 0.3032799
car 257.75323 269.56128 77.22719 85.590256 0.42226306
car 262.64688 276.3979 76.39339 86.41796 0.52787066
car 230.5828 240.6173 79.14452 88.47224 0.6562453
car 248.92122 260.18448 76.86472 85.45482 0.6822744
car 403.809 476.00113 92.18161 146.4081 0.8710979
car 237.44682 248.34818 79.25954 90.41898 0.8849516
car 191.94348 207.08987 80.600266 92.88153 0.9204321
car 209.97607 223.69409 82.70414 94.898895 0.9550246
car 259.53305 338.46262 89.06122 130.94649 0.9608821
--
car 32.362892 49.287994 96.6101 110.3994 0.32669508
car 144.62662 164.71263 84.01065 93.64319 0.40389374
car 257.61136 269.57245 77.203285 85.63035 0.41190982
car 262.76483 276.41922 76.4859 86.52475 0.47904786
car 230.7478 240.54579 79.11176 88.24283 0.6332107
car 248.90501 260.305 76.82998 85.52326 0.6663061
car 403.7245 475.83795 92.3577 145.79204 0.8615762
car 237.33324 248.34601 79.30306 90.45591 0.88642895
car 191.63506 206.08391 80.79106 92.66309 0.9212019
car 210.42903 223.8607 83.01996 94.43179 0.9366545
car 260.1031 338.19913 89.234634 131.09058 0.9554381
--
truck 44.41299 230.19955 94.52516 244.88892 0.9574784
car 277.07834 298.62918 80.30144 88.78977 0.30626938
car 31.527908 49.410446 96.38045 110.155785 0.3107905
car 144.82748 164.39816 83.7461 94.99382 0.36466262
car 257.46423 269.75165 77.26917 85.800186 0.37285334
car 262.70956 276.52618 76.36975 86.379906 0.4555484
car 230.79106 240.90454 79.25485 88.22073 0.57925075
car 248.82954 260.47437 76.867836 85.559654 0.62460035
car 403.8947 475.4813 92.54072 144.91095 0.84616643
car 237.16197 248.44574 79.40226 90.62908 0.87655497
car 191.31752 205.6657 81.03037 92.38811 0.88069254
car 211.80116 224.16396 79.99364 92.73622 0.9043203
car 260.02832 338.02795 89.0102 130.9611 0.9609697
--
truck 57.728676 248.73419 91.91808 241.17621 0.8295471
car 143.06258 166.41399 85.07549 95.26143 0.34288377
car 257.4977 269.84598 77.24439 85.69642 0.3948753
car 262.62024 276.52356 76.344765 86.35526 0.447007
car 230.55827 240.40727 79.174515 88.354225 0.56730676
car 249.02441 260.49808 76.860664 85.43821 0.6298609
car 404.25766 475.98767 92.427826 145.67299 0.83204395
car 191.13124 204.7829 80.999435 92.005615 0.83772
car 237.42319 248.49089 79.30899 90.44666 0.87699145
car 211.82642 224.39183 79.69109 92.812744 0.9046028
car 260.1401 337.71744 89.210785 130.69025 0.958412
--
truck 57.78931 248.72972 91.93853 241.23663 0.80994874
car 257.52054 269.80707 77.30167 85.765686 0.38396573
car 262.59216 276.54443 76.39352 86.45874 0.45556706
car 230.53485 240.41614 79.189285 88.33097 0.5623776
car 248.99515 260.5266 76.895905 85.48406 0.6301772
car 191.05847 204.74266 81.043785 92.006935 0.8319485
car 404.2667 475.9554 92.27924 145.67293 0.84187704
car 237.41983 248.50284 79.356804 90.4777 0.8738328
car 211.79694 224.33423 79.69144 92.80674 0.8995223
car 260.29785 337.52496 89.198524 130.69487 0.9599659
--
truck 82.716774 239.671 91.80695 219.82976 0.9648802
car 262.27832 276.65067 76.29324 86.503395 0.39201203
car 230.16908 240.47345 79.25744 88.265724 0.45759958
car 248.68594 260.60876 76.98323 85.60734 0.58552545
car 190.14262 204.92845 83.284004 93.224174 0.80436593
car 403.99054 475.83667 92.33341 145.07118 0.80674446
car 237.46529 248.66121 79.29494 90.42464 0.8385127
car 212.26942 224.64938 79.95736 92.00632 0.845544
car 260.49512 337.33612 89.439384 130.40015 0.96431327
--
truck 83.3618 249.58417 93.14008 217.37395 0.98616016
car 257.19638 270.2787 77.07832 85.77794 0.30851045
car 262.06213 276.61194 76.0462 86.19755 0.3182038
car 230.28279 240.18239 78.877075 88.03031 0.46294826
car 248.89572 260.03592 76.69387 85.12419 0.4964631
car 403.87332 475.40863 92.39298 144.91504 0.79770195
car 237.75543 248.6966 79.144226 90.35342 0.837438
car 189.59416 203.99933 80.76398 92.12178 0.8533551
car 212.3012 224.93822 79.77952 91.85429 0.8896624
car 261.34372 337.14532 89.14777 130.67474 0.95824903
--
truck 94.20256 253.11856 92.442535 214.8742 0.9849915
car 20.734505 48.10238 93.84848 113.529755 0.3381246
car 257.39392 270.05368 77.00536 85.65177 0.3697174
car 262.2797 276.54303 76.18314 86.21639 0.40987024
car 230.775 240.98808 78.91768 88.58366 0.50370175
car 249.00891 260.21582 76.638596 85.234 0.567523
car 403.83456 475.166 92.26009 145.28539 0.8178749
car 237.59009 248.55643 79.04184 90.64609 0.83911014
car 212.28914 225.34512 79.74299 92.28092 0.8529187
car 189.4588 203.55449 80.82181 91.94016 0.8613369
car 260.66736 337.11737 89.55086 130.53824 0.95798385
--
truck 101.956024 257.16824 92.500046 212.82951 0.9848347
car 20.630075 48.038246 94.35267 113.701675 0.37530413
car 257.55472 270.34006 77.08472 85.73439 0.38894233
car 261.97958 276.5514 76.08602 86.15241 0.39165068
car 248.71474 259.77008 76.70401 85.075226 0.5396897
car 229.35298 240.38962 78.465164 88.834015 0.56751573
car 403.74857 474.6013 93.19777 144.17854 0.7288792
car 237.87411 248.83968 78.88676 90.29586 0.80503345
car 189.04317 203.17888 80.73053 91.95047 0.8124169
car 212.36986 225.91434 79.38885 92.387024 0.8510105
car 260.54352 336.8133 88.90848 130.54527 0.96170646
--
truck 116.675446 261.0891 95.04539 206.64146 0.9814026
car 257.7658 269.91846 77.177734 85.65868 0.4236981
car 24.151731 46.20441 94.94601 113.68909 0.44368303
car 262.49387 276.31067 76.54559 86.58059 0.53830135
car 229.66962 240.3063 79.05418 89.57089 0.55170804
car 403.63644 475.2696 92.3126 145.63646 0.6564891
car 248.98882 260.00128 76.924164 85.21081 0.664062
car 188.4954 202.82266 80.77118 92.27373 0.7378508
car 237.77803 248.93166 78.97258 90.51302 0.8067536
car 212.531 226.01718 79.64553 91.9295 0.8946013
car 261.48523 336.38007 89.61938 130.52171 0.9589544
--
truck 121.31105 264.64502 94.13247 203.9394 0.98174465
car 277.4563 298.70575 80.5052 88.751945 0.3140404
car 257.88568 270.22397 77.060684 85.522446 0.37698892
car 262.50574 276.49097 76.54978 86.52602 0.48674637
car 229.93452 240.39482 79.05362 88.94373 0.5125763
car 24.344519 46.6846 95.99041 113.85914 0.5514998
car 248.68398 259.9826 76.75324 85.19723 0.6340098
car 188.14207 202.60182 80.74601 91.864265 0.69916296
car 404.12292 474.65646 92.53303 145.22244 0.76253164
car 237.8461 248.82156 79.01071 89.98485 0.7714294
car 212.4545 226.13422 79.60221 92.29746 0.9111597
car 261.32697 336.8877 90.12798 130.28995 0.96259683
--
truck 121.01772 268.50586 95.463234 200.42357 0.95886225
car 257.0864 270.1103 77.1698 85.862305 0.3548385
car 262.40417 276.68005 76.74526 86.61457 0.3832065
car 230.19525 240.52715 78.85226 88.35311 0.49848115
car 248.32143 260.9276 76.55952 85.433495 0.5631868
car 404.71094 474.75754 91.84124 145.46529 0.6523774
car 188.45334 202.33327 80.83061 91.37694 0.66266584
car 24.191957 46.882988 98.01489 115.90145 0.67255354
car 237.68974 249.06503 79.009445 89.84853 0.69269586
car 212.53195 226.71753 79.67469 91.85682 0.92171466
car 260.90143 337.0841 88.949844 130.32431 0.9627578
--
truck 126.32652 267.69556 95.982285 192.31572 0.9380205
car 277.18784 298.86734 80.06623 88.40717 0.32952407
car 256.9939 270.31787 77.26676 86.04255 0.35254884
car 262.26483 276.78137 76.7911 86.72821 0.40224883
car 230.27286 240.5847 78.95168 88.54731 0.543242
car 188.04604 202.41756 80.50244 90.585526 0.59792686
car 248.37564 261.05255 76.6539 85.51572 0.6043743
car 23.139336 44.34641 98.92933 116.0862 0.6078145
car 404.79327 474.7246 91.88158 145.50722 0.6204577
car 237.72224 249.14246 78.969666 89.840225 0.72333515
car 212.52957 226.27612 79.26503 91.32805 0.87509745
car 260.19287 336.99222 89.34273 129.96188 0.9599648
--
truck 136.38365 269.117 95.526024 185.03761 0.94473815
car 257.00906 270.48825 76.90842 86.10996 0.33208397
car 188.1885 202.83151 80.83179 90.11697 0.34913075
car 262.30634 276.76505 76.54048 86.856544 0.4321816
car 229.62854 241.08705 78.36715 88.00687 0.4760502
car 212.9713 225.88644 79.10271 89.74136 0.51913047
car 22.634832 42.20327 99.33136 115.74524 0.56024754
car 247.77083 261.46918 76.33903 86.38632 0.59350425
car 238.1248 249.53976 77.95269 88.72848 0.63424015
car 404.65784 474.24594 92.69619 145.23041 0.64821494
car 260.32236 336.9656 88.898056 130.32394 0.9717414
--
truck 146.49336 268.26694 95.636955 179.49886 0.95931417
car 228.6474 241.76782 78.46178 88.15905 0.3501282
car 262.43262 277.052 76.504425 86.78875 0.37174296
car 238.10417 250.85645 78.091034 88.220604 0.3809019
car 247.29181 260.88257 76.375854 86.324196 0.38448903
car 21.902283 41.65441 99.270515 115.99102 0.53895897
car 404.38998 474.61276 93.22422 145.27827 0.70905244
car 261.84476 336.4844 88.98822 130.56055 0.9806417
--
truck 152.3705 272.05994 95.757545 174.54535 0.9900477
car 228.80455 241.07205 77.78049 87.460754 0.31794807
car 238.6321 250.63322 78.05364 88.09655 0.36219674
car 262.62122 276.87885 76.30295 86.65394 0.3900195
car 21.456501 40.385033 99.50174 115.64014 0.42428547
car 247.9867 260.6909 76.681305 86.526505 0.42664203
car 129.22084 154.88481 83.07027 94.0458 0.48564866
car 404.5567 474.24088 93.35272 145.83765 0.6793541
car 261.65527 336.946 88.877884 130.89622 0.9671612
--
truck 158.47319 274.01736 94.94857 172.55316 0.98734045
car 256.94214 270.7439 77.05056 86.746925 0.308069
car 130.97842 153.21114 79.97411 92.860115 0.3404042
car 237.74478 250.85773 77.68334 87.848755 0.3524059
car 182.4455 198.35391 80.8197 90.63771 0.39163136
car 248.03496 261.03796 76.85672 86.87908 0.4001033
car 262.78116 276.79736 76.14387 87.041046 0.4034742
car 20.178734 39.13242 100.32733 115.855064 0.43604884
car 404.78674 474.81348 93.24675 145.9793 0.70541626
car 261.14966 337.51733 89.032265 130.71812 0.9468692
--
truck 166.63103 282.07272 95.995316 172.00592 0.9803891
car 20.05065 38.75918 99.945244 115.66664 0.3074375
car 262.65976 276.9648 76.11407 86.95595 0.3262277
car 247.07408 261.23785 76.271454 86.29693 0.32876787
car 182.29727 199.36176 80.582214 91.63896 0.6542101
car 404.986 474.54688 92.918976 146.33365 0.66383857
car 261.88245 337.63443 88.38388 130.68245 0.94218194
--
truck 171.97746 279.09406 97.10198 170.05482 0.9457318
car 229.89516 243.52557 77.67205 87.4912 0.30722216
car 237.109 249.96655 77.12872 86.797226 0.3249647
car 247.3978 260.39297 76.854256 86.16761 0.35382858
car 211.30362 226.21408 79.11456 88.43081 0.37493515
car 262.45477 277.06104 76.10506 86.99474 0.41556177
car 404.31824 474.67508 92.854065 146.69157 0.72394705
car 181.44637 199.56937 80.6941 92.10409 0.8322181
car 262.4612 337.6574 88.50848 130.49222 0.95872706
--
truck 178.71866 276.98624 96.72656 171.52245 0.9273097
car 230.24878 241.8478 77.87643 86.97543 0.31159875
car 237.60977 249.82243 77.40546 86.94349 0.39331672
car 246.98325 261.05353 76.675514 86.56513 0.48822108
car 262.3523 277.1923 76.06335 87.53276 0.5478043
car 404.62415 474.9703 93.000595 146.25009 0.69331616
car 181.06421 198.1539 80.55511 91.66449 0.8775522
car 260.65686 337.8947 88.32978 130.07431 0.9580792
--
truck 184.34294 278.69055 94.96957 172.90343 0.958729
car 246.9298 261.053 76.07467 85.95671 0.3809217
car 17.525414 33.84124 102.67236 115.818726 0.4010821
car 263.34485 276.73422 75.36241 86.38624 0.47878638
car 404.26138 475.16135 92.595924 146.25645 0.7459642
car 180.29646 197.90509 80.473434 92.006966 0.8998643
car 263.11774 336.93295 87.27219 130.65038 0.95436424
--
truck 188.00932 280.44485 99.5813 163.02702 0.9225704
car 263.31824 276.66412 75.13907 85.93649 0.3125541
car 17.537838 33.366917 102.68685 115.7482 0.42052463
car 404.83142 474.3703 93.58748 144.49156 0.7612909
car 180.6571 197.21599 80.670296 91.62588 0.9070837
car 264.8421 337.40027 86.8388 130.22404 0.94131464
--
truck 191.42966 281.7527 98.59796 161.43442 0.8812101
car 229.10236 242.73161 76.46125 85.71729 0.3629363
car 17.494522 33.055904 102.05217 115.01922 0.4744748
car 405.13068 474.04776 93.35139 144.38623 0.74597836
car 180.4265 196.84828 80.15581 91.69223 0.9099145
car 270.35413 337.31244 86.716515 130.58232 0.9765297
--
truck 193.66026 283.18933 96.0731 158.53355 0.9007739
car 228.3806 242.80443 77.324684 86.63448 0.35998783
car 404.2467 473.00836 92.93221 143.85413 0.71247584
car 180.10889 196.23862 80.19341 91.48463 0.85905373
car 272.17316 337.4812 87.743385 130.0621 0.9781875
--
truck 194.90953 282.94193 97.08861 157.19879 0.8420801
car 238.03334 250.34415 77.68213 85.502045 0.38339794
car 229.59473 242.26012 78.24963 86.30645 0.46421865
car 214.49968 225.69223 80.06677 91.087296 0.5712057
car 404.685 472.81305 92.32361 143.59833 0.6293454
car 179.4705 196.23264 80.0331 91.67571 0.8920475
car 272.2778 337.15723 86.97333 130.30034 0.9580913
--
truck 207.57463 283.13693 97.63817 156.7745 0.7375698
car 404.49258 472.81628 92.547264 144.23058 0.6050298
car 237.704 251.36389 77.22878 85.52131 0.6078669
car 215.86104 229.9773 80.19014 91.51361 0.8445796
car 179.03484 195.44302 80.062096 91.81853 0.88519526
car 272.0774 337.09402 86.78828 130.74588 0.96231467
--
truck 209.83281 285.04666 97.29741 156.0527 0.69826645
car 238.20514 251.96768 77.23262 85.14685 0.6647444
car 403.89612 472.64337 92.77767 142.9767 0.7038307
car 179.22311 195.15894 80.33121 91.73224 0.8720234
car 216.11101 230.83362 79.84855 92.29974 0.9565165
car 275.7421 337.03375 86.55866 130.67047 0.9609649
--
truck 212.37616 288.43033 88.482124 151.48558 0.66583806
car 403.7664 472.1918 92.475075 144.06688 0.6678122
car 238.86493 252.1146 77.13771 84.886795 0.79190665
car 179.20978 194.46136 80.5555 91.7839 0.8319173
car 277.02557 337.87927 87.00382 130.09898 0.94173396
car 216.69376 231.67874 80.45372 91.50647 0.95501745
--
truck 218.73799 290.05896 88.51313 149.29941 0.7587797
car 244.80528 258.76755 76.456665 83.762856 0.31681848
car 0.3059417 15.097506 141.40276 193.23451 0.39928788
car 229.60051 239.89644 78.134094 86.82751 0.5010398
car 239.39459 252.81973 77.39403 85.5459 0.5253313
car 404.02805 472.85632 91.7282 144.61472 0.694917
car 179.05724 194.27713 80.39921 91.4367 0.8164374
car 277.99667 337.95428 86.166664 130.37494 0.91176015
car 216.76907 231.91896 80.395836 91.68474 0.9447439
--
truck 222.35272 290.3872 85.15441 148.04779 0.6892617
car 243.5695 260.476 76.3484 84.47143 0.34543628
car 239.40675 251.72679 77.65515 86.01096 0.50333697
car 403.56964 472.03717 91.42574 144.92601 0.55791736
car 230.81113 239.87491 78.52699 87.47729 0.6309332
car 179.25618 193.96858 80.45677 91.37401 0.8056761
car 280.06937 337.60083 86.694374 130.24527 0.9142604
car -0.60616404 23.74208 136.75266 195.26349 0.9367792
car 217.1036 231.41824 80.37808 91.71749 0.94771653
--
truck 229.15205 290.2526 85.2782 144.02055 0.77126074
car 238.0706 248.13571 78.32953 86.52737 0.37448046
car 175.62633 190.6658 83.114525 93.086784 0.43236274
car 403.50116 471.9703 92.00814 143.46364 0.66137266
car 179.6093 193.33531 80.519806 90.800255 0.732451
car 231.9037 242.10889 78.52519 87.510475 0.82864213
car 283.6502 337.75696 91.92538 127.97147 0.9194249
car 217.30617 231.16196 80.64575 91.45717 0.9600729
car 0.043958724 27.746643 128.03564 189.92923 0.968124
--
truck 229.27695 290.5254 85.69717 141.78902 0.76731724
car 237.87231 248.09624 78.01479 87.677895 0.43043742
car 404.01813 471.476 92.74909 143.85878 0.55657166
car 174.85542 190.98804 80.99091 92.22143 0.66448504
car 231.07944 242.52402 78.05445 88.37197 0.77112204
car -0.07559359 31.117237 134.82805 194.426 0.9255313
car 284.19528 337.58734 91.9649 127.8529 0.93199575
car 217.36815 231.49716 80.31331 91.72126 0.9497675
--
truck 230.37074 290.44684 86.106636 140.64825 0.8222531
car 404.13254 470.6023 92.47816 143.366 0.5249854
car 231.6118 242.25206 78.56772 87.866486 0.6378916
car 237.17065 248.29774 78.12939 88.267715 0.7571823
car 174.75069 190.74675 80.76946 92.63085 0.7700798
car -0.022802353 38.89693 137.63916 191.66263 0.8722318
car 285.56717 337.27054 91.1415 128.46315 0.911551
car 217.70856 231.17287 80.27759 91.66384 0.96619445
--
truck 232.46292 293.73944 85.68348 139.37402 0.8054043
car 231.15181 240.93793 78.47058 87.30041 0.45895177
car 404.21786 470.21753 92.54535 142.28677 0.69903797
car 174.56255 190.29279 80.80495 92.6323 0.7333202
car 286.9138 337.28754 91.71745 129.22102 0.7861766
car 237.37578 249.35431 77.838 88.04475 0.88060457
car 0.1780808 41.43798 137.03236 190.3645 0.96155864
car 218.12343 231.62941 80.32847 91.47204 0.9662641
--
truck 233.97185 295.4133 85.16448 139.4785 0.7605977
car 231.00706 240.24448 79.00179 87.472755 0.42375907
car 175.18733 189.96735 80.849464 92.47177 0.7223394
car 403.63593 469.08176 92.81354 142.30173 0.73586744
car 287.9475 336.3821 91.74783 128.46767 0.8131694
car 238.19286 250.58049 78.38195 88.89197 0.8822286
car 218.46753 231.87468 80.53514 91.348434 0.9637204
car -0.62983274 45.5146 131.61642 187.44832 0.9851875
--
truck 236.97775 291.277 85.351006 137.01936 0.7407719
car 230.86841 239.62889 78.884346 87.04246 0.4941781
car 175.09581 188.81137 81.050354 91.9568 0.7406642
car 287.66287 336.7908 91.17088 127.53657 0.76630497
car 403.65472 468.8871 93.204445 141.68527 0.79210854
car 238.63687 250.86453 78.43315 88.66435 0.8858319
car 218.9451 232.03949 80.57174 90.853424 0.9682511
car -0.8056927 52.235023 131.48598 184.26572 0.9836488
--
truck 238.28705 290.25507 86.10328 137.10112 0.77258235
car 24.956327 42.806767 94.580055 103.77419 0.38634327
car 403.45886 468.69287 94.40689 141.09378 0.44204205
car 230.8938 239.78085 79.38132 87.7327 0.49228552
car 174.61264 187.95819 81.091385 91.91479 0.6509309
car 286.46017 337.1658 91.962326 127.361435 0.790717
car 239.3214 251.39983 78.703804 88.7971 0.8557795
car 219.13492 231.99745 80.71587 91.07557 0.95301354
car -0.7020414 57.3169 129.35793 181.98082 0.9776753
--
truck 241.00574 291.0151 86.39277 136.58046 0.6081648
car 24.626934 42.927776 94.596466 103.98034 0.34830683
car 404.39633 469.8402 93.55955 142.87177 0.37199688
car 230.9203 239.77809 79.342926 87.444756 0.48319903
car 247.6357 257.65253 77.742775 86.10109 0.52500385
car 174.65994 187.5402 81.27928 91.82202 0.54535294
car 286.23468 336.959 91.52767 127.0997 0.66213334
car 239.78099 250.75862 78.928535 88.595184 0.83436906
car 219.02618 232.34613 80.92236 90.88799 0.95127356
car -1.3894433 60.49164 126.985214 178.84727 0.9887325
--
truck 241.7761 291.68973 86.037125 136.28409 0.7779267
car 230.84862 239.6323 79.4074 87.57626 0.3853103
car 247.90088 257.96924 78.04791 86.397675 0.50705576
car 173.60136 186.69739 81.17323 91.9994 0.5263042
car 294.73364 337.3853 93.425514 127.15418 0.73154974
car 239.29424 251.08148 78.99539 89.00757 0.86461425
car 219.2251 232.51424 80.799 90.98586 0.9512969
car -0.40091515 64.101974 126.30256 177.64447 0.99606454
--
truck 240.09041 294.1821 89.10919 133.8162 0.5478632
car 230.52203 239.84439 79.10751 87.66227 0.3387108
car 247.52733 258.37238 77.74525 86.82303 0.49601638
car 172.45134 185.9495 80.92431 92.00191 0.5362147
car 297.32123 336.65195 92.9107 127.27566 0.5765536
car 238.95178 251.36438 78.755775 88.9452 0.8502521
car 219.18932 232.98265 80.53133 90.99435 0.95945483
car 2.3315763 67.67187 126.39593 174.51004 0.9855401
--
truck 240.1752 296.61426 87.60924 135.40482 0.5384715
car 164.16367 179.42053 80.47776 92.23485 0.3273499
car 302.38495 335.77246 95.693825 126.44548 0.32896942
car 230.59138 239.82768 79.36338 87.576515 0.36900097
car 172.10677 185.64816 81.09668 92.15388 0.4942994
car 247.33992 258.3691 77.64092 87.494095 0.51223016
car 238.68222 250.95761 78.900764 89.07004 0.8089482
car 219.57635 232.90192 80.59665 90.92306 0.9374527
car 7.0139227 71.791145 125.18774 172.37854 0.96774
--
car 229.76439 240.0307 79.39996 88.00831 0.3796853
car 304.04483 335.70532 94.62742 125.54613 0.41763917
car 403.88654 474.23944 95.41943 161.15128 0.47786593
car 238.54834 299.38773 88.95885 135.30249 0.53346026
car 246.99698 258.5967 77.923004 88.475006 0.5877116
car 239.18365 251.33623 78.79395 89.02773 0.7151708
car 220.12292 233.4772 80.428856 91.098625 0.91644347
car 14.029407 73.95231 124.58054 171.14651 0.9665805
--
truck 241.10312 334.56046 84.543945 133.37276 0.70552945
car 0.76798487 10.106206 102.66228 119.95206 0.3285987
car 230.40004 240.56207 78.511345 87.374405 0.41448438
car 162.9859 181.35649 80.06441 91.89878 0.43637103
car 246.4644 259.86835 77.60359 87.788025 0.5928006
car 238.8316 251.29976 78.79558 88.65252 0.7088678
car 401.18442 473.9554 94.406265 161.4418 0.7397203
car 19.175238 80.07086 117.3793 166.9006 0.9123883
car 219.91489 233.41362 80.070885 91.13199 0.94985795
--
truck 237.62076 296.61728 85.28365 134.32031 0.6549099
car 229.57892 240.31827 78.679504 87.82128 0.31660828
car 245.15753 259.3307 77.88375 87.94884 0.44161317
car 298.4429 336.04965 92.103745 126.64169 0.60888493
car 238.90388 252.30457 78.7123 88.92035 0.75253654
car 399.8522 475.63544 94.65847 162.87282 0.79861516
car 24.003876 82.31793 119.55553 164.22748 0.92987394
car 220.131 233.5384 80.09001 91.092804 0.95180297
--
truck 238.66743 294.8725 85.42618 136.95929 0.6379114
car 229.99649 240.85118 78.853645 87.97143 0.36025378
car 246.22617 259.69626 78.071724 87.839 0.4211654
car 108.11965 126.05811 85.138306 96.20426 0.45510077
car 299.42004 336.33582 92.436165 126.28472 0.6654448
car 238.67374 251.10152 78.93933 88.50063 0.6856094
car 399.22586 475.42474 95.33706 162.01797 0.73341453
car 220.12796 233.4365 80.22862 91.10213 0.9380903
car 28.78138 85.548676 118.76561 164.95758 0.96847445
--
truck 244.79799 329.69885 81.94892 136.41722 0.64527917
car 230.00894 240.59074 79.0833 88.34028 0.38199258
car 107.33507 125.9298 85.72806 97.16029 0.46949443
car 246.10405 259.40518 77.96729 87.933846 0.46957323
car 299.8503 336.02588 92.7257 126.52328 0.5435659
car 238.73015 251.75708 78.701645 88.44169 0.6911859
car 397.35007 478.107 95.26277 162.08208 0.7185906
car 220.54926 233.36858 80.13837 91.231766 0.9400935
car 31.710552 89.94634 119.81061 163.58937 0.9857871
--
truck 243.23926 335.8624 82.154305 133.91096 0.7981141
car 230.28352 240.92654 78.432724 87.73014 0.39801836
car 245.48424 258.98242 77.60265 87.69051 0.4384001
car 107.754196 125.02776 84.90506 95.61559 0.5789887
car 239.07455 251.67352 78.050446 87.92128 0.63331217
car 396.77707 477.77225 92.85517 164.60333 0.79579324
car 220.59367 233.4504 79.91627 90.81024 0.95235425
car 35.333157 91.42522 118.97618 162.8681 0.9874012
--
truck 237.94463 297.29395 86.48946 136.23901 0.41500604
truck 237.68037 340.41278 77.28694 128.82883 0.64657605
car 229.87657 241.29247 78.3839 88.31826 0.341829
car 106.93823 125.30893 85.13781 96.04045 0.51441747
car 393.59613 476.7899 92.88325 165.5166 0.67386603
car 238.73808 251.01033 78.32829 88.27017 0.678181
car 220.76816 233.89662 79.64899 90.88696 0.9201386
car 40.81993 97.102264 117.262184 161.10588 0.9865685
--
truck 244.85811 333.95465 82.575294 135.6724 0.7217733
car 229.6998 241.38757 78.321495 88.41936 0.31915432
car 246.15866 258.61493 77.13808 87.02622 0.4573176
car 238.08644 251.30516 77.93961 88.25443 0.7492547
car 390.6754 477.17914 92.634995 165.72885 0.76342577
car 105.924706 126.732605 85.22917 96.11786 0.7910106
car 220.71326 234.31364 79.63946 91.07029 0.9407581
car 44.256382 98.21532 116.67317 158.36 0.9804734
--
truck 244.10464 335.14938 82.376976 136.9588 0.7415789
car 229.5284 241.69089 78.04424 88.56703 0.318702
car 246.41882 258.74432 76.45448 86.255905 0.45133984
car 237.73953 250.45421 77.504944 88.03165 0.69182575
car 105.987495 126.77672 84.85776 96.02278 0.7254462
car 388.7171 478.22656 93.6542 166.34282 0.80216223
car 220.77342 234.46663 79.452354 91.360306 0.9363617
car 48.604187 100.843994 114.82694 155.8251 0.951515
--
truck 236.89891 342.05588 78.24163 128.24457 0.47370654
truck 238.19194 296.6886 87.92264 137.92665 0.65881276
car 228.64438 241.36401 77.91375 88.53915 0.33678764
car 246.30086 259.12888 76.07417 86.35491 0.5525506
car 238.04672 250.18639 77.26946 88.205666 0.7209427
car 106.271736 125.39996 84.985016 96.17736 0.75076383
car 386.39218 479.32593 94.049126 166.09386 0.78744894
car 220.77094 235.1335 79.18021 91.205414 0.9376942
car 51.335075 103.275444 113.41892 152.06192 0.9407977
--
truck 236.42363 296.9822 89.13134 138.66284 0.443145
car 246.3953 259.00766 76.1561 86.53589 0.55117285
car 237.85138 250.32655 77.20684 88.25636 0.7405458
car 385.53873 481.16324 93.753204 166.71216 0.85492605
car 105.18069 124.84556 84.7918 96.50372 0.87888545
car 220.88084 235.3876 79.1672 91.3456 0.9182402
car 55.578663 105.00494 116.05569 154.20514 0.969101
--
truck 237.31242 297.04263 88.34322 139.44179 0.42944255
car 228.66315 241.27267 77.94233 88.45786 0.30501294
car 246.37659 258.72693 76.02381 86.300125 0.5381019
car 237.80846 250.18903 77.140366 88.08148 0.71574366
car 104.945724 123.924065 84.77702 96.36303 0.8181182
car 387.46332 481.4804 94.967514 167.91043 0.8678279
car 220.97044 235.34637 79.19813 91.31009 0.92524135
car 60.703083 107.32172 111.397385 150.9483 0.9747327
--
truck 237.43465 295.8493 88.506775 139.1504 0.47833458
car 228.2938 241.37721 77.83398 88.603806 0.3352536
car 246.14882 258.75912 75.83058 86.43249 0.57536304
car 237.86716 250.43243 77.02394 88.017204 0.7195886
car 383.63846 479.7613 95.027954 167.92041 0.8342853
car 103.61223 122.30019 84.23133 96.59797 0.84768707
car 220.8081 235.64076 79.126625 91.30866 0.9329562
car 62.930374 110.15733 110.66464 149.76416 0.98282194
--
truck 237.4962 295.8705 88.44927 139.31085 0.5005192
car 153.17075 170.33582 84.41837 93.31293 0.30836362
car 228.43808 241.26898 77.86952 88.56179 0.31005874
car 246.06099 258.6963 75.87874 86.39662 0.56211805
car 237.90134 250.53488 77.09009 87.98282 0.7271737
car 383.6695 479.76364 95.22634 168.0302 0.8327981
car 103.7145 122.24991 84.18132 96.50851 0.84409255
car 220.76863 235.66461 79.219444 91.370735 0.9410581
car 62.986744 110.24515 110.63827 149.69742 0.98255235
--
truck 236.32916 296.9535 89.20539 139.28465 0.38448048
car 228.57248 241.20856 77.84425 88.51857 0.3384767
car 245.73006 258.97174 75.756645 85.97764 0.53003156
car -0.036025196 14.1749325 179.47221 230.9745 0.60410404
car 237.64258 250.37561 76.98582 87.760185 0.7385114
car 103.8331 121.885086 84.22682 96.484604 0.79800546
car 382.86545 480.94058 96.419685 167.07349 0.85161436
car 220.73186 235.70175 79.13659 91.26153 0.95045114
car 67.210724 111.61753 108.79544 148.88019 0.9781091
--
truck 237.6342 296.9365 87.15666 139.94814 0.43878347
car 228.04405 241.00446 78.059875 88.76815 0.36722875
car 246.10529 259.3743 75.72655 85.71042 0.55903363
car 238.15602 250.13017 77.09245 87.49407 0.6959899
car -0.48273504 23.871668 172.28899 235.55264 0.7796955
car 103.27141 121.715 84.46798 96.41977 0.8174455
car 382.12686 480.45096 95.96093 166.88577 0.84318703
car 220.88548 235.75662 79.15097 90.98141 0.91229284
car 70.27572 115.5126 108.12047 146.5965 0.9781962
--
truck 238.15808 297.53586 87.01098 139.56831 0.4774515
car 226.7916 241.65076 78.124405 88.91314 0.40532714
car 237.85945 250.60472 77.23303 87.25397 0.5209333
car 246.03078 259.64307 75.95787 85.62106 0.54302096
car 103.91923 121.06709 85.34125 96.22632 0.6572489
car -0.13161421 30.460413 170.71555 234.78897 0.7732965
car 380.7531 481.10327 95.682625 166.19849 0.8223507
car 221.12218 235.58034 79.24795 90.774666 0.86350065
car 71.19026 115.88359 109.14344 145.06232 0.9732707
--
truck 238.46158 298.3161 86.70943 139.40677 0.5228278
car 227.00491 241.93236 78.24487 89.02832 0.3638059
car 244.94019 259.68866 75.83234 85.6188 0.52030784
car 237.65103 251.0913 77.27039 87.315445 0.52718425
car 378.9416 480.46463 95.32953 167.1938 0.774537
car 102.70516 121.32454 85.21866 96.48547 0.81389755
car 220.91515 235.72958 79.32334 90.98872 0.86429006
car -0.693385 34.73491 155.74448 232.02571 0.914397
car 74.730545 118.53253 108.001 144.23682 0.9861474
--
truck 240.15942 295.33014 85.152756 138.51593 0.5220278
car 226.99982 241.44153 78.30879 89.46128 0.3569899
car 244.78076 259.4433 75.739265 85.52911 0.39606342
car 237.11429 251.84329 77.00683 87.45093 0.5493687
car 97.12202 120.507385 85.285576 97.98592 0.6662393
car 380.20294 482.81433 94.65162 169.13179 0.7720655
car 221.05713 235.51974 79.336716 91.19135 0.86029977
car -0.016454458 41.40893 154.96767 231.42749 0.9768127
car 78.13303 120.44545 107.001366 144.22546 0.982597
--
truck 240.18451 295.34348 84.61317 138.20966 0.55013335
car 151.33482 168.18317 80.46642 91.349525 0.32469815
car 226.80927 241.38774 78.21351 89.551735 0.37664914
car 245.01772 259.53546 75.75937 85.64333 0.38516718
car 237.36552 251.88976 77.00379 87.488525 0.55025625
car 378.31952 484.12473 95.42055 169.79857 0.7717629
car 221.15286 235.51709 79.30195 91.23019 0.8406147
car 95.81324 121.02673 85.17021 97.94815 0.8406222
car 0.87982535 47.38872 155.85838 229.5451 0.98535484
car 81.494965 123.42629 105.71444 141.80605 0.9857963
--
truck 241.2456 339.82037 75.53339 130.21504 0.39033264
truck 239.77687 296.14532 83.99985 139.16531 0.5074426
car 226.70638 241.89426 77.740074 89.06294 0.3503374
car 244.87132 259.31857 75.502 85.37029 0.4089316
car 237.28271 252.06168 76.50161 87.04622 0.55916
car 221.32242 235.5097 79.20288 90.86851 0.8205305
car 95.410835 119.45575 85.25206 97.9844 0.8325039
car 376.64856 484.33096 95.6802 170.58475 0.8645895
car 0.23361504 51.108032 153.70326 231.26701 0.94176966
car 81.784904 125.0064 105.9203 141.13411 0.9941223
--
truck 242.00082 339.75552 74.38293 130.46132 0.4887572
truck 239.90466 295.56674 84.41681 138.34683 0.52680606
car 227.13763 241.2783 77.517715 88.74052 0.37424695
car 238.00192 251.41731 76.347145 86.81788 0.57559735
car 221.53989 235.19212 79.248146 90.70214 0.79847836
car 95.3707 118.844315 85.07384 97.872765 0.8444013
car 378.77216 478.94055 95.80336 166.82469 0.88940734
car 2.2105443 54.11436 153.29314 227.53659 0.9265406
car 85.8572 127.11896 105.430984 140.80238 0.9943842
--
truck 239.65492 295.02145 84.983955 139.29109 0.6112599
car 245.39638 258.81393 75.44899 85.40173 0.40367508
car 226.98965 241.40147 77.66686 88.82732 0.47656646
car 237.94968 250.95187 76.53086 86.8557 0.57862395
car 222.12071 235.0971 79.60248 90.54652 0.77794784
car 94.28412 118.04361 85.26706 98.105354 0.8572532
car 374.50772 482.35016 95.6841 170.68723 0.8969234
car 1.29143 63.596615 149.37982 223.75854 0.9349107
car 88.47733 128.88884 105.00003 140.64009 0.9884799
--
truck 244.12683 335.4664 80.635124 140.11186 0.4685663
car 226.8793 241.0841 77.809944 88.911255 0.41320148
car 245.62677 258.96057 75.98637 85.84696 0.43253163
car 238.17883 251.04158 76.92675 86.96458 0.5471169
car 147.26408 163.44344 84.08755 92.94014 0.5523719
car 221.92528 235.19101 79.60827 90.640396 0.81580025
car 93.65362 117.71526 85.659386 99.02929 0.8453557
car 376.52664 480.7563 95.60479 172.08994 0.84614235
car -0.026500225 68.666534 140.1089 216.49599 0.9536844
car 91.0539 131.8005 104.10573 138.24518 0.98446304
--
truck 241.05037 337.33124 82.95094 140.82578 0.4271336
car 226.65247 240.73795 77.73767 88.86828 0.42591867
car 246.21309 259.17734 75.95162 86.04906 0.4461037
car 146.26035 161.40027 81.01802 91.94107 0.5108545
car 238.20789 251.20105 76.829346 87.21943 0.5981513
car 93.64096 116.639595 85.59359 98.57253 0.7762896
car 222.0406 235.2888 79.500565 90.67946 0.843818
car 376.20874 480.5274 96.862755 167.2204 0.8482924
car -1.424489 71.287926 139.05322 217.93942 0.85772955
car 93.0487 133.37062 103.81977 135.538 0.9905247
--
truck 237.00784 294.70016 87.46432 139.59575 0.4573012
car 226.703 240.77951 78.04687 88.93096 0.44733226
car 246.12436 259.34354 76.09098 85.89851 0.4768198
car 237.97934 250.86035 77.09082 87.29742 0.5980433
car 146.4532 163.34065 84.35664 92.74569 0.6223688
car 93.65743 115.2892 85.93787 98.37295 0.66967267
car 378.97235 480.3864 96.42269 172.20432 0.78055155
car 222.05812 235.34085 79.685616 90.79184 0.86146384
car 1.1415267 76.342224 138.49855 215.9573 0.88786656
car 95.567215 134.5219 103.4316 135.35304 0.986263
--
truck 237.40317 295.09637 86.693214 139.21805 0.4790118
car 245.73964 260.05957 75.65114 85.7453 0.44147515
car 144.90694 160.00925 81.24087 91.56307 0.444255
car 94.297195 113.77341 85.83757 98.11527 0.47493094
car 237.45782 251.50485 76.73189 86.876335 0.47521123
car 225.91194 241.06213 77.502464 89.031425 0.50859183
car 6.051178 79.071304 138.31009 211.81335 0.691147
car 222.46295 235.49905 78.825005 90.31621 0.7234847
car 376.4252 479.49777 95.56632 171.57741 0.8705838
car 98.345856 136.43944 102.367966 134.85257 0.9649442
--
truck 238.08043 293.16913 89.03166 139.3526 0.50966805
truck 11.965985 82.967064 137.49512 206.13145 0.6868468
car 245.90161 259.8765 75.74097 85.79105 0.46200207
car 0.28329358 11.04546 192.03911 236.27766 0.51291335
car 237.53845 251.49281 76.80753 86.943634 0.5314981
car 226.0128 241.15073 77.75861 89.008644 0.5359211
car 93.50278 113.284546 86.37718 98.23866 0.5882028
car 143.56589 161.86076 84.34695 93.066795 0.6570757
car 222.63815 235.36235 79.17565 90.28131 0.74184984
car 377.3319 478.78745 95.593544 171.41757 0.84586036
car 99.58461 137.67453 101.08093 135.30852 0.9709827
--
truck -0.11731893 24.071144 138.28384 232.89351 0.3112798
truck 238.66246 293.95898 88.19408 139.55754 0.53572416
car 245.30914 260.06445 75.51703 85.62884 0.42899925
car 90.228455 109.73485 86.83205 99.45624 0.49015233
car 237.43228 251.81596 76.69656 86.750046 0.49854854
car 143.84032 160.65002 84.06969 93.187195 0.5426039
car 225.48445 241.38394 77.72251 88.93197 0.555832
car 18.881477 83.99536 136.76195 202.85292 0.5948001
car 222.54338 235.52728 79.18454 90.35233 0.7326132
car 373.5223 479.409 96.26146 174.48291 0.89715534
car 101.42859 141.46751 102.75727 133.27652 0.9617581
--
truck 238.57565 293.57156 89.33035 139.64409 0.6524798
truck -0.97685784 27.077196 117.03358 229.90486 0.7072014
car 245.1172 259.78772 75.73804 85.63952 0.4553481
car 143.5677 158.73181 80.56357 92.37345 0.4718301
car 237.6197 252.19545 76.82867 86.773155 0.5370945
car 225.38933 241.39996 77.792915 89.04512 0.5743246
car 90.31094 108.90707 86.78586 99.78367 0.6418905
car 222.54556 235.60733 79.24322 90.437996 0.75342846
car 28.233082 89.44552 137.93564 198.17197 0.872004
car 371.5239 479.9636 97.02357 173.54068 0.8812429
car 103.701614 143.28671 103.54482 132.03415 0.9815447
--
truck 238.93509 294.12103 88.55157 138.93288 0.7298796
truck 32.627014 94.11918 135.7424 194.25308 0.7758976
truck -0.9959382 32.799805 118.14949 227.62119 0.9178219
car 90.1621 106.79735 87.32479 99.593414 0.43086162
car 238.02841 250.99051 77.3999 87.122025 0.46763736
car 245.88478 260.24283 75.92558 85.88933 0.47071955
car 222.73166 235.71927 79.76917 90.75801 0.75266176
car 369.1081 480.46973 97.470116 173.65828 0.9192976
car 106.45987 144.45854 102.4069 131.79788 0.9925515
--
truck 36.442932 97.97465 133.69618 193.70926 0.612205
truck 239.03455 294.79153 88.53723 139.07666 0.7117393
truck -0.7510632 40.831284 118.89648 220.95145 0.8218168
car 246.09676 260.28513 75.977425 85.876076 0.45092624
car 237.88846 251.15038 77.36643 87.22983 0.48422754
car 89.60168 105.384605 86.694725 99.58126 0.6001992
car 222.90074 235.55193 79.63911 90.63969 0.7209091
car 367.74164 480.2188 97.81064 173.64873 0.8988478
car 107.77488 146.16849 98.00884 130.88307 0.99210846
--
truck 42.50216 100.08571 133.50589 192.2047 0.7013991
truck 239.33034 295.02344 89.31747 138.95352 0.7173201
truck 0.61155796 45.575386 121.01533 217.30002 0.8614375
car 246.5024 260.11667 76.2654 86.204056 0.46467865
car 238.25629 250.95265 77.484055 87.27207 0.50213635
car 222.94131 235.58731 79.34748 90.692245 0.7101738
car 367.7214 479.2427 98.70386 177.02016 0.94812834
car 110.28665 146.29663 98.06059 130.8496 0.9950407
--
truck 239.3429 294.9612 89.54196 139.22083 0.68578225
truck 0.43890238 51.13615 115.715744 223.19064 0.90221864
car 237.84535 250.74695 77.17502 86.779915 0.48761696
car 247.1694 260.57983 76.07529 85.86073 0.5012815
car 87.02151 104.52702 87.28122 100.38169 0.6577566
car 226.07588 240.75665 77.986565 89.12307 0.6688299
car 52.656204 101.31826 127.2637 186.47833 0.6936156
car 222.89964 235.40025 79.11646 90.27958 0.767568
car 367.6272 479.19995 100.37189 177.31502 0.94204265
car 112.702805 147.88208 98.67994 129.5899 0.992412
--
truck 238.92169 294.60327 89.29732 139.12842 0.7122122
truck 0.16988933 55.361847 118.368095 215.24245 0.925063
car 246.86809 260.19174 76.109085 85.94103 0.5016235
car 238.01457 250.9025 77.14734 86.877235 0.548807
car 226.41331 240.23314 77.9743 89.16512 0.6386146
car 85.54195 104.42733 87.80173 100.62888 0.67872363
car 55.23222 103.54488 126.32748 184.33374 0.7897571
car 222.84781 235.28156 79.25635 90.4061 0.7998083
car 366.12637 477.92752 101.81162 176.7893 0.9234135
car 114.15452 149.48283 98.590416 129.30342 0.99522644
--
truck 238.89471 293.76907 88.998184 139.02306 0.7370895
truck 1.579467 61.37658 119.818985 209.72342 0.9366306
car 237.6282 250.8621 77.00951 86.67858 0.5266584
car 246.93678 260.5029 76.050735 85.726105 0.5473821
car 226.42451 240.27966 78.06694 89.127014 0.64954627
car 58.359135 110.16728 127.00798 181.01216 0.7564416
car 84.47896 105.796326 88.03339 100.6435 0.7948603
car 222.94667 235.28192 79.24062 90.23833 0.8047686
car 364.25922 477.57706 101.15815 176.50606 0.9039665
car 116.051445 152.44563 98.84288 128.36311 0.995942
--
truck 238.33484 293.58426 90.112976 138.99939 0.7482135
truck 2.1828997 64.907295 119.58998 208.82912 0.9385473
car 82.11605 99.55759 88.88305 101.65807 0.44746938
car 238.46136 251.22331 77.58178 87.064804 0.53362596
car 246.36168 259.9041 76.25585 85.99056 0.60515714
car 223.24756 235.28568 79.28089 90.46738 0.79063976
car 61.93581 113.2437 125.34684 180.23474 0.8741927
car 361.3734 477.10675 102.00998 176.90427 0.93559945
car 118.51574 153.47456 98.64997 128.74251 0.9952094
--
truck 238.03548 292.41736 89.23891 139.2191 0.8353151
truck 1.4219856 67.74977 108.35187 205.93277 0.9384851
car 237.96776 250.78154 77.31377 86.45307 0.4008827
car 246.6193 260.50378 76.18034 85.956894 0.58044136
car 225.82698 240.84346 77.836754 89.02257 0.7014186
car 81.62198 99.60926 88.44201 101.8767 0.7041289
car 223.10666 235.306 79.194916 90.07242 0.73261863
car 65.64043 114.25656 124.534225 177.89809 0.8816354
car 360.90262 477.3343 102.34646 174.46121 0.930899
car 120.15993 154.0103 97.932625 128.5982 0.9957768
--
truck 238.02716 293.21777 89.09921 138.74133 0.8273822
truck 2.4179113 74.65589 110.45074 203.71387 0.89266443
car 238.25534 250.72403 77.24135 86.495964 0.44736275
car 246.66066 260.10117 76.14456 85.99579 0.6433553
car 223.26671 235.27565 79.18399 89.92937 0.7060412
car 226.15799 240.68593 77.82507 89.05051 0.77331156
car 81.171616 100.00098 88.28278 102.0543 0.7816448
car 71.95215 117.73459 123.682495 174.48238 0.8521196
car 359.47137 475.8134 101.59575 174.94565 0.9588039
car 120.89204 154.68161 97.37753 127.838974 0.9949054
--
truck 237.39398 293.40143 88.61876 138.45508 0.8215093
truck 8.1144085 77.06816 105.434135 203.13446 0.9308988
car 238.22711 250.72543 77.275505 86.77847 0.45741257
car 246.17334 260.06927 76.089386 86.25519 0.60500544
car 223.36603 235.18591 79.15511 90.080154 0.7264771
car 81.1004 99.7747 88.3875 101.46316 0.76810974
car 226.22446 240.60196 77.877045 89.256226 0.7772409
car 75.48764 117.75984 122.68401 172.7484 0.87833536
car 356.9452 475.06927 99.83322 175.06917 0.9830396
car 123.20062 156.44122 96.95076 125.10995 0.996385
--
truck 237.62538 293.78702 89.42098 138.49142 0.8104251
truck 14.85524 80.45699 103.420006 201.88214 0.89520144
car 238.23819 250.69327 77.250984 86.83257 0.48780376
car 246.26187 259.85583 76.13746 86.316345 0.6076135
car 223.40498 235.16461 79.12337 90.11504 0.7430111
car 81.0154 99.834724 88.096375 101.1848 0.7600359
car 226.21751 240.56685 77.84148 89.295746 0.78203833
car 77.72844 119.79544 123.33382 171.40825 0.9503489
car 356.95477 476.2175 98.07392 172.29279 0.96669674
car 125.250946 158.89716 96.601776 124.638756 0.996786
--
truck 237.7652 293.01413 89.04918 138.48828 0.8410937
truck 17.259193 83.90478 104.32652 195.18848 0.9437401
car 238.19463 250.93228 77.231346 86.652145 0.4528391
car 246.06451 259.85126 76.16095 86.04338 0.5747489
car 225.9177 240.70447 77.737015 89.3961 0.79063094
car 80.570015 99.92511 87.871895 101.66731 0.8922772
car 78.71131 121.72935 121.591576 170.81538 0.92213297
car 357.81082 476.85507 97.666504 172.21649 0.95465875
car 127.4787 159.5851 95.75938 124.720566 0.9959592
--
truck 21.462017 84.919785 112.88864 189.36331 0.8318682
truck 238.68146 292.98184 88.58461 138.44348 0.8552723
car 238.25693 250.62277 77.3117 86.714676 0.491234
car 246.56299 259.83664 76.27331 85.91901 0.5368336
car 85.12751 125.08544 116.58541 167.20316 0.78887427
car 226.2778 240.24596 77.66876 89.49526 0.7920363
car 80.3671 99.6446 87.63318 101.7194 0.89065266
car 356.76337 476.91165 98.623665 174.48227 0.9524838
car 127.58001 160.97624 95.79877 124.31022 0.99599975
--
truck 238.42767 292.8569 88.17523 138.4447 0.8733278
truck 27.37269 89.52136 109.82912 187.89934 0.9216783
car 238.291 250.60925 77.34499 86.654854 0.48534486
car 246.65503 259.73035 76.38453 85.817276 0.50482476
car 226.42133 240.22879 77.6538 89.36697 0.7665351
car 87.666306 125.52163 118.58431 164.09297 0.8612751
car 80.07619 98.95322 87.53052 102.19062 0.9250751
car 356.1222 478.06702 99.957 172.69182 0.941492
car 129.37885 161.90292 95.885796 123.80614 0.99487114
--
truck 31.305754 92.21622 107.95803 185.1837 0.75700617
truck 238.16159 292.85376 87.46579 138.39488 0.9043761
car 224.07428 234.78992 78.79181 89.836136 0.3880331
car 246.5046 259.83856 76.30172 85.42233 0.40618026
car 238.08713 250.23714 77.40124 86.63269 0.41531157
car 226.3538 240.69635 77.51726 89.26791 0.74252456
car 93.50359 129.70929 117.51481 162.65456 0.74350804
car 357.49506 477.96368 99.60532 173.91286 0.90485346
car 80.24351 97.419624 88.12411 101.14745 0.9609712
car 131.53024 162.40363 96.11023 123.06599 0.9923426
--
truck 237.65097 292.71915 86.695435 138.3622 0.9195392
truck 34.723896 95.90196 109.62079 184.20569 0.9559473
car 56.223995 64.53099 90.29938 97.814545 0.3134782
car 246.12085 259.79694 76.10841 85.09564 0.43516466
car 237.89325 250.53989 77.34933 86.59122 0.4612005
car 226.3258 240.32979 77.5107 89.27771 0.7654513
car 94.37998 130.75847 117.334015 162.2965 0.84817135
car 357.1331 477.6167 98.86684 174.14134 0.91194314
car 80.55747 96.337204 88.67683 101.372986 0.9316946
car 132.58228 161.83838 96.74452 122.912865 0.9912928
--
truck 39.230854 98.81927 109.21587 183.44296 0.89414495
truck 237.39578 292.9728 86.788345 138.41457 0.8946167
car 224.34627 234.55495 78.39586 89.47787 0.320549
car 237.74171 250.45512 77.072334 86.38988 0.41540802
car 246.05132 259.96957 75.98724 85.14382 0.44252926
car 226.55879 240.63002 77.179184 89.08176 0.7442474
car 96.94716 132.41489 115.995766 161.11543 0.8433558
car 357.3736 476.64258 98.63768 174.69745 0.92699605
car 80.18971 95.24455 88.37006 101.330864 0.9397088
car 134.31374 163.52023 95.96854 121.24995 0.9928779
--
truck 47.08348 107.45654 111.25538 181.43307 0.4127747
truck 237.68144 292.92172 86.37878 138.46625 0.91923296
car 224.40245 234.50583 78.4309 89.42756 0.30464476
car 237.84972 250.45372 77.125336 86.43134 0.43303484
car 246.27829 259.7914 76.098366 85.333405 0.47683728
car 226.69373 240.61008 77.25789 89.104164 0.7473792
car 80.76393 94.28784 88.55916 101.33776 0.89311206
car 99.12486 133.54823 114.70055 160.78941 0.9084279
car 356.86517 475.651 96.90736 173.34386 0.9195957
car 135.74757 165.7548 95.834366 120.82553 0.9918046
--
truck 48.597 106.791435 104.79322 175.18494 0.728679
truck 237.77881 293.25916 86.560875 138.48268 0.89619666
car 237.95557 250.52948 76.97754 86.226 0.38950416
car 246.12259 259.7727 76.008865 85.23361 0.4634388
car 226.89256 240.57933 77.23487 89.07371 0.72706085
car 101.52106 135.46112 113.51893 160.34654 0.8725838
car 80.46629 93.699684 88.60752 101.93126 0.88586384
car 356.6209 475.58917 96.8344 173.07222 0.9288776
car 137.49368 167.03471 94.870514 120.76776 0.99113584
--
truck 50.889038 108.43665 104.21784 174.27888 0.64189875
truck 237.36328 292.84567 86.922806 138.44919 0.90763783
car 238.42 251.21387 76.870544 85.93941 0.38392687
car 245.83643 259.59366 76.00483 85.39801 0.48347002
car 105.0547 138.24054 112.67017 153.14581 0.7286181
car 226.69426 240.71385 77.223976 89.05822 0.76729697
car 80.06157 93.08329 88.88596 101.636345 0.8219974
car 357.39685 474.77713 95.34878 173.83813 0.8736983
car 138.01251 168.41835 95.27775 120.45344 0.98715717
--
truck 54.904583 105.248 104.49585 172.23074 0.67383635
truck 237.1289 293.0912 86.93712 138.06094 0.9170718
car 238.2138 251.59344 77.10423 86.07063 0.3414333
car 245.3409 259.48633 75.979645 85.3277 0.37253955
car 226.16095 240.82372 77.54876 89.40652 0.7461601
car 79.54881 92.66768 89.03876 101.32399 0.7499128
car 359.466 474.99808 94.98901 174.66705 0.8601985
car 107.34198 138.64412 112.13124 153.8952 0.9182205
car 140.60684 169.7621 94.700836 120.57478 0.9808715
--
truck 236.87326 293.47778 86.75973 138.26105 0.9140411
truck 56.401234 106.790726 104.16806 171.22534 0.91418564
car 238.21146 251.50893 76.91814 85.87983 0.3180383
car 245.3143 259.73355 76.00513 85.55662 0.39246762
car 79.22036 92.53695 89.57457 100.82826 0.7446364
car 226.02214 240.97733 77.44191 89.40302 0.7499742
car 361.60535 475.7924 95.39193 177.54018 0.85668415
car 109.00354 139.81512 111.61171 154.04233 0.9670432
car 141.95682 170.30835 94.70291 120.66273 0.98185146
--
truck 236.80017 293.47018 86.37969 138.26054 0.90739655
truck 61.40083 110.66978 102.55016 170.09898 0.9407715
car 238.29472 251.63953 76.54534 85.772964 0.32015255
car 245.52812 259.7675 75.84404 85.59988 0.38984445
car 79.07502 91.78018 89.57245 100.51193 0.48299837
car 226.20117 240.56474 77.1613 89.355194 0.7102083
car 360.95554 475.02502 94.74596 177.20624 0.85894114
car 110.76376 141.27473 110.881 154.32002 0.96563876
car 143.34315 171.72473 91.98554 118.36973 0.98619115
--
truck 236.6033 293.50208 85.97031 138.3985 0.90102905
truck 64.512535 113.786415 99.884995 167.37181 0.9330928
car 245.28625 259.88074 75.79995 85.39607 0.35141224
car 226.29997 240.68253 77.05573 89.23425 0.6570086
car 362.1491 475.57477 94.95943 176.98395 0.84393483
car 112.86039 142.94525 111.09845 153.43088 0.94483256
car 144.15599 171.7826 91.774765 118.26524 0.9932754
--
truck 236.74884 294.38547 86.12157 138.20792 0.87260175
truck 65.85458 115.23395 100.238464 166.12335 0.8874912
car 237.82335 252.18953 77.01211 85.879036 0.30237907
car 245.91516 259.94592 76.291336 85.25884 0.31294107
car 226.4728 241.13663 77.450935 89.353516 0.68149316
car 361.39047 474.09207 95.936714 176.70795 0.86826116
car 115.40228 145.29654 112.48541 151.06258 0.9039537
car 144.95604 172.86974 92.98297 117.2581 0.99041295
--
truck 68.55727 119.158005 100.120125 168.51508 0.8621451
truck 236.79146 294.23718 86.3343 138.56566 0.8902697
car 246.00623 260.05722 76.39173 85.57398 0.31096873
car 226.93271 241.6398 77.22697 89.07486 0.5697374
car 362.18127 474.78592 95.59221 176.64134 0.89078104
car 116.53881 146.33298 111.3693 150.48906 0.9262812
car 146.01544 174.33931 92.501656 117.48265 0.9894546
--
truck 69.92819 119.693115 100.65238 167.87595 0.894604
truck 237.0917 293.86124 84.95007 138.33252 0.9020688
car 237.95183 251.76329 76.78935 86.017845 0.31727645
car 246.01819 259.5585 76.365906 85.80637 0.3498655
car 226.86986 241.14499 77.31564 89.24528 0.6811528
car 360.73825 474.72232 97.26132 175.60463 0.9317564
car 119.7352 146.27414 109.77685 149.00023 0.9553611
car 146.517 175.17229 92.59625 117.50266 0.9917187
--
truck 237.07686 294.08127 85.17659 138.48093 0.8999683
truck 73.75374 128.1202 101.31005 163.80455 0.9222393
car 238.22488 251.09135 76.90596 86.07041 0.33973286
car 246.01764 259.4169 76.20333 85.50888 0.42136502
car 227.05826 241.28952 77.37273 89.17235 0.73061717
car 121.13364 147.51662 110.019516 148.0608 0.8904213
car 358.863 474.91547 96.16361 174.81673 0.9237952
car 149.59508 176.29832 92.39384 117.05167 0.99618495
--
truck 73.89708 129.46739 100.15871 163.28954 0.8603985
truck 236.82745 294.56787 85.2187 138.40868 0.884101
car 238.28387 250.75296 77.03076 86.26229 0.40005428
car 246.37894 259.41534 76.36654 85.63898 0.46354264
car 227.26627 240.75482 77.24114 89.12769 0.7542071
car 122.60525 150.08986 109.72928 147.13412 0.8645159
car 359.2114 475.02072 94.81166 174.38914 0.92595613
car 151.48302 177.53082 91.93209 117.55828 0.9962892
--
truck 236.92783 294.44785 85.5666 138.39088 0.86967576
truck 78.534164 123.866104 98.83971 162.11072 0.88447386
car 62.542683 76.80332 92.791534 105.575264 0.32350737
car 238.33185 250.53812 76.988434 86.31899 0.41860792
car 246.55508 259.3648 76.397 85.77879 0.48533198
car 227.4281 240.73167 77.22682 89.06373 0.7585788
car 357.6141 476.13892 95.492714 173.24382 0.88117886
car 123.35242 151.28255 109.17005 146.65929 0.9061099
car 152.26459 178.54918 92.03189 117.49599 0.99645585
--
truck 237.28162 294.20798 85.58207 138.24486 0.8713305
truck 80.69009 124.932076 99.27494 160.95981 0.89784116
car 238.45697 250.56573 77.06495 86.17832 0.40012565
car 246.39293 259.24225 76.470345 85.73927 0.44566104
car 61.60936 77.96919 92.26902 105.70708 0.5780349
car 227.45627 240.78793 77.26582 88.954605 0.7680559
car 357.39175 475.56934 96.06911 173.36876 0.86356956
car 125.69723 153.51309 107.0735 146.95451 0.94912654
car 152.27585 178.9075 91.866455 117.99033 0.9958329
--
truck 83.153046 126.09128 99.862976 160.36458 0.7193082
truck 237.10545 294.75336 85.44264 138.26842 0.8753335
car 109.41533 124.279076 85.940895 97.00762 0.36626872
car 238.55156 250.52458 77.208 86.115814 0.39177862
car 246.40277 259.3909 76.5156 85.600235 0.46363968
car 61.576824 78.261024 91.95408 105.4687 0.6213907
car 227.56866 240.63861 77.333084 88.96628 0.78061634
car 359.17935 475.07428 95.04698 172.73865 0.872829
car 126.62963 154.67776 107.93975 144.73557 0.9503413
car 154.24954 178.94708 93.49406 115.46453 0.9962369
--
truck 85.320724 128.55344 100.03249 159.14601 0.65265566
truck 236.84457 295.03687 85.07927 138.36943 0.86577415
car 108.88363 123.69023 85.709656 96.810036 0.37143546
car 238.42813 250.5505 76.76825 85.81502 0.37545732
car 246.39075 259.41034 76.29768 85.59631 0.42905134
car 60.583405 77.401 91.662735 104.92233 0.68632853
car 227.59415 240.84071 77.099655 88.806206 0.72676605
car 359.32098 474.4567 94.45292 172.51894 0.8707745
car 127.95412 155.88626 107.395164 144.5276 0.9647101
car 154.93471 179.0503 93.034004 114.979324 0.99623054
--
truck 85.210464 128.41628 100.565575 158.92545 0.62317336
truck 236.7931 295.1692 84.92026 138.37254 0.8693995
car 238.47226 250.61197 76.7299 85.917946 0.36080503
car 108.92321 123.89062 85.58724 96.80656 0.38287172
car 246.07661 259.4081 76.18552 85.71536 0.41409573
car 60.672554 77.48152 91.61671 104.9292 0.6857211
car 227.61345 240.81152 77.18461 88.78179 0.734293
car 358.76874 474.55948 94.12485 172.22095 0.8563188
car 127.940926 155.8312 107.56033 144.58249 0.968848
car 154.99722 179.0102 93.067345 114.83459 0.99617743
--
truck 89.68065 152.89764 100.270096 158.51518 0.32494918
truck 236.80304 295.38495 85.482506 138.28656 0.8805094
car 24.541155 43.027348 94.82012 103.95401 0.31331265
car 238.11623 251.07416 76.861755 86.54992 0.31763008
car 108.14458 123.93614 86.53375 96.70754 0.4581862
car 227.63142 240.77234 77.50823 89.03169 0.64333594
car 60.280502 77.186584 91.822945 105.78445 0.72628313
car 359.59537 474.91525 93.45314 172.39415 0.8086119
car 130.40005 156.09662 107.796646 143.4181 0.9599492
car 155.15968 179.78835 93.37223 115.07137 0.9966412
--
truck 91.0418 134.92847 96.94594 157.67368 0.8176627
truck 236.87863 295.46167 86.009605 138.62085 0.88155365
car 106.14296 125.059204 85.62317 96.22286 0.5732787
car 227.3944 240.68259 77.17454 89.073074 0.66594774
car 59.82778 76.5152 91.73526 105.86774 0.68753153
car 357.1865 474.92715 93.76649 170.81776 0.7929176
car 131.3312 159.82376 104.8711 142.30772 0.96281487
car 156.2659 180.72295 92.89123 114.64332 0.9958869
--
truck 92.00133 148.73607 96.99469 155.83865 0.7326453
truck 237.5841 294.82095 85.21541 137.39128 0.8324632
car 198.72017 211.6068 75.25655 84.90478 0.35478467
car 238.55783 250.90419 76.52166 85.81596 0.40147072
car 246.30667 259.46292 76.03429 85.874176 0.42774132
car 105.23392 123.42287 86.13662 96.63601 0.46228704
car 59.228577 76.50837 90.714035 105.98284 0.64392227
car 227.72249 240.34264 77.46004 88.926994 0.734864
car 357.56482 475.50287 94.71717 169.8492 0.7479966
car 132.28592 160.31084 103.733154 142.96378 0.9672147
car 156.67894 182.2011 92.59697 114.67672 0.9959957
--
truck 92.6529 137.55643 93.2144 151.21367 0.73484766
truck 237.07912 294.99615 85.457504 137.68477 0.8533569
car 239.38957 250.79767 76.55067 85.92724 0.34326968
car 246.31848 259.11847 75.9202 85.958885 0.39880407
car 198.81589 211.53223 75.30162 85.131165 0.41005546
car 58.823265 76.11446 90.64951 105.86489 0.7438754
car 227.3875 240.28253 76.97388 88.857315 0.7691968
car 357.5862 475.22162 94.615555 169.32137 0.8125202
car 132.38239 160.66101 104.23604 141.87706 0.96751785
car 157.09607 183.08292 91.64724 114.13063 0.9922386
--
truck 94.692825 150.0485 93.94712 151.10104 0.7604585
truck 237.19217 294.64053 85.61844 137.20201 0.8729932
car 55.120903 68.75049 92.527565 105.908264 0.30558038
car 239.31332 250.93143 76.551155 85.996635 0.34975573
car 246.47177 259.01352 76.068565 86.11081 0.3707892
car 105.54118 122.77702 85.97838 96.07744 0.37115088
car 198.77104 211.45236 75.17832 85.13344 0.3883001
car 227.55934 240.36032 77.05055 88.79299 0.73010933
car 58.316216 76.22795 90.59029 106.30806 0.76728386
car 355.8481 476.42822 95.49651 167.90173 0.78899807
car 136.64105 161.93057 104.94778 139.1768 0.9649317
car 158.7457 184.57248 90.94566 114.35036 0.990569
--
truck 99.51446 141.2102 92.732315 149.79303 0.725956
truck 237.15225 294.3932 85.81524 137.79712 0.86727554
car 239.6099 250.88885 76.76411 85.94307 0.40328804
car 198.8246 211.30081 75.20667 85.17164 0.40340498
car 246.65576 258.97946 76.10786 85.98303 0.42095757
car 355.35678 475.8199 96.131355 167.79968 0.7969951
car 227.52711 240.05022 77.22501 88.857315 0.8062789
car 57.947754 76.42542 90.67509 105.881775 0.84454876
car 137.88318 163.25662 104.94585 138.242 0.979833
car 160.39476 185.61375 90.724205 113.26019 0.9930501
--
truck 100.84793 142.33717 91.679 150.16025 0.6901646
truck 237.41959 294.27313 85.584625 137.78206 0.8647546
car 104.57367 121.66766 85.77253 96.10371 0.30107468
car 239.28941 250.7482 76.89795 85.90319 0.40812004
car 198.64453 211.32043 75.20699 85.05996 0.42485565
car 246.58745 259.0231 76.14138 86.02063 0.4553777
car 355.90683 474.49365 96.02646 168.95403 0.73687106
car 227.65004 240.2344 77.35302 88.79119 0.80008686
car 57.223957 76.96888 90.69191 106.09661 0.8760189
car 139.80968 164.55478 104.92128 138.2556 0.9868555
car 161.74254 185.95795 91.10956 113.7881 0.99239355
--
truck 102.450294 143.66716 93.26642 148.97523 0.7039524
truck 237.15613 294.04544 85.83339 137.89584 0.88243115
car 104.24663 121.06572 85.89566 96.096085 0.3340443
car 239.23912 250.97243 76.67548 85.987144 0.35965073
car 246.4387 259.15076 75.90986 85.90217 0.4112978
car 198.48843 211.36052 75.027435 85.11825 0.41169807
car 351.2968 472.79395 102.45363 161.45857 0.70988566
car 227.59483 240.30173 77.16965 88.73535 0.7866379
car 55.348976 77.55195 89.700615 106.66172 0.87336344
car 140.73291 164.92831 104.4732 137.58342 0.9846076
car 161.55902 186.06688 90.63763 112.381004 0.98506504
--
truck 102.991005 143.53911 93.86978 147.82458 0.68841326
truck 236.96759 294.01102 86.348946 137.80037 0.8843052
car 239.21979 250.60037 76.42188 86.08368 0.37223342
car 198.62544 211.31073 75.054474 84.84075 0.42815253
car 246.56813 259.42734 75.6216 85.97719 0.48547822
car 351.79938 472.17944 101.398155 161.74635 0.6277976
car 55.324192 76.815 89.7317 106.31435 0.74940753
car 227.67441 240.43562 77.08126 88.82491 0.8575445
car 162.50674 185.96356 90.70431 112.25787 0.9779131
car 142.0604 167.15886 103.07135 137.49368 0.98748577
--
truck 104.32939 143.87494 95.693275 146.33148 0.63993454
truck 237.1837 293.79022 86.94312 137.83636 0.8969574
car 23.61213 43.423634 94.58516 103.88062 0.310639
car 239.09308 250.60011 76.4818 86.08285 0.37483263
car 103.89168 120.259995 85.38302 95.852684 0.38803685
car 198.33624 211.41547 75.07899 84.74127 0.4171046
car 246.24017 259.382 75.57162 85.92269 0.49869597
car 352.4491 471.0507 101.997154 162.32129 0.61882085
car 55.382626 76.28543 89.586914 106.87996 0.8379182
car 227.69283 240.3636 77.43634 88.798134 0.85594916
car 164.60405 187.51924 90.39908 111.77425 0.97379375
car 142.72264 168.40799 103.04745 137.5888 0.99034023
--
truck 352.4565 476.06134 94.18088 164.95691 0.5855273
truck 106.75198 144.44635 94.54222 146.57056 0.5962201
truck 237.29723 293.80493 87.07652 137.96225 0.9021813
car 198.31046 211.32909 74.989525 84.6862 0.39929867
car 239.15585 250.60881 76.34379 86.13206 0.4016583
car 246.39342 259.41022 75.564896 85.94 0.51714414
car 55.8508 75.674576 90.05348 106.5634 0.8486621
car 227.75415 240.36134 77.14317 88.769585 0.87954473
car 164.60428 188.4148 90.18894 111.36904 0.9775992
car 142.86288 168.69643 102.80309 136.98526 0.97838765
--
truck 107.422745 145.95663 96.3127 146.61002 0.53284734
truck 237.1597 293.88956 86.98255 137.76936 0.9034202
car 239.0203 250.703 76.43383 86.2068 0.31881708
car 198.04 211.2779 75.12852 84.761894 0.39698082
car 98.58434 118.80512 86.31717 97.1525 0.5028393
car 246.21783 259.49973 75.57913 86.260216 0.57848144
car 353.0821 471.1176 101.43273 162.8036 0.62980735
car 228.00645 241.3335 77.08188 88.41757 0.85889983
car 56.278446 74.80842 90.88099 106.063324 0.86296487
car 143.45804 168.97725 102.739075 136.47482 0.97016877
car 165.32663 189.08694 90.30735 111.699684 0.98274314
--
truck 108.201996 146.6841 96.0516 146.31654 0.47598186
truck 237.29794 293.63153 86.01085 137.61269 0.90150917
car 239.0512 250.82173 76.48422 86.27926 0.33166504
car 198.11931 211.3691 75.05736 84.669556 0.4015546
car 98.29451 118.29548 86.72079 97.53556 0.42980915
car 246.20355 259.60675 75.7524 86.32978 0.56318665
car 352.64398 471.66763 102.1983 162.88008 0.59108734
car 56.998127 74.15275 90.77219 105.940765 0.7242031
car 227.91756 241.02185 77.06613 88.5695 0.8511932
car 145.9914 171.03395 102.71512 134.83788 0.9688149
car 165.85033 190.06952 89.64789 111.35177 0.9845089
--
truck 237.07507 293.60013 86.3648 137.50592 0.89911026
car 238.67142 250.66028 76.49744 86.26985 0.32320082
car 198.0326 211.37035 75.070526 84.52074 0.3240766
car 97.30142 118.46596 86.517685 97.634445 0.45704645
car 245.99455 259.74326 75.73824 86.26146 0.5509602
car 353.47495 470.1661 102.76775 163.25137 0.6556233
car 53.407093 72.651306 92.17942 106.11099 0.77367675
car 228.01787 241.16798 77.108345 88.51962 0.8361044
car 146.80634 171.9559 103.18344 134.3014 0.97806203
car 166.2039 190.66777 89.517876 111.333275 0.98300236
--
truck 111.43995 151.65228 94.045685 147.3477 0.55818975
truck 236.65118 293.67737 86.49957 137.6662 0.908312
car 239.10532 250.84047 76.631004 86.14601 0.32189858
car 97.98956 116.61162 86.799324 97.78257 0.38550496
car 198.11928 211.44847 74.688416 84.7244 0.39001092
car 246.22902 259.77277 75.959274 86.28107 0.506227
car 352.7964 471.52374 102.69285 162.80977 0.65446013
car 52.97812 72.68648 92.104164 106.332146 0.8272569
car 227.8232 241.87329 77.00467 88.425896 0.8517573
car 148.7653 172.59442 103.29571 133.26129 0.9734086
car 166.3239 191.27101 89.25996 110.88343 0.973883
--
truck 114.86146 152.87897 94.101654 146.09879 0.5574065
truck 236.97675 293.47272 85.70022 137.21921 0.9169194
car 239.26831 250.99268 76.52692 86.18524 0.31439075
car 97.12891 114.10666 86.370636 97.76863 0.3188929
car 197.99686 211.448 74.63146 84.78297 0.38757738
car 246.05504 259.5638 75.8908 86.384254 0.49270397
car 352.1894 471.20386 102.14637 163.19563 0.6843894
car 53.22652 71.64869 91.78673 106.51113 0.8110595
car 227.88104 241.97891 76.95848 88.45874 0.84213156
car 149.8762 173.15698 103.8887 133.08876 0.9723239
car 167.99594 191.91501 89.51786 109.74226 0.9736455
--
truck 113.16405 165.80138 96.51498 142.8766 0.5424179
truck 237.18901 293.39838 85.75954 136.50993 0.9160311
car 198.15987 211.33044 74.81445 84.58772 0.3244485
car 239.1823 250.73126 76.71813 86.18426 0.3526149
car 246.18279 259.45187 76.02298 86.27534 0.5197285
car 352.39487 471.29468 102.435394 163.20757 0.6800967
car 52.4431 71.45317 92.41328 106.83174 0.8406818
car 228.1269 241.77835 77.11635 88.418724 0.8562033
car 151.01605 173.28293 104.406265 132.55646 0.95631117
car 168.64343 192.58092 89.24793 109.81704 0.9795292
--
truck 118.393364 157.07666 95.240326 144.24785 0.5003554
truck 237.24384 293.50555 86.00077 136.27856 0.91652167
car 239.23523 250.93768 76.67891 86.10023 0.3309557
car 197.99713 211.29395 74.65241 84.61315 0.35691014
car 245.97865 259.37802 76.01108 86.14616 0.46394023
car 352.28656 471.4623 102.124146 162.80342 0.71647054
car 52.083874 69.98724 92.47766 106.94297 0.8161061
car 227.95702 241.74422 77.05808 88.48883 0.85258573
car 151.6579 174.07712 103.36275 131.99237 0.9723759
car 169.27034 193.1902 89.17852 109.37027 0.98142856
--
truck 120.110695 159.34393 94.21285 143.13058 0.73631924
truck 237.1836 293.882 85.59823 136.46306 0.90209925
car 198.07048 211.18597 74.67482 84.66628 0.3026289
car 246.37256 259.1254 76.26063 85.9243 0.43581915
car 239.19604 251.27357 76.78991 86.076996 0.44563058
car 351.96585 471.47845 101.82811 162.1723 0.71470577
car 228.13895 241.12944 77.11355 88.42221 0.83732694
car 52.4606 68.40814 92.4261 106.81413 0.85831517
car 152.58112 175.0133 102.76119 131.87363 0.96079195
car 171.0866 194.10713 88.91849 109.3001 0.9871329
--
truck 119.2887 167.5011 94.58675 141.04301 0.74051803
truck 236.983 294.06024 85.76563 136.53052 0.8885157
car 198.45464 211.06503 74.90133 84.50071 0.30185542
car 91.19818 107.66769 87.339294 98.61931 0.3510152
car 239.48132 251.12769 76.55945 85.88444 0.4135642
car 246.68718 259.16925 76.11246 85.94539 0.45030934
car 351.48212 476.7909 94.99197 164.39934 0.7018333
car 52.310543 67.41385 92.4891 106.62289 0.82554877
car 228.16028 241.1021 76.92471 88.50482 0.8419957
car 153.9917 176.16803 101.317055 132.31322 0.9246725
car 171.97597 194.28441 88.899864 108.994415 0.985275
--
truck 121.29281 161.38034 94.21865 141.82059 0.7434757
truck 237.04176 293.69922 85.398254 136.95204 0.9029775
car 239.82733 251.05313 76.53215 85.912415 0.49544492
car 246.90955 258.8986 76.05461 85.97654 0.5002104
car 52.296497 66.667534 92.25123 106.40413 0.74624014
car 352.0173 476.99365 94.84059 163.69707 0.7469371
car 154.32062 176.37901 101.04245 132.10947 0.83599037
car 228.17488 241.06096 76.9791 88.40779 0.8887923
car 172.24869 194.3588 88.989815 108.990685 0.98199344
--
truck 123.01575 163.96814 94.10303 140.49994 0.7140952
truck 237.0999 293.9298 85.65859 136.78249 0.8733562
car 42.155205 56.831604 95.30872 108.012054 0.30888996
car 246.80571 258.80103 76.02052 85.84088 0.45922962
car 239.6644 250.99142 76.519516 85.74965 0.46356526
car 52.359722 65.955444 92.45746 106.40916 0.7232535
car 156.58163 177.09071 98.221924 130.16716 0.7274745
car 351.8105 476.61816 95.224495 163.68333 0.77086574
car 228.25294 241.11884 76.97521 88.2891 0.88282
car 172.0093 194.66771 88.470535 108.15027 0.96572685
--
truck 124.58063 165.0473 95.97502 141.57747 0.6816297
truck 236.92896 293.47382 85.72484 136.67677 0.92109376
car 240.05255 250.80423 76.610954 85.65102 0.48559126
car 246.72552 258.692 76.10626 85.952866 0.5175807
car 52.23803 65.77627 92.5287 106.54895 0.68263483
car 351.2599 476.93478 95.21089 164.2174 0.76960236
car 157.12962 177.37117 99.39666 129.12357 0.8737717
car 228.41539 241.1588 76.93249 88.16988 0.8854161
car 174.41837 197.43471 88.886604 107.00115 0.9599937
--
truck 125.86845 163.73758 99.84093 138.95816 0.49287924
truck 237.08926 293.3494 85.44814 136.49953 0.9119009
car 247.1261 258.5948 76.16147 86.19172 0.49442643
car 240.00444 250.75627 76.579666 85.784996 0.528224
car 52.23873 65.12332 92.83459 105.51075 0.53957474
car 351.43576 476.695 96.40841 164.68106 0.84190637
car 228.46063 240.90752 76.81428 88.24804 0.8899225
car 157.21759 178.10686 99.3762 128.71078 0.9510252
car 174.36316 197.90869 89.07274 106.40018 0.9672463
--
truck 127.55685 163.27257 99.96065 138.44247 0.5976229
truck 237.2276 293.25638 85.497925 136.37132 0.92290246
car 246.30246 258.62735 76.126335 85.892334 0.4632287
car 239.71045 251.17339 76.63501 85.648575 0.4722287
car 52.706913 64.860535 92.99592 105.343155 0.49052772
car 351.1316 477.62457 95.186584 164.8148 0.76036984
car 228.23544 241.11774 77.07187 88.33909 0.8914445
car 158.53679 179.50851 99.94373 128.34029 0.96379954
car 174.60136 198.29227 89.10313 106.502045 0.97364736
--
truck 128.35454 163.67352 99.03528 138.22649 0.66575634
truck 237.13895 293.32938 85.63471 136.8979 0.9290136
car 53.363937 64.12762 93.1966 105.2055 0.32349393
car 239.65198 251.33472 76.4924 85.690414 0.45983872
car 245.98212 258.6922 76.00103 85.85505 0.46595165
car 350.7305 477.88922 95.32894 164.8317 0.7933591
car 228.1089 241.19153 77.0069 88.33065 0.8920098
car 175.05724 198.5717 88.98783 106.636314 0.97651947
car 159.2348 181.24359 99.74674 128.40604 0.9778245
--
truck 128.92351 163.83806 97.016174 138.50166 0.4459994
truck 236.42273 294.0279 85.445786 136.32196 0.92780626
car 36.681602 48.72081 96.37281 108.36664 0.35129786
car 239.30841 252.20996 76.29899 85.75359 0.35286784
car 86.47491 103.15261 88.361336 99.52989 0.3561852
car 244.67935 259.0988 75.55969 85.46278 0.5204863
car 350.58038 478.26666 95.92026 164.52408 0.79948616
car 228.13103 241.34062 76.95645 88.42306 0.8493484
car 175.21283 199.0604 89.08861 106.54329 0.9689027
car 160.61334 181.7092 99.63858 128.00148 0.97258097
--
truck 236.34607 294.3149 85.28655 136.97235 0.92005086
car 35.933563 48.57332 96.06589 108.15304 0.3111802
car 238.96846 252.22742 76.21319 85.68555 0.33567783
car 244.56128 259.2631 75.59616 85.39005 0.49002594
car 81.70581 99.49237 89.49719 101.251816 0.5287694
car 130.39694 169.44873 97.51914 137.2163 0.59487075
car 350.7206 477.72714 96.06646 164.11021 0.8142352
car 228.12965 241.54315 76.97298 88.38122 0.82862663
car 175.75044 199.3596 88.82676 106.392525 0.95241785
car 161.57011 182.30452 99.0226 128.15814 0.9582406
--
truck 236.30975 294.37534 85.129074 136.83865 0.9110997
car 35.684216 48.41632 95.935074 108.32229 0.33358246
car 238.9519 252.03905 76.137955 85.613846 0.37052816
car 81.06113 100.3707 89.76146 100.97252 0.4057168
car 245.3108 259.3951 75.63566 85.45991 0.4997898
car 131.00645 168.79768 97.8675 136.70605 0.76257205
car 350.17435 477.81174 95.49227 164.28735 0.84306085
car 228.16663 241.45898 76.87203 88.35439 0.8529672
car 176.79588 199.92566 88.48267 106.54377 0.96009433
car 162.59074 182.89249 98.6985 127.699814 0.9648352
--
truck 236.46257 294.29782 85.018036 137.0928 0.9173264
car 239.18889 252.12407 76.179726 85.63069 0.38754207
car 35.45338 49.340366 96.235634 108.8831 0.3897245
car 245.13542 259.0634 75.58173 85.356964 0.52457106
car 81.29166 99.956535 89.71158 101.30792 0.72060335
car 133.04239 172.44678 94.802 133.51466 0.736358
car 350.1551 477.6233 95.80376 163.61005 0.83009815
car 228.16995 241.14961 76.84136 88.25232 0.86034554
car 163.73363 183.36159 98.961494 127.288 0.92146605
car 177.66307 200.43701 88.616486 106.40179 0.9367676
--
truck 236.3432 294.51053 85.09129 137.4857 0.92171717
car 35.449776 49.278095 96.420654 108.81784 0.35055095
car 239.2382 252.07463 76.20483 85.586174 0.38748515
car 245.09523 259.07446 75.6025 85.347374 0.52804875
car 81.08362 100.06286 89.68754 100.89127 0.7071548
car 134.20683 172.24608 94.68391 133.65987 0.79641354
car 350.8691 477.2093 96.4638 163.9427 0.84863114
car 228.22675 241.1484 76.81761 88.17187 0.85651803
car 177.73259 200.70404 88.65384 106.30311 0.93863773
car 163.96518 184.46625 99.33102 126.78285 0.9549853
--
truck 134.92052 172.1038 93.68435 133.22972 0.49118096
truck 237.4985 293.9231 86.061455 137.96033 0.9022029
car 39.963802 57.161606 95.26593 108.44879 0.30960605
car 238.9043 250.8216 76.168686 85.96461 0.4010159
car 245.17897 258.71463 75.47343 85.500725 0.48467994
car 35.073788 50.28327 96.24354 109.96278 0.61925143
car 81.006836 99.99088 89.715775 100.72549 0.63204676
car 228.61263 241.53108 77.130066 88.52392 0.8291327
car 350.523 476.67633 97.2469 163.85417 0.8631921
car 164.33679 184.76427 99.04457 126.8423 0.92752326
car 179.5102 201.21585 88.46035 106.62962 0.9694801
--
truck 237.66782 294.09982 84.83914 137.59094 0.913261
car 135.69463 170.3169 103.548935 135.67497 0.31144238
car 239.0857 250.6141 75.82259 85.51327 0.41158032
car 80.824165 99.23881 89.3799 99.66372 0.4858963
car 245.49258 258.5905 75.51079 85.153015 0.49507993
car 34.439964 49.726097 96.006386 109.905334 0.5564548
car 351.11963 476.90802 96.68814 163.9195 0.8232735
car 164.12302 185.27948 98.83719 127.215096 0.87028044
car 228.77623 241.40018 76.673874 88.19046 0.8815818
car 180.84018 202.41753 86.434784 106.00154 0.9695527
--
truck 237.73055 294.03085 85.37801 136.7034 0.8912191
car 136.48878 170.92497 104.13544 135.15884 0.36404958
car 239.24693 250.52568 75.85015 85.3743 0.4277188
car 245.66832 258.48657 75.54573 85.04443 0.5266597
car 80.92499 98.65763 89.38468 99.681335 0.60537124
car 33.864155 49.694324 96.12622 110.47125 0.67476565
car 351.17923 476.23294 96.52646 163.93187 0.7836574
car 228.76186 241.35281 76.63256 88.13942 0.8859762
car 165.56673 186.40564 100.020645 127.77366 0.9221513
car 181.23515 202.7703 86.25363 106.11778 0.976885
--
truck 237.86855 294.17154 85.98997 136.61652 0.8799312
car 80.735825 97.698425 89.58039 99.58502 0.38909212
car 239.29437 250.83984 75.91834 85.337074 0.41961798
car 33.118183 49.80998 95.89628 109.87917 0.45185134
car 138.05789 170.19807 105.82379 134.42908 0.5215346
car 245.20174 258.6177 75.588165 85.0307 0.54556346
car 350.64822 476.40405 96.38639 164.28566 0.71756047
car 228.78662 241.22354 76.58442 88.04766 0.8800867
car 166.08823 186.65678 100.51598 126.44952 0.9713141
car 181.76274 202.58133 86.14517 105.65824 0.9746939
--
truck 238.15086 293.98355 85.645294 136.41411 0.8837153
car 239.31668 250.72403 75.98629 85.3559 0.42889738
car 32.699886 49.933846 95.607254 109.805626 0.49201593
car 245.48593 258.54947 75.6375 85.08602 0.53091913
car 138.44641 170.56314 105.50657 134.30621 0.5443646
car 80.326195 96.78548 89.66273 100.71193 0.63741595
car 0.2213332 10.747398 179.41539 225.79095 0.65957695
car 351.34793 476.12686 97.074104 164.14995 0.79557616
car 228.87607 241.19482 76.5816 87.98886 0.88333166
car 166.73633 186.66298 100.9314 126.18422 0.96089274
car 181.98979 203.02608 86.25888 105.54352 0.9704124
--
truck 237.92935 294.0401 86.17766 136.67134 0.89003545
car 239.46289 251.14099 75.97835 85.35861 0.43194082
car 31.447649 49.961056 95.24061 110.108116 0.4624617
car 245.63206 258.50467 75.74069 85.22195 0.51577336
car 138.8587 171.88716 103.63392 133.99135 0.5189231
car 80.14424 95.51766 89.77335 100.93493 0.60995865
car -0.13649493 13.653996 168.03299 223.40572 0.723995
car 351.3919 478.1833 97.495445 163.70563 0.7730376
car 228.86697 241.2356 76.67648 87.88891 0.8695457
car 167.74417 187.31352 100.348274 125.86194 0.95576566
car 182.37234 203.33858 86.351494 105.49825 0.9692271
--
truck 238.00752 293.79233 86.106476 136.52827 0.89177835
car 139.67995 171.87784 106.65361 133.20848 0.35866836
car 239.27942 251.3447 75.868576 85.45971 0.4452237
car 245.5752 258.2544 75.66422 85.45263 0.46080792
car 30.920637 49.932358 94.82849 109.725395 0.47160804
car 79.87404 94.05121 89.70766 100.88093 0.634542
car 352.3645 472.7409 104.69265 162.60623 0.8073987
car 228.74504 241.32545 76.56344 87.994934 0.8678277
car -1.8762392 21.674297 160.18515 224.38904 0.8755824
car 168.79552 187.95636 99.867325 125.32311 0.94916654
car 182.36061 203.5262 86.28636 105.28196 0.964653
--
truck 141.4253 179.97298 93.94182 130.94289 0.54143125
truck 238.00595 294.3812 87.304115 136.63557 0.84001344
car 246.41158 258.2636 75.98792 85.36986 0.51734835
car 79.38768 93.36041 89.752884 100.75992 0.52319694
car 239.10689 250.8252 75.92672 85.41272 0.5393468
car 30.26468 50.623405 95.29976 110.71345 0.6371051
car 350.96964 478.33917 96.12044 164.67274 0.64967066
car 228.63069 241.59502 77.17904 88.30794 0.8856843
car 169.78897 188.82167 99.98563 125.201096 0.8878083
car -1.6260535 25.279198 159.30043 224.14465 0.9323565
car 182.49126 203.42229 86.32891 105.35133 0.96766126
--
truck 238.4857 293.67035 86.30235 136.5327 0.87293345
car 77.982025 93.14563 89.953705 100.2686 0.39889994
car 143.46317 179.57281 92.67849 130.62134 0.4908931
car 246.1148 258.27084 75.94052 85.42138 0.5037198
car 29.205687 50.1345 95.77012 110.04059 0.53523326
car 239.18301 250.97694 75.79485 85.513916 0.54082733
car 351.96478 478.5707 95.56363 164.96577 0.7407475
car 170.54684 189.80974 99.666435 124.13938 0.8593982
car 228.5059 241.12074 76.79628 88.323685 0.86358124
car -0.16401887 29.37778 149.05373 227.26573 0.9285377
car 182.85333 203.27899 86.210335 104.73537 0.94375986
--
truck 238.48105 293.73627 86.77961 137.9821 0.88593656
car 143.77133 179.62308 92.557076 130.61095 0.4872801
car 246.4168 258.0723 76.03265 85.79261 0.49396625
car 78.171524 92.79686 89.84168 100.87535 0.50295764
car 239.39172 250.86397 76.11408 85.65439 0.5194608
car 28.532785 50.843056 96.28172 110.67381 0.61332047
car 352.37405 478.7498 96.39833 164.5119 0.74723196
car 228.68915 241.14575 77.03393 88.32653 0.86948097
car 171.03429 190.16339 99.99166 123.52789 0.8740034
car -0.87745607 33.923607 148.71428 221.5133 0.91598916
car 183.9102 205.8917 86.45191 104.450905 0.9535525
--
truck 238.2783 293.52695 86.53513 137.97029 0.87840825
car 77.37408 92.7806 90.04543 100.92842 0.37723625
car 246.59177 258.06058 76.120384 85.76631 0.4949701
car 239.46179 250.8764 76.19121 85.53063 0.51968217
car 28.407358 50.58595 96.17702 110.3237 0.5528094
car 144.0456 179.42444 92.18582 130.70401 0.6394433
car 352.68884 478.51987 96.37439 164.50087 0.74618775
car 228.73328 241.23027 77.04248 88.247406 0.8709574
car 171.77417 190.6358 99.47487 123.09179 0.92932683
car 1.3347191 38.26235 140.93155 225.42435 0.96838754
car 183.96872 206.31125 86.1573 104.19351 0.9691291
--
truck 237.85197 293.5708 87.129776 138.27809 0.8693687
car 28.249273 49.683014 96.336266 110.44632 0.38241792
car 239.01892 251.19487 76.03995 85.91209 0.51719993
car 246.67844 258.3514 76.07514 85.93752 0.5758172
car 144.715 179.24997 91.609184 130.28679 0.6132673
car 351.76163 478.00735 96.76741 164.54118 0.8267464
car 173.26984 191.51569 99.44843 122.63465 0.8575152
car 228.21736 242.47441 77.08403 88.71432 0.9327223
car 184.34624 206.39848 86.140274 104.141205 0.95676744
car 0.32060623 43.562027 139.4954 232.27795 0.98254037
--
truck 237.96098 293.5659 86.23311 138.23578 0.89735407
car 239.13055 251.13007 75.9003 85.82875 0.52092975
car 28.659725 49.730103 95.49151 110.2486 0.53579307
car 145.30238 180.37868 92.89025 129.51453 0.5979287
car 246.62407 258.38956 75.91086 85.92854 0.60463196
car 352.50467 478.27225 96.371864 164.6673 0.81093436
car 173.54842 192.19774 99.75602 122.19137 0.8411873
car 228.2941 242.36295 76.998245 88.68797 0.93514574
car -1.4135832 47.194168 140.81099 227.59457 0.96019375
car 184.66452 206.76244 86.1344 104.29443 0.9727671
--
truck 146.1555 179.72017 91.1191 129.14688 0.5493234
truck 237.90099 293.25565 85.7845 137.94646 0.9033195
car 27.867188 49.185284 95.93399 110.005135 0.32744232
car 239.3557 251.20023 75.64921 85.683304 0.49634868
car 246.39209 258.2761 75.80051 85.98385 0.59036624
car 352.37405 478.5173 96.285835 164.66527 0.7836104
car 174.20094 192.14409 98.4372 122.05068 0.8534805
car 0.021847486 51.716248 136.46284 220.02719 0.91049325
car 228.2324 242.573 76.87011 88.67549 0.9296799
car 185.35353 206.90468 85.58947 104.010925 0.9595131
--
truck 238.0846 293.3538 85.89409 137.91963 0.89853305
car 68.60841 91.07894 91.4994 103.720955 0.32193902
car 24.659744 44.835464 95.82453 110.07273 0.35079014
car 239.36478 251.14857 75.69919 85.638214 0.51311857
car 146.82658 180.24774 91.15861 129.05598 0.55278933
car 246.44077 258.14697 75.85674 85.88327 0.59060645
car 352.4142 478.07672 96.34033 164.81746 0.79646134
car 174.54857 192.40092 97.81083 121.94818 0.846015
car 228.21361 242.57483 77.04668 88.68174 0.92724437
car 0.09853542 53.82692 138.00064 215.96286 0.95545244
car 185.64636 207.62677 85.658226 104.12208 0.9677733
--
truck 238.15575 293.2062 85.95296 137.791 0.9050163
car 67.25864 90.209335 91.58217 103.88718 0.36242294
car 24.003387 45.264774 95.699234 110.58689 0.4463701
car 246.24286 258.14496 75.17759 85.45942 0.4870744
car 239.36131 251.37589 75.40948 85.28698 0.5076258
car 147.43973 180.60477 91.79824 128.85716 0.6498348
car 174.75603 192.7656 97.40948 121.28152 0.7688123
car 352.1079 477.92212 95.59438 165.01381 0.78393286
car 228.39424 241.82278 76.85223 88.49379 0.9070285
car 186.00168 208.00931 85.14427 103.745026 0.9535369
car -1.3372904 59.850277 136.23672 213.97339 0.9595547
--
truck 238.1702 292.94485 86.39315 137.82458 0.90807647
car 239.46 251.09224 75.6867 85.404976 0.54339784
car 246.43318 258.46002 75.59497 85.47035 0.5494999
car 23.34704 45.830727 96.009766 111.317245 0.5851852
car 66.792885 88.91972 91.94223 103.96782 0.5893653
car 148.18513 180.9856 92.179756 128.68668 0.6718681
car 175.86208 194.9352 98.24543 120.10608 0.80357414
car 351.828 477.5702 95.66077 165.08221 0.8302157
car -1.9836545 64.496956 127.42963 219.51704 0.90730983
car 228.44159 242.00833 76.89863 88.50178 0.9217282
car 186.55205 208.51614 85.410835 103.78523 0.96134585
--
truck 237.92737 293.14047 86.060265 137.90837 0.90887344
car 66.371445 87.90828 91.678986 104.217674 0.45931026
car 246.53235 258.49136 75.511375 85.61383 0.5497895
car 239.31012 251.12146 75.51428 85.50355 0.5571378
car 22.138056 46.56791 96.0697 111.40359 0.6009555
car 176.07344 195.4404 98.23719 119.51599 0.73402274
car 351.49426 477.6442 95.208435 165.1773 0.82581604
car 149.52902 186.98645 91.98687 127.71772 0.8437134
car -2.5076938 66.196556 127.091644 218.14964 0.9056159
car 228.48637 241.98889 76.746826 88.47723 0.9155688
car 186.85431 208.52745 85.24582 104.009995 0.94366664
--
truck 237.85263 293.24734 85.60949 138.10715 0.9078429
car 66.52146 87.95953 91.61826 104.207245 0.4583616
car 246.4288 258.5772 75.258545 85.64218 0.5318763
car 239.26758 251.2123 75.29463 85.57383 0.54863924
car 22.114761 46.552376 96.04821 111.42297 0.6032286
car 176.19043 195.40598 98.10026 119.726524 0.80826193
car 149.49457 186.97023 90.97772 127.95671 0.8286468
car 351.496 477.71045 95.334816 165.12062 0.82956094
car -2.4932635 66.10503 127.228775 218.05882 0.9048553
car 228.46652 241.99754 76.594025 88.50448 0.9077422
car 188.3878 207.16887 85.58123 102.52721 0.95310086
--
truck 237.69957 292.26288 85.686844 137.08472 0.91396886
car 66.557205 87.306946 91.9301 104.27815 0.4004342
car 246.20387 258.1554 75.94981 85.40964 0.4413473
car 22.213022 46.771614 96.6934 111.46855 0.6105253
car 238.91263 250.68819 76.36419 85.98576 0.6123712
car 150.74411 185.09486 90.301544 127.80237 0.7408301
car 351.02185 477.18222 96.35422 164.82742 0.79240954
car -2.5625038 68.935844 134.53583 209.27504 0.82056886
car 228.62589 242.46986 77.464134 88.7466 0.93077785
car 176.30902 195.5089 97.03268 119.56274 0.9373347
car 189.19333 207.41678 85.475525 102.385925 0.9792932
--
truck 237.45557 292.15784 85.237526 136.73047 0.8947047
car 245.95972 258.1622 76.02746 85.3698 0.437975
car 63.042297 78.69131 93.10148 104.553505 0.5437956
car 238.84824 250.78625 76.388885 85.91933 0.604168
car 151.35506 183.92245 88.46759 128.1126 0.71138626
car 22.314112 46.16746 96.58429 111.766426 0.7334852
car 350.99493 476.44043 95.5136 165.15239 0.8344243
car -1.898371 71.9937 131.07445 209.09326 0.9189044
car 228.55147 242.35486 77.4959 88.68313 0.9262742
car 176.6161 195.98595 96.944016 119.48448 0.93511623
car 189.66718 208.03271 85.674034 102.24788 0.97971547
--
truck 237.96088 292.09344 85.328636 137.00047 0.89216346
car 245.75174 258.10266 75.991104 85.40825 0.4183528
car 62.774033 78.57741 92.95302 104.6064 0.56093216
car 238.86069 250.75578 76.41314 85.966576 0.63646
car 22.532028 45.215057 96.82871 111.54623 0.69908994
car 350.66 477.63947 95.778145 165.32602 0.7821891
car 151.50047 184.33037 89.74914 128.01634 0.8211789
car 228.44443 241.97414 77.575066 88.58219 0.91984296
car 177.3357 196.81023 96.900475 119.79107 0.939087
car -2.441901 78.06772 126.68831 208.67253 0.96986943
car 190.22499 208.68156 85.47162 102.207825 0.97557074
--
truck 238.08508 292.2189 85.136734 137.02841 0.90556633
car 245.63719 258.01053 76.10264 85.45836 0.3894842
car 238.80374 250.88025 76.467865 86.09472 0.62170625
car 62.25219 78.151955 92.68342 104.548355 0.64955956
car 351.1786 477.52463 95.91927 165.35394 0.680267
car 22.239605 44.089428 96.35256 111.38735 0.78118414
car 152.40579 184.20932 89.46564 127.77449 0.87417156
car 228.55704 242.01108 77.51456 88.54268 0.91403675
car 178.09511 196.76988 96.54275 119.638885 0.914046
car -1.5439045 78.57585 127.19713 205.56714 0.9753061
car 190.58504 209.54652 85.00669 103.04266 0.97777724
--
truck 238.06956 292.25385 85.30867 137.24745 0.891757
car 245.69366 257.96774 75.99656 85.372925 0.38794017
car 238.81776 250.72197 76.43849 86.097885 0.6262955
car 22.16578 44.226692 96.65518 110.87671 0.693962
car 350.76697 476.8619 95.7879 166.35275 0.7099668
car 62.117813 77.90468 92.656975 104.82957 0.7284749
car 152.60791 184.33084 88.852066 127.84096 0.8097112
car 178.42863 197.2011 96.72316 119.58534 0.89431
car 228.63156 241.74487 77.42246 88.55407 0.9204332
car 190.9154 209.64029 84.76037 102.90875 0.9764828
car -0.376364 80.90827 126.45161 203.11197 0.977856
--
truck 237.49591 292.4746 85.58089 137.25728 0.88392305
car 181.24625 195.43106 93.92417 109.25655 0.30718654
car 245.8906 257.80722 76.04546 85.67929 0.3665568
car 21.833872 43.815304 96.97087 110.31526 0.40591905
car 238.87549 250.62024 76.48736 86.29286 0.6380605
car 350.76807 476.7176 95.63828 166.3785 0.68586665
car 61.011234 76.6825 92.3956 104.960464 0.68707544
car 179.20197 197.75513 96.532936 119.74443 0.8578254
car 153.29942 186.50319 90.21352 128.06772 0.8774433
car 2.7406883 84.87867 122.30912 197.32419 0.9154535
car 228.6659 241.75098 77.36819 88.62261 0.9257932
car 191.57657 209.97112 84.952354 102.47018 0.9781572
--
truck 237.83606 292.7097 86.01463 137.46468 0.8767164
car 245.64136 257.87817 75.98622 85.57068 0.3497384
car 21.51231 42.774616 96.94349 110.62516 0.44395986
car 238.73824 250.73032 76.40877 86.14235 0.6016655
car 351.80536 476.92776 95.76285 166.47218 0.674746
car 61.009212 76.61993 92.54385 104.94347 0.7016406
car 154.22054 186.8941 90.11931 127.32837 0.8957216
car 4.1614046 87.70988 122.614815 196.98787 0.9072101
car 228.71777 241.80899 77.42224 88.63597 0.91972446
car 180.09178 198.4069 95.787285 119.69053 0.9257734
car 191.9213 210.41449 85.26479 100.955315 0.97511303
--
truck 237.34578 292.74463 85.91596 137.34077 0.88446105
car 182.78091 196.1003 93.63922 108.92086 0.34621274
car 244.97989 258.18427 75.599945 85.467384 0.44581658
car 21.96626 42.309372 97.181564 110.082275 0.4782066
car 238.80142 250.80397 76.22958 85.98487 0.5831813
car 355.70868 469.6941 102.4383 161.97192 0.6709321
car 60.942047 76.30889 92.36299 105.02935 0.76006174
car 154.84601 187.88345 88.87051 127.221596 0.7885563
car 181.56 198.85231 96.17408 119.469215 0.8224111
car 8.618756 90.97621 122.614105 193.98032 0.8361656
car 228.59317 241.83572 77.31008 88.67388 0.9258177
car 191.68951 210.63687 85.585106 101.0705 0.956579
--
truck 237.16466 293.06354 84.92326 137.92734 0.8917378
car 183.13522 196.25015 93.27929 109.13638 0.34356922
car 245.09076 258.05078 75.68094 85.164825 0.40715313
car 21.188314 41.899437 96.86489 109.92448 0.45103055
car 238.75908 250.83215 76.13096 85.82558 0.5759818
car 351.07224 477.61826 96.338486 165.75385 0.70773524
car 155.41293 187.98184 88.240074 126.80225 0.72149634
car 12.033423 94.82174 121.82401 194.00032 0.7307784
car 59.74103 76.95863 92.038765 105.15147 0.74675256
car 182.36168 199.47491 95.85471 119.33842 0.7483655
car 228.64328 241.86688 77.23393 88.58306 0.931613
car 192.41537 210.7079 85.30285 100.61891 0.95527506
--
truck 237.55067 292.73505 85.46798 138.14223 0.9126517
car 183.31744 199.7103 96.19467 118.99435 0.3322294
car 21.782986 41.605854 96.68526 108.96694 0.34083533
car 245.33638 257.872 75.7868 85.344444 0.36087683
car 183.74086 197.2436 93.34922 108.8575 0.37152547
car 238.61105 250.87827 76.228874 85.99528 0.61718607
car 58.733013 76.977325 92.30425 105.08571 0.66134846
car 350.80713 477.16153 96.160484 166.13501 0.68786365
car 156.56717 189.84286 86.98007 127.3786 0.726126
car 17.254135 97.355865 120.90966 192.55771 0.77948105
car 192.45436 211.1575 85.524635 99.92471 0.916981
car 228.57718 241.80885 77.40191 88.71882 0.92401093
--
truck 237.74709 292.75208 85.074974 138.0068 0.90323013
car 245.3663 257.73776 75.67902 85.01489 0.36824808
car 21.563278 40.713566 97.23232 109.20263 0.45464635
car 238.86417 250.75888 76.145546 85.730194 0.5462367
car 183.99608 200.47362 96.191216 118.60118 0.56107986
car 354.12024 471.19904 102.36597 162.177 0.65413535
car 58.11785 77.24934 92.41106 105.12997 0.7087783
car 22.637583 97.7332 120.448586 188.59009 0.7610166
car 156.62764 189.70364 88.90466 126.455734 0.8175601
car 228.48607 241.8563 77.368774 88.53027 0.9323567
car 192.56508 211.40529 85.21918 100.04113 0.9364653
--
truck 237.77254 292.9165 85.447655 138.0646 0.91065776
car 22.031147 41.396618 96.59672 107.71242 0.32923776
car 184.41672 200.05788 97.37013 119.2252 0.34261653
car 184.4516 198.65758 93.33022 109.370346 0.40393284
car 245.41008 258.1774 75.63973 85.07898 0.43243638
car 238.77744 250.83876 75.95086 85.659256 0.55549854
car 354.68088 471.1393 102.5884 162.25168 0.5921499
car 57.864475 77.13428 92.75944 105.04181 0.6799944
car 157.599 189.81133 88.72504 126.40233 0.74760836
car 24.845016 101.08667 120.63554 185.53162 0.8214329
car 192.29587 211.46175 85.72455 99.32882 0.87211823
car 228.34851 241.91273 77.30593 88.613525 0.9326519
--
truck 237.23079 293.1607 87.58997 138.64331 0.90131617
car 245.42502 258.24023 75.4066 84.66049 0.3174219
car 184.62337 199.94919 97.42991 118.98041 0.33930382
car 14.699193 36.723312 100.63907 114.23124 0.45033583
car 238.24207 251.06879 75.5854 85.46759 0.58537394
car 351.41382 477.9231 95.436676 165.68886 0.66598886
car 26.468508 104.60751 120.741066 184.22948 0.6969857
car 57.00572 77.4478 93.09317 104.85761 0.77643466
car 196.89403 211.19771 84.57886 99.588776 0.8535865
car 158.01346 189.9979 91.17858 125.31413 0.88026667
car 228.24368 241.6107 77.105995 88.41077 0.92447853
--
truck 31.384163 108.14946 120.85939 182.30528 0.7468512
truck 237.19698 293.06125 87.579124 138.50787 0.9019218
car 184.62608 199.80647 97.65919 118.42979 0.30035448
car 245.24571 258.3682 75.35493 84.669075 0.31299508
car 238.07744 251.13219 75.626366 85.50058 0.55136245
car 351.38824 478.0316 95.563286 165.51761 0.64923096
car 14.56054 36.40372 100.4775 114.00742 0.6786571
car 57.065964 76.4126 93.02624 104.44327 0.7625378
car 196.78175 211.4966 84.498985 99.31289 0.8554721
car 158.58075 189.69939 94.51694 125.5211 0.8832417
car 228.18805 241.69778 77.12223 88.449715 0.91419804
--
truck 36.32346 113.54961 119.15841 179.71727 0.73133063
truck 237.11945 293.16473 87.49587 138.44295 0.8976135
car 244.84955 258.46906 75.00424 84.505005 0.40561152
car 15.21512 35.0427 100.16537 113.72063 0.55461913
car 238.34825 251.35806 75.376625 85.40663 0.55709296
car 351.06897 478.22598 95.22136 166.2403 0.6473837
car 56.33566 76.31165 92.40836 104.61877 0.7812509
car 160.13531 195.21394 90.59067 124.76607 0.8176331
car 196.95905 211.91177 84.06995 99.52258 0.89040554
car 228.23465 241.6109 76.97445 88.4778 0.91819805
--
truck 39.260227 112.70352 118.63432 178.66692 0.6038545
truck 236.88257 293.22137 87.292694 138.09567 0.9056042
car 245.21504 258.47388 75.10525 84.23745 0.3615866
car 185.41473 204.77232 97.13942 117.22279 0.3891589
car 238.4373 251.00366 75.61044 85.095024 0.5325114
car 15.566544 33.266655 98.76371 111.33057 0.55064553
car 354.3206 471.89444 103.01085 162.94112 0.6106206
car 55.459484 76.23243 91.26322 105.07282 0.8052353
car 160.78487 195.3193 91.22994 124.15951 0.8161624
car 197.17941 211.93608 83.96439 98.84888 0.90077347
car 228.35698 241.49565 77.28917 88.45876 0.92995954
--
truck 42.736332 113.26741 118.87986 177.0142 0.74803275
truck 236.69925 293.1397 87.26728 138.2413 0.8963721
car 238.53436 251.25 75.579346 85.080666 0.48481357
car 15.708845 32.09708 100.89009 113.12363 0.5590511
car 185.73302 204.7424 96.88639 117.426056 0.62049824
car 351.01456 479.2541 96.360374 165.99756 0.6345694
car 161.43248 193.79483 90.042946 124.65143 0.78486633
car 55.74776 75.69559 91.15547 105.60904 0.8169762
car 228.31837 241.68013 77.266075 88.35294 0.91661185
car 197.1331 212.1105 83.87556 98.94284 0.924908
--
truck 46.03591 116.45306 119.356255 174.99739 0.7358153
truck 236.51492 293.3538 87.44713 138.35724 0.8868813
car 238.4444 251.10037 75.64324 85.187904 0.46596915
car 15.426205 31.620962 99.045586 110.490105 0.5443871
car 185.47935 204.82274 97.10094 117.37064 0.5583513
car 354.0255 471.2537 103.16019 163.3482 0.6203544
car 162.46959 195.32307 91.83665 123.355606 0.78224504
car 55.796738 75.421646 91.18191 105.70318 0.79628015
car 228.41414 241.7206 77.28921 88.352844 0.91422397
car 198.24413 212.09857 83.77983 98.70006 0.9301568
--
truck 236.44592 293.4757 88.077255 138.66277 0.8669431
car 15.108061 30.286993 101.92227 113.06307 0.48454294
car 238.50914 251.44955 75.54489 85.287125 0.5099329
car 350.57413 479.14438 96.87897 165.50946 0.6748013
car 186.20044 205.00027 96.94231 117.39185 0.6846187
car 163.58264 192.97783 93.020874 123.261475 0.72342914
car 55.92129 75.286125 91.722984 105.974594 0.73018336
car 48.407322 118.39079 119.76569 173.13855 0.81991464
car 228.50932 241.97989 77.407394 88.603065 0.9019506
car 198.62352 212.31688 83.86381 98.52964 0.93954664
--
truck 236.26286 293.77097 87.57435 138.63376 0.8556129
car 15.280687 29.69177 102.063255 113.14325 0.3980236
car 238.49678 251.18202 75.42202 85.09079 0.46012118
car 187.72305 205.00401 96.88103 117.921585 0.49204504
car 354.72903 470.79282 103.57041 163.6691 0.65291
car 163.03696 196.85994 85.80981 122.05826 0.7112729
car 56.24186 74.91667 91.71725 105.670654 0.7129425
car 51.48163 120.717545 112.75345 168.9343 0.8103991
car 228.28981 241.9534 77.365105 88.482735 0.90513545
car 198.55592 212.32712 83.541214 98.14642 0.95788586
--
truck 236.53139 293.85474 87.94203 138.52948 0.8067628
car 14.794935 29.079119 102.425995 113.02478 0.38300663
car 238.78479 251.18153 75.65599 85.14208 0.4597924
car 188.27936 206.56776 92.88338 115.68826 0.52233255
car 53.267357 72.75155 92.29071 105.56615 0.57153416
car 354.8952 470.77777 103.34235 163.6147 0.70929116
car 164.72432 194.64336 94.09545 122.85661 0.769127
car 54.120865 123.079506 113.390816 167.88983 0.8883052
car 228.28864 241.69432 77.544304 88.59811 0.9177563
car 198.7622 212.5772 83.56945 98.268684 0.95139724
