--
bus 367.98306 481.98788 92.04311 196.35956 0.6219125
car 83.533325 121.644775 48.687325 97.97179 0.82862407
car 141.57771 176.72801 38.892242 68.82666 0.955517
--
car 83.455086 123.10483 49.339775 98.4628 0.8417866
car 134.68523 175.65225 38.73251 68.75888 0.9656709
--
car 83.38576 123.79027 49.050404 98.99057 0.7976792
car 134.52408 176.18498 38.680435 68.964355 0.9754263
--
truck 355.5954 471.2745 86.64827 188.4054 0.62426883
car 85.02723 127.602196 50.03837 101.96829 0.74175406
car 133.10112 173.6848 39.532745 67.69435 0.9427028
--
bus 345.988 464.4047 86.116806 184.66602 0.696259
car 85.34389 127.61014 51.568886 103.48984 0.76712805
car 132.06943 174.21573 38.98578 67.54164 0.96854097
--
bus 346.06818 464.36728 85.88543 184.80334 0.7033864
car 85.062485 127.732254 51.361267 103.04663 0.74620354
car 132.09668 174.12819 38.988174 67.461555 0.9631883
--
bus 348.0896 461.2043 84.52062 182.13509 0.6924351
car 86.16912 129.42638 54.12675 106.98412 0.8588564
car 130.96475 173.04056 39.02723 66.75682 0.96546006
--
bus 347.89392 461.35272 84.57241 181.99127 0.64211947
car 86.02148 129.53366 53.304173 106.659836 0.85511714
car 130.84862 172.91724 38.88049 66.95097 0.9682046
--
bus 348.30594 460.9863 84.81239 182.01451 0.65386724
car 85.71779 129.63844 52.924282 106.63624 0.8673039
car 130.82419 172.93958 38.939934 66.81914 0.9683691
--
bus 341.54453 455.8315 84.14263 176.7309 0.7317011
car 148.88565 171.82959 37.878647 68.44711 0.49599358
car 91.01549 132.29169 58.769356 112.08195 0.61620396
car 125.653366 162.079 39.895336 66.31797 0.9061907
--
truck 343.01932 451.45557 77.406586 167.66548 0.59630436
car 148.20096 171.36278 37.968315 68.474945 0.45208317
car 92.62699 132.41182 63.56071 115.51137 0.7678223
car 125.18316 161.43341 39.483547 66.32793 0.93645364
--
truck 343.42352 451.4462 77.35812 167.73404 0.6041867
car 148.51714 171.38371 37.939175 68.52992 0.40371594
car 91.67808 132.09727 60.01509 112.08522 0.7775523
car 125.09318 161.54295 39.43887 66.393364 0.92699635
--
bus 330.73813 449.37048 81.585655 174.42445 0.80319566
car 147.68768 169.31888 39.28022 68.30425 0.48927763
car 123.378265 161.21649 39.038883 66.82918 0.9248641
car 92.46733 132.89497 65.94494 114.29264 0.9299146
--
bus 330.67218 449.4121 81.51569 174.5591 0.8121852
car 147.69257 169.32768 39.308834 68.28388 0.46982303
car 123.384735 161.51596 38.9431 66.87128 0.92026514
car 92.515144 132.97488 65.864456 114.415955 0.9277064
--
bus 331.20428 449.21033 81.57772 174.35822 0.8195764
car 147.76758 169.41219 39.21939 68.527565 0.4341133
car 123.48324 161.45677 38.69479 66.923386 0.89259404
car 92.43677 133.26044 65.87289 114.560905 0.9226525
--
bus 324.18665 440.492 81.14134 171.80647 0.87782353
car 144.43066 166.1058 38.37534 68.13765 0.31695187
car 95.17532 138.73506 67.31537 121.71591 0.91808367
car 121.07237 164.60254 38.425453 67.1485 0.96669525
--
bus 324.5236 435.0338 80.90885 171.60915 0.5517033
car 92.33156 145.2687 71.33476 123.48815 0.9279183
car 118.96181 165.69545 39.406086 66.56948 0.9620409
--
truck 311.73828 424.0778 76.02327 156.90912 0.5929115
car 93.58047 146.8571 72.56062 126.06061 0.95194405
car 118.22386 166.20796 38.69217 66.47792 0.96788055
--
bus 314.97784 421.2739 76.58208 157.88408 0.60330755
car 93.83312 148.61438 74.403465 128.29613 0.9537886
car 117.52185 165.29582 37.994213 66.05642 0.9785379
--
bus 314.7949 421.45914 76.67421 158.05617 0.6052125
car 94.09573 148.89166 74.3963 128.66904 0.95896983
car 117.573364 165.17326 38.029 65.96627 0.97936165
--
truck 315.88928 419.53546 73.13314 158.9036 0.6877223
car 117.05236 164.2773 38.04144 65.82163 0.9757552
car 97.779175 151.24225 75.26875 130.68797 0.9795189
--
truck 315.43423 418.588 72.48698 157.84843 0.55784416
car 113.12064 159.90117 38.110294 66.0573 0.97716564
car 102.27248 150.1114 82.54568 133.15164 0.98954636
--
bus 318.45163 406.2694 65.932396 159.73164 0.64867616
car 102.75652 150.59747 82.16477 135.23157 0.98330307
car 111.344406 161.49696 38.03622 66.06454 0.9854386
--
bus 312.66553 412.09207 71.571815 154.59578 0.8013594
car 108.857925 162.3334 38.829906 65.904564 0.9853252
car 102.23293 151.84027 83.389145 137.80563 0.987468
--
bus 310.37967 410.52795 70.26333 152.84904 0.71162575
car 103.1549 151.65724 84.85424 139.06361 0.9796898
car 107.24677 161.27673 39.331112 64.480705 0.9877439
--
bus 304.63165 406.45483 70.31042 147.59589 0.75801367
car 104.16919 159.31294 38.994484 64.15293 0.97421396
car 103.69177 152.3416 86.80336 142.42749 0.98615354
--
bus 304.56067 406.5867 70.46468 147.78946 0.74579054
car 104.30032 159.20078 39.003254 64.13377 0.9744889
car 103.724785 152.27002 86.900955 141.95972 0.9869612
--
truck 303.257 405.2477 69.15163 147.1863 0.5524582
car 103.20558 158.50085 38.208454 64.62022 0.9690322
car 105.48068 157.08347 88.76708 147.17555 0.98715556
--
truck 301.47778 403.70114 68.60754 146.59143 0.58101004
car 103.95427 157.85173 38.152912 64.58641 0.97515976
car 105.50751 161.8056 89.65153 150.35408 0.9941161
--
truck 297.5587 401.45834 67.98485 146.42096 0.71130747
car 98.007545 157.40721 38.44139 64.817635 0.974104
car 106.797295 163.05167 90.01976 151.2762 0.991775
--
bus 303.11078 389.95135 59.74331 146.22704 0.75029254
car 452.25705 480.17328 195.6553 261.65988 0.3538812
car 107.70749 164.61858 91.492455 150.0391 0.98118347
car 95.98576 155.94339 36.342724 63.632244 0.98373157
--
bus 303.00662 389.88605 59.864876 146.14566 0.76020294
car 452.40704 480.2148 195.36534 261.80417 0.3055312
car 107.84819 164.50789 91.278145 149.64825 0.9784678
car 96.06787 155.87953 36.518635 63.498363 0.9836018
--
truck 293.11133 390.0494 62.18927 139.5749 0.6945199
car 92.30424 152.94202 36.28902 63.611195 0.9831224
car 109.861465 171.89574 97.72059 165.9594 0.98561454
--
truck 291.16718 388.27985 61.910534 139.76427 0.81441087
car 91.871925 151.23761 36.542168 63.477394 0.977662
car 111.01329 171.17491 99.22062 166.05713 0.98815966
--
truck 290.8524 386.1327 60.044167 137.76096 0.8032537
car 94.91421 148.36836 38.81172 63.99902 0.9729182
car 112.88207 173.89613 101.55849 169.37166 0.97864544
--
truck 289.71106 384.49792 59.533924 137.23808 0.890089
car 437.62357 480.95764 183.27386 264.82996 0.3745913
car 89.317566 146.99356 36.502594 63.45102 0.9638919
car 114.052574 174.69516 102.205154 168.694 0.9901737
--
truck 278.87405 381.11563 61.035877 136.16602 0.8435024
car 433.8976 481.10995 184.98393 261.2421 0.7894847
car 87.927574 146.61652 36.50642 63.399727 0.97761667
car 114.80909 176.23253 103.649376 172.03723 0.99424016
--
truck 278.97 380.98505 61.100426 136.2094 0.836611
car 434.25787 481.03912 184.91502 261.0826 0.78156465
car 87.72504 146.6669 36.558765 63.404995 0.9774925
car 114.9198 176.24153 103.678825 171.8423 0.99392194
--
truck 280.42426 376.25034 59.026726 134.10588 0.7897635
car 430.70288 479.9383 185.06406 258.164 0.6719647
car 117.488464 188.22108 107.79235 186.64783 0.96948934
car 84.12539 143.43262 36.23548 63.57364 0.9838445
--
truck 279.7314 373.8775 58.980423 133.75029 0.7659591
car 429.12665 480.31238 182.63568 258.1311 0.5603054
car 83.085236 141.81133 36.25834 63.55612 0.9803594
car 118.780594 188.88464 110.230804 187.69496 0.9909178
--
truck 279.77118 372.70505 57.617714 134.30331 0.7180834
car 427.92404 481.32437 176.9545 252.60284 0.59270126
car 82.52522 140.86566 36.448902 63.32558 0.9574086
car 121.24005 191.04437 115.61043 190.32117 0.977517
--
truck 420.50787 480.498 175.55234 250.7295 0.64908916
bus 277.8264 364.3404 53.473194 132.95113 0.7116112
car 80.06134 139.02094 35.854862 63.80772 0.9708285
car 122.25936 193.35098 117.917404 192.91379 0.98520404
--
truck 275.8294 371.15393 56.5187 132.55067 0.6663022
truck 418.3302 481.19843 174.79323 245.7344 0.6985729
bus 277.57358 361.74252 52.953735 132.73586 0.68078756
car 78.725655 138.24341 35.73992 63.810795 0.9848086
car 124.68421 194.36629 117.94312 193.21089 0.9948241
--
truck 276.0834 371.01718 56.39648 132.75851 0.67608964
bus 277.65546 361.57098 52.829735 132.70128 0.67236096
car 78.83269 138.30254 35.598446 63.93846 0.9875416
car 124.39764 194.63312 117.8204 193.06537 0.99339694
--
truck 415.86124 480.49518 172.29825 240.95517 0.52773434
bus 273.9761 359.52515 50.44866 132.23637 0.61811507
car 126.28859 200.00003 120.24141 210.34502 0.9777201
car 76.40754 135.9137 38.04843 64.98618 0.9922101
--
truck 273.8213 357.54712 46.812893 126.11961 0.5794254
truck 412.179 480.47888 170.30173 237.57703 0.63335323
bus 273.60944 358.1501 47.860416 131.96478 0.7008223
car 127.306076 200.35352 120.12642 213.56956 0.98329854
car 75.91429 135.00336 38.17763 65.13222 0.9919276
--
truck 268.18655 363.53058 54.39014 129.47108 0.6173679
bus 268.18655 363.53058 54.39014 129.47108 0.493569
car 128.46413 212.06175 121.54723 223.9459 0.9887072
car 74.80053 133.78476 37.982834 65.43124 0.9914552
--
truck 263.36127 357.55585 49.02929 122.143776 0.6750973
bus 267.9911 353.00436 48.46538 129.34036 0.5173221
car 130.53996 209.72467 127.29597 224.73944 0.98387754
car 74.03877 132.67538 38.141335 65.20903 0.9897399
--
truck 261.6744 354.0973 49.38312 121.699356 0.6438102
bus 267.19922 350.5659 48.466896 128.90294 0.6117353
car 133.65808 215.59128 133.10675 236.78177 0.987255
car 71.45033 127.63507 38.050583 65.143265 0.98808324
--
truck 261.8885 354.2165 49.1708 121.775894 0.6477733
bus 267.23303 350.4885 48.48727 128.91115 0.61927706
car 71.383484 127.689545 38.03248 65.146545 0.9879004
car 133.56851 215.64325 133.1121 237.11238 0.988074
--
truck 261.70428 354.44714 49.1145 121.873795 0.64877164
bus 267.24075 350.50034 48.430466 128.97803 0.6149922
car 71.45188 127.59656 38.0334 65.13067 0.9878817
car 133.41388 216.05255 133.21869 237.16301 0.98949766
--
truck 395.98672 479.4491 158.70802 224.90228 0.63491917
bus 262.49414 343.68057 50.744015 126.925766 0.41726208
car 142.44206 219.80026 137.18394 243.73 0.9768443
car 69.607834 122.190186 38.97697 65.28515 0.98898476
--
truck 260.7198 341.20505 45.362705 123.40651 0.7101877
car 392.75003 476.91437 156.67502 223.34422 0.8112257
car 144.91257 231.29335 146.26945 258.1088 0.98382413
car 69.73542 120.22543 39.17589 65.008766 0.9894737
--
truck 260.36707 338.01855 44.518177 123.67009 0.6622708
car 389.44846 477.56235 156.25378 220.04457 0.7263585
car 68.58049 120.621475 39.702435 65.170166 0.98766506
car 143.90842 232.50574 148.89749 258.4444 0.99567896
--
truck 259.064 337.7146 43.755302 122.630005 0.67945594
car 376.90308 470.26895 157.85329 213.89832 0.66080457
car 61.875206 120.045845 38.08832 65.77628 0.9844747
car 148.16959 235.35228 150.17828 258.07895 0.9939873
--
truck 251.40681 336.93738 42.178825 118.155685 0.5770328
car 371.4543 472.6908 154.58388 210.32349 0.808601
car 157.67424 241.19087 164.6885 276.8104 0.99447066
car 61.59638 116.14168 39.31681 65.97691 0.9949682
--
truck 251.62775 336.7166 41.95129 118.20285 0.58558375
car 372.19324 471.27255 150.61867 207.35396 0.812148
car 157.05199 241.10338 164.78062 277.723 0.9951272
car 61.50685 116.019165 39.202633 66.04116 0.9952182
--
truck 253.2895 334.40265 41.476524 117.99046 0.6063754
car 369.95572 468.97098 149.7405 208.5304 0.78047085
car 153.7959 257.942 170.44904 266.93704 0.99507356
car 59.533966 114.54912 39.459534 66.17216 0.99596536
--
truck 253.65457 331.99625 40.616596 116.36018 0.6456195
car 369.23224 464.3649 150.81248 211.30048 0.83905125
car 59.52249 112.844124 39.611847 66.10862 0.9955168
car 156.02354 262.7056 176.15543 276.4344 0.99645066
--
truck 253.57776 328.61237 39.991764 114.89352 0.6142588
car 365.3725 457.68695 147.19536 209.22267 0.8701401
car 161.85353 270.86768 183.7711 299.7753 0.99172306
car 58.74093 112.00867 39.787373 66.149536 0.9948319
--
truck 250.56532 325.21497 39.846394 114.415535 0.5926378
car 359.55853 451.50903 147.18053 206.51894 0.8790387
car 58.784683 111.39208 40.195312 66.154816 0.9907212
car 164.4312 273.2832 186.31667 302.92694 0.99336725
--
truck 250.68088 325.34024 39.836136 114.485756 0.60865057
car 359.35205 451.74106 147.32027 206.40327 0.8714414
car 58.661148 111.508995 40.200447 66.148674 0.99044096
car 164.41129 273.48938 187.06088 302.36316 0.993453
--
bus 246.68301 321.52982 39.920944 111.914604 0.60031664
car 354.19672 451.80725 142.4029 204.45694 0.9138377
car 174.49396 285.83887 193.52692 315.50052 0.9803319
car 52.763935 107.0068 40.06355 66.31367 0.9957042
--
truck 245.41368 318.88727 39.331455 111.04165 0.65134037
car 351.8113 444.579 139.65137 201.80907 0.7934174
car 177.12344 291.1801 196.26564 326.49246 0.9775259
car 52.114883 105.40982 39.772682 66.66285 0.9940467
--
truck 236.93544 315.1447 40.930367 105.76933 0.71485037
car 345.25806 441.85004 140.43501 199.25116 0.6456053
car 183.01547 302.3908 207.16089 344.28445 0.99293387
car 51.092064 104.33458 39.784504 66.66132 0.9944956
--
truck 241.8417 317.7003 32.70501 103.92435 0.75633645
car 341.62692 447.5552 132.07076 209.72165 0.7613669
car 187.78503 312.22577 209.56094 348.85892 0.98935217
car 49.64271 103.87313 40.096348 67.06642 0.9953044
--
truck 238.68985 313.1608 38.812294 105.89842 0.7914923
car 336.6436 445.24527 131.67053 207.1704 0.73343587
car 190.34686 313.00574 211.50732 351.71207 0.98598295
car 49.842102 102.354004 40.049534 67.10227 0.99508125
--
truck 238.64503 313.21457 38.833057 105.87944 0.797767
car 336.94113 445.25098 131.73573 207.27324 0.716107
car 189.88724 312.9846 212.75905 351.291 0.9846983
car 49.83579 102.48307 40.173943 67.12961 0.9951253
--
truck 239.90723 316.01886 32.462185 103.95031 0.7147953
car 326.93182 428.07184 138.7324 192.15964 0.8869495
car 199.22997 327.9268 223.56374 354.93958 0.98455185
car 50.94527 100.16625 40.062756 67.67341 0.9930484
--
truck 237.6105 311.18582 31.524477 105.099014 0.7053208
car 323.0909 425.07007 137.13574 191.55403 0.88023895
car 201.85582 337.1101 226.31259 353.93182 0.9545999
car 45.38073 98.59141 39.863693 68.37639 0.9925509
--
truck 236.70816 309.28888 31.438852 104.83279 0.7074603
car 315.41693 421.01804 136.52579 190.22954 0.8570278
car 209.5531 334.17188 228.501 353.69772 0.9370746
car 45.27473 97.50597 39.72318 68.930954 0.99355817
--
truck 234.63206 306.05383 30.651947 105.23947 0.731339
car 215.33237 341.21796 232.19308 352.90778 0.8493787
car 313.27646 419.34723 132.96678 188.73119 0.95249814
car 45.14485 96.29484 40.372295 68.38982 0.9940241
--
truck 232.8945 305.17212 30.392103 104.65912 0.8070605
car 471.64005 479.97412 239.9262 296.44437 0.35551417
car 217.5293 349.65494 235.21025 354.9371 0.85799015
car 308.30847 415.66647 132.87051 188.28549 0.9138516
car 44.179993 93.85503 40.927372 68.39664 0.99405533
--
truck 232.88603 305.2224 30.38594 104.70761 0.8122383
car 471.68005 479.92914 239.5477 296.77063 0.34572944
car 217.25484 349.47714 234.28752 354.80942 0.8547932
car 308.33255 415.70807 132.66821 188.51108 0.9105652
car 44.13585 93.926605 40.917004 68.38643 0.99404126
--
truck 229.05312 299.36063 29.860548 103.46956 0.76216406
car 237.42494 366.17834 254.80463 351.63416 0.33654663
car 445.1926 480.5386 221.61205 299.31387 0.60263616
car 300.60776 407.96072 131.8716 187.11786 0.90793437
car 43.41684 91.38721 40.597935 68.26163 0.9814417
--
truck 227.85564 297.8362 29.851135 102.87761 0.8026077
car 238.13873 368.2068 263.1579 348.62326 0.34668508
car 431.0276 482.16006 210.81967 289.95535 0.616628
car 294.9835 403.95053 131.84427 185.27074 0.9043726
car 43.030308 90.51283 40.511494 68.52788 0.9784224
--
truck 226.6036 297.36578 30.07632 101.72638 0.76891094
car 249.06781 370.8805 273.38824 355.1078 0.30852517
car 417.9136 480.8831 198.54794 299.53964 0.62410164
car 293.29474 403.03076 130.30568 184.44962 0.9435685
car 43.669052 89.188614 39.946815 69.30121 0.9673821
--
truck 225.85722 295.8209 30.391802 100.70702 0.81341165
car 257.07407 376.08875 278.62878 354.61615 0.5517922
car 290.07086 395.28314 129.00198 183.77548 0.9280723
car 408.16837 481.36996 199.67984 297.8563 0.97421193
car 36.32093 88.55111 39.52013 69.86473 0.9769868
--
truck 225.18243 295.26318 30.118809 99.881905 0.7647857
car 261.91016 384.8001 284.77448 353.64627 0.5780039
car 285.55722 389.5642 127.805435 183.43909 0.92999375
car 400.41595 477.619 191.74696 297.85446 0.9746901
car 35.78979 87.56627 39.780666 69.6932 0.981349
--
truck 225.0342 295.44757 30.244331 99.87334 0.7823175
car 262.14484 385.14468 284.60413 354.09714 0.49503237
car 285.4205 389.6982 127.6732 183.26726 0.934546
car 400.27982 477.66272 191.9791 297.705 0.9741794
car 35.637615 87.61039 39.81379 69.6581 0.97934234
--
truck 225.29126 293.87238 30.489773 95.96006 0.74093276
car 275.88986 384.7134 127.16448 179.99359 0.876477
car 384.92764 481.60315 183.81813 269.87186 0.9593381
car 35.26139 86.077736 40.354668 70.04926 0.97449934
--
truck 224.89452 294.1723 29.343767 93.321594 0.7764822
car 274.49057 379.6521 125.73057 178.05821 0.87782925
car 35.726315 84.38225 40.690952 69.86852 0.9378895
car 372.90778 480.00052 174.96538 260.51285 0.9415169
--
truck 221.04626 285.88614 29.731724 93.09091 0.79727066
car 35.982605 82.90699 40.45461 70.08058 0.9452371
car 268.85254 373.43103 124.38754 178.33524 0.96611917
car 358.25507 473.8805 166.99806 253.86546 0.9725039
--
truck 219.41745 282.78094 28.856127 92.88724 0.7471923
car 354.82974 464.6874 149.88728 242.80751 0.8851468
car 36.273983 82.76137 40.80123 69.832 0.89816296
car 265.04712 371.21457 125.08246 178.03278 0.9477015
--
truck 218.15569 281.54047 28.612696 92.01084 0.71677446
car 37.819286 82.01483 40.722824 70.55425 0.9178301
car 345.9652 447.4903 160.75452 233.22816 0.9588675
car 260.36548 362.42944 125.142944 175.92781 0.98404276
--
truck 216.76642 278.55136 28.541422 90.28422 0.47013977
car 39.5382 79.35054 40.783455 70.62523 0.79299396
car 324.31525 427.2486 153.29271 222.45203 0.95515865
car 256.5322 358.12866 123.415085 177.13501 0.968228
--
truck 216.84157 278.4771 28.696413 89.85201 0.47726366
car 39.414314 79.30448 40.751907 70.63048 0.76731753
car 324.36978 427.28833 153.23067 222.81282 0.9595678
car 256.19397 358.07635 123.59442 177.0237 0.9711378
--
car 215.50092 276.81488 28.681585 88.079285 0.5557449
car 28.874578 77.30176 37.66705 72.3538 0.80850434
car 318.85553 414.1078 145.99966 218.67097 0.89357644
car 251.24208 355.42755 123.81043 176.69946 0.9726798
--
truck 213.94023 275.4603 28.82755 87.57734 0.5465752
car 27.461794 77.78436 38.969162 71.77799 0.9059922
car 308.87427 405.80447 141.09653 212.11578 0.9680461
car 249.43597 335.91565 122.986115 174.35196 0.9793701
--
truck 213.62234 273.87112 28.661873 87.23818 0.6000115
car 290.2676 393.3883 131.82095 209.71254 0.915963
car 27.480297 76.99831 39.468006 71.63132 0.9443557
car 245.29303 333.7516 122.2631 173.47066 0.9699958
--
truck 213.4906 272.25616 28.801155 85.997894 0.6157082
car 27.442446 76.02984 40.166107 71.69083 0.93807757
car 296.31882 387.2788 133.95885 201.1849 0.94289887
car 237.25694 332.84714 121.14445 173.41351 0.9801478
--
truck 213.37242 272.26718 28.629248 86.03505 0.62433255
car 27.37526 76.006645 39.79727 71.71571 0.93264073
car 296.37094 387.3962 134.16737 201.10641 0.94416684
car 237.60025 332.28622 121.21689 173.09856 0.9799416
--
truck 212.45345 270.08502 28.528168 86.03325 0.6521297
car 26.692013 74.15555 39.726097 72.30889 0.92323333
car 223.34198 307.79172 119.87467 170.71469 0.9511099
car 281.32764 369.75604 123.257034 193.83636 0.9704914
--
truck 212.69232 269.72263 28.573051 85.38702 0.6531918
car 249.64587 313.05243 113.32793 154.4602 0.49863514
car 219.68433 282.54816 122.6524 167.04913 0.9148923
car 26.533289 72.99189 39.82252 72.16372 0.9305397
car 280.79724 361.05792 121.473694 189.73116 0.99481136
--
truck 212.19586 269.91827 28.31162 85.25174 0.60046005
car 247.20163 302.2271 111.07674 141.17177 0.36055553
car 27.220284 71.579544 40.327713 72.33753 0.9320111
car 212.4581 290.35855 115.856384 166.54005 0.95143235
car 275.8015 356.08875 120.67357 187.6909 0.992966
--
truck 207.77635 264.44095 28.045763 82.16958 0.5848201
car 28.233032 70.10404 40.469933 72.54898 0.9139175
car 207.52592 293.7027 111.02623 164.1994 0.9792342
car 269.52142 348.62897 121.12564 183.70866 0.9882354
--
truck 206.17093 262.73196 27.142439 82.38376 0.672776
car 231.16672 298.70795 106.97618 156.84888 0.31214073
car 265.36087 344.1652 120.89345 178.19861 0.94257265
car 28.34859 68.66907 40.55212 73.364494 0.95069784
car 208.31078 265.8463 115.51409 163.10503 0.9658358
--
truck 206.09053 262.67532 27.100908 82.394485 0.68040293
car 265.24277 344.25793 120.884926 178.17717 0.9403201
car 28.376282 68.68137 40.586258 73.38942 0.9488774
car 208.53897 265.6311 115.60366 163.09158 0.9675981
--
truck 203.9595 260.05917 25.8075 82.08972 0.75025713
car 217.1719 274.75317 96.18995 126.74443 0.63690084
car 28.931084 66.868996 41.24741 74.320244 0.9410445
car 209.72104 259.82346 105.93316 161.01321 0.9634446
car 255.744 331.45383 107.81431 175.83852 0.986153
--
truck 202.25226 259.25992 21.76493 77.841415 0.6884657
car 29.442146 66.03218 41.224438 74.6281 0.9035665
car 207.13127 258.3841 100.51761 159.38828 0.968373
car 256.1101 326.64664 109.45009 173.2789 0.9947287
--
truck 202.81877 257.52527 22.259794 77.11747 0.58761925
car 24.621763 64.50979 39.07559 76.3731 0.8481238
car 196.23721 255.66275 97.79685 157.61104 0.9756851
car 255.70885 322.05426 107.94649 170.86897 0.99647355
--
truck 201.54262 256.5568 22.490738 76.57365 0.64033556
car 24.556488 64.21332 39.537197 76.51939 0.87578636
car 251.39969 318.13248 105.93745 166.43083 0.9900663
car 180.6888 249.28201 91.236244 154.31427 0.9907515
--
truck 199.34169 257.07834 25.000706 79.105896 0.56769323
car 24.20056 63.841022 39.813408 76.82584 0.8748031
car 170.37917 248.04912 91.078766 154.83032 0.9807913
car 246.2935 315.7485 104.77775 165.9846 0.99091977
--
truck 199.49695 256.8699 24.933704 79.26512 0.5718335
car 22.57419 65.13416 44.042168 79.45041 0.8819133
car 170.5646 248.03879 91.37652 154.53088 0.9780139
car 246.18524 315.67508 105.1568 166.07484 0.9899495
--
truck 198.09155 253.07759 20.861895 77.00082 0.5535306
car 23.328238 62.810562 39.489 76.72592 0.8844456
car 155.61362 247.05038 95.02807 148.8455 0.98577374
car 243.83073 307.01953 104.11817 157.75916 0.98707116
--
car 193.40454 247.86938 21.895092 75.2625 0.6416037
car 21.909672 63.420925 43.42359 80.17114 0.91497546
car 238.6667 305.0184 103.68292 156.88763 0.94273615
car 148.89433 243.34184 97.660965 147.43324 0.9657747
--
truck 196.53154 250.13766 19.838234 76.924866 0.59604317
car 141.85962 240.88283 96.37247 147.77136 0.90340656
car 22.196499 63.763405 43.584015 80.017136 0.9433551
car 236.6132 301.25412 102.483 154.80717 0.9512637
--
truck 196.5487 248.85301 20.214752 75.38684 0.6230744
car 21.982542 62.81476 44.0354 79.7566 0.95980173
car 137.28738 228.43706 95.96888 146.72722 0.9618779
car 233.3044 297.96414 97.016785 150.18019 0.9860526
--
truck 195.3479 249.97287 20.165636 73.74085 0.6516051
car 134.86993 226.61342 95.95288 144.88313 0.95618725
car 21.2399 61.773785 43.748642 80.95234 0.9709751
car 230.12971 295.79715 96.41132 149.84511 0.9931677
--
truck 195.34468 249.89424 20.111624 73.672935 0.64521945
car 134.75755 226.55057 96.045 144.96303 0.9527832
car 21.200867 61.74354 43.69349 80.94681 0.9691757
car 230.11198 295.72812 96.457664 149.85353 0.9928198
--
bus 191.83427 244.27711 26.443275 76.14692 0.48294973
car 21.318632 61.11423 43.141174 81.055695 0.9612294
car 126.54502 222.5546 96.58308 143.73906 0.97200763
car 221.87115 289.12128 94.37348 145.10213 0.9973193
--
bus 191.12027 243.48146 27.000517 75.53474 0.3002779
car 21.154625 60.28415 43.791004 81.01226 0.9376718
car 124.61673 203.60542 95.77636 142.8174 0.9840908
car 219.94603 285.38513 91.31085 142.3789 0.9959387
--
car 190.28615 242.77016 20.188152 71.56623 0.428034
car 21.103352 59.606876 44.185837 81.30867 0.9617285
car 122.595894 203.94229 96.00051 141.75484 0.99080944
car 218.65056 283.96365 88.870285 140.51566 0.9968089
--
car 189.09943 242.19707 20.01647 70.36093 0.64856815
car 21.192045 59.363266 44.777504 81.20023 0.94580543
car 118.74603 203.24066 94.45811 141.74675 0.9744002
car 216.70517 281.74686 88.09688 139.70084 0.99591035
--
car 188.29622 241.16618 19.845 69.58564 0.7724055
car 21.732035 59.228317 44.950123 81.63624 0.91370416
car 113.171295 199.311 91.120544 140.97572 0.9703698
car 215.67393 281.24017 87.31251 139.21278 0.99482864
--
car 185.35283 237.47678 19.411304 69.407295 0.7123447
car 22.402588 58.890274 45.914055 81.824615 0.89457256
car 108.52362 179.79239 89.929306 136.19035 0.95372176
car 210.08073 279.00095 85.836876 136.62816 0.99313426
--
car 185.21184 237.71092 19.428822 69.28522 0.70560175
car 22.140308 58.42823 46.191475 81.69268 0.9107973
car 108.582245 179.56628 89.98381 136.1447 0.9443933
car 210.10863 278.5087 85.65969 136.82982 0.99331343
--
car 184.41527 236.79225 18.995092 69.74355 0.74738693
car 108.49646 177.17546 88.62067 135.58847 0.8634105
car 22.204529 57.646572 46.63739 81.6875 0.94561255
car 210.8325 272.3151 84.830536 135.01825 0.98575306
--
car 183.21863 237.18945 18.441114 69.13556 0.6576606
car 107.7752 176.30307 87.888725 134.36699 0.6765844
car 22.247694 57.933506 46.728085 82.13154 0.8935934
car 209.1493 266.4923 85.491516 131.0441 0.976665
--
car 182.68336 235.27638 18.250853 68.43766 0.66212034
car 106.491066 174.0759 87.96845 133.49658 0.8034431
car 21.929052 57.649834 46.412483 82.45863 0.93057334
car 205.60872 264.6023 80.58192 128.92569 0.9906554
--
car 181.64925 233.71786 17.340399 67.8457 0.5306646
car 107.817314 169.37456 83.48033 126.74181 0.8759542
car 23.131521 57.285275 47.279636 82.2078 0.94135886
car 202.78162 264.34485 80.87955 128.17415 0.9940103
--
car 181.56398 233.88994 17.252043 67.92327 0.5150586
car 107.76836 169.6742 87.00956 131.84648 0.8974354
car 23.214201 57.18278 47.201145 82.345085 0.951964
car 202.77823 264.38116 80.7752 128.29312 0.9937635
--
truck 180.87338 231.69783 17.468645 67.21137 0.5664172
car 23.147594 58.124165 47.49338 83.45822 0.9544687
car 112.77454 157.48091 89.68263 127.45631 0.9572273
car 200.94221 260.57205 80.27019 126.21545 0.99656713
--
truck 180.42958 229.69057 17.529425 66.82397 0.5819063
car 112.53984 158.53679 90.81491 127.474594 0.9244253
car 23.42718 58.19999 47.420837 83.137405 0.9610333
car 198.91217 258.3609 79.527824 125.09392 0.99288976
--
truck 179.57887 229.12158 16.227005 67.14588 0.6638334
car 22.557182 58.879925 48.000782 83.22553 0.8702402
car 107.55635 161.13213 86.837746 131.44753 0.90987766
car 197.03923 256.62628 77.973495 123.93252 0.9901006
--
bus 180.0899 228.23209 15.676616 66.31893 0.31010753
car 105.12434 162.64294 88.29569 130.45746 0.8898245
car 22.459347 59.40359 48.111618 83.43965 0.8975321
car 195.20024 256.89407 75.63513 123.873276 0.98696953
--
bus 180.2689 228.14572 16.240095 66.36349 0.38967353
car 23.15767 59.27674 48.764057 84.158104 0.7260126
car 103.684586 164.12161 85.92429 131.21567 0.89666194
car 194.15103 254.80634 75.28858 123.08775 0.96925455
--
car 102.548515 165.18001 80.67725 129.09282 0.32747683
car 23.299238 59.25725 48.851448 84.033424 0.73632616
car 123.91864 162.42406 95.35261 126.93455 0.86497587
car 194.15526 255.02577 75.38861 122.84582 0.97324514
--
car 176.53961 222.13445 16.17085 62.80823 0.7026874
car 23.659302 61.080853 47.88239 85.87614 0.84953123
car 97.23278 166.05727 82.87402 126.31302 0.98484045
car 193.13779 246.49164 73.98742 119.71318 0.9896529
--
car 175.98575 220.96147 16.60382 62.740143 0.7229739
car 24.047564 61.210297 47.73492 86.156555 0.7491667
car 96.723145 166.49908 82.55022 124.76634 0.955474
car 192.70898 246.4614 73.634445 119.57112 0.99133295
--
car 32.23112 63.046917 56.644905 86.32996 0.6286151
car 175.75244 219.34184 16.827976 60.604683 0.6704418
car 88.788536 160.96361 81.6869 125.34634 0.9749264
car 193.31581 245.032 73.53217 116.42262 0.9884324
--
car 24.514894 62.124096 47.45193 86.96809 0.6278371
car 174.41946 217.61984 16.75748 60.989388 0.6701534
car 86.24336 159.21378 81.909935 125.13583 0.9841419
car 192.27914 244.13995 71.82684 115.479126 0.9923366
--
car 173.60352 216.25807 17.083977 59.78337 0.5796679
car 26.160961 61.35834 47.062435 86.98238 0.7710328
car 81.99769 158.68672 81.338486 124.99175 0.97851527
car 188.54637 244.00354 75.91684 113.386955 0.98452497
--
car 173.64339 216.30302 17.062668 59.785854 0.57656777
car 25.91679 61.628307 47.08472 87.18143 0.74750733
car 81.75357 158.40054 81.37023 124.99009 0.97805095
car 191.68245 243.4981 71.848175 114.31848 0.98514664
--
car 172.95015 215.0818 16.874022 59.116337 0.65577304
car 31.387138 63.952152 48.382786 86.91659 0.72863835
car 77.378296 156.63239 78.98973 124.06361 0.99356675
car 188.04579 243.14635 70.55603 114.820145 0.99541706
--
car 173.3392 214.13484 16.619602 58.760933 0.68247265
car 31.378923 64.04603 48.54366 86.953705 0.71957844
car 79.88712 154.39258 79.35044 121.81057 0.9952199
car 186.03574 241.25885 70.06422 114.55206 0.9957566
--
car 172.71907 212.7025 16.39335 58.057262 0.5946853
car 31.106007 64.4842 48.64155 86.85532 0.7505692
car 184.52853 239.70715 69.127625 114.23745 0.9936933
car 78.93274 152.47421 79.83641 119.72423 0.99649704
--
car 172.63808 211.19865 16.23527 57.76193 0.55632156
car 31.14293 64.977486 48.64511 86.73197 0.72292864
car 184.07504 239.85257 68.163216 113.849304 0.9964426
car 76.75731 151.10533 80.53063 118.199684 0.9972027
--
car 171.6785 210.5186 16.274546 57.990673 0.5509586
car 32.436554 64.93116 54.908176 86.96944 0.7567871
car 183.82997 238.9578 68.01767 112.910034 0.9947757
car 75.876495 150.18462 79.73014 116.98628 0.9964714
--
car 171.72931 210.53416 16.319193 58.01339 0.539061
car 32.283245 65.18258 54.45634 87.14261 0.73087615
car 183.95418 239.28558 67.999 112.87016 0.9945742
car 75.85592 150.25052 79.839966 116.899254 0.99660045
--
car 171.2953 208.74768 16.167889 58.069923 0.5329363
car 31.748907 65.787605 52.52592 88.227806 0.83216774
car 68.68923 143.83496 78.42136 117.856606 0.9830201
car 183.23634 237.70776 68.02364 111.327286 0.9920601
--
truck 170.71019 207.60568 15.753107 57.190136 0.4689168
car 31.315742 65.1961 50.07173 85.16025 0.73476946
car 66.26192 142.32465 77.042015 117.4266 0.97446996
car 181.12802 236.5256 64.92653 108.79118 0.9905733
--
truck 168.71977 206.263 15.40717 55.992306 0.6501369
car 31.184414 66.28079 52.810223 88.594666 0.7095706
car 64.02091 140.4738 76.396324 117.03976 0.9677429
car 180.26738 235.62422 64.67408 108.966606 0.99179304
--
truck 167.63118 205.3035 15.102229 55.647682 0.60735077
car 31.28424 66.16376 53.07627 88.226425 0.760825
car 62.205204 139.25282 77.394516 117.04834 0.93214434
car 181.19058 234.63644 64.72208 108.98731 0.9916291
--
truck 167.1088 204.90128 14.828875 55.697937 0.5624624
car 31.321846 66.2265 53.072544 88.704475 0.6524821
car 62.275856 132.34718 76.72989 116.77283 0.9114237
car 179.97952 234.07526 64.674484 109.036446 0.99186784
--
bus 167.07433 203.78485 14.470797 54.917923 0.31001896
car 31.994991 66.033485 52.770348 89.23541 0.79783136
car 62.321648 129.16867 75.59146 116.55718 0.9352022
car 179.93536 233.62453 64.013695 109.45019 0.99195445
--
truck 167.00601 203.89792 14.411855 55.02023 0.53652954
car 31.904432 65.99839 52.815765 89.442795 0.7602852
car 62.30876 128.99565 75.477776 116.47562 0.938736
car 179.95332 233.71426 64.21922 109.250404 0.9909869
--
bus 163.82367 200.54688 12.777733 49.904507 0.3101255
car 32.049957 66.17133 52.78001 89.56066 0.8331059
car 62.494125 126.75123 73.85829 115.70563 0.93594784
car 179.83455 233.4046 64.35468 109.0303 0.9908345
--
car 163.07695 202.3927 14.620641 52.719444 0.4856158
car 31.948349 66.669685 53.05141 89.73403 0.85140264
car 55.65095 122.21947 75.84984 117.23548 0.95604694
car 179.01456 232.57399 64.26893 108.85241 0.9940098
--
car 162.00371 202.13245 14.517349 52.757446 0.4414635
car 31.596958 66.66971 53.058594 89.74599 0.8304444
car 52.926178 119.39052 75.19421 117.28347 0.94674265
car 178.98323 232.06296 64.3381 108.73848 0.99532306
--
car 161.72952 201.6439 14.424632 52.87503 0.5003765
car 31.053526 67.29817 52.540993 90.22657 0.8842083
car 48.311718 114.79049 75.914795 115.56832 0.91909975
car 179.02608 230.9472 64.065506 109.03017 0.9937554
--
car 161.09622 199.60614 12.641669 50.19997 0.5151482
car 31.1316 66.65161 52.61527 90.24222 0.8793184
car 49.299232 114.83604 75.60688 115.51691 0.9231156
car 179.19992 230.41437 63.935364 109.12809 0.9932557
--
car 159.52129 196.86516 12.186335 50.67522 0.57293934
car 31.06003 68.78586 52.9158 89.524124 0.7605623
car 61.233616 112.52946 74.85879 110.826935 0.9627992
car 178.84369 230.39853 64.07048 108.89749 0.9924989
--
car 158.36072 196.5268 11.750935 51.17259 0.5052361
car 31.172487 68.19354 53.233643 89.21498 0.59796685
car 60.720665 107.9927 74.55446 110.44651 0.89353764
car 178.84764 230.49211 63.903374 108.88803 0.992254
--
truck 159.71674 199.8408 13.794371 53.099537 0.5367159
car 31.618187 67.42676 53.003014 89.32215 0.6092139
car 56.854534 104.32176 75.856995 110.6619 0.82089436
car 178.66791 230.4621 63.867077 109.01084 0.9885751
--
truck 156.99419 202.60036 13.384507 52.895298 0.5530131
car 31.47097 67.01487 52.835403 89.42178 0.7172334
car 55.811165 102.106995 75.91156 111.29852 0.86957705
car 178.83131 230.51472 63.83223 109.13599 0.9883382
--
truck 156.14578 201.42659 9.8286295 51.517815 0.5066356
car 31.830732 66.826805 54.277847 88.49453 0.6121387
car 58.28238 99.64481 75.54748 111.35338 0.7354925
car 177.9877 231.27493 64.27225 108.77653 0.9908645
--
truck 156.11713 201.33195 9.738818 51.58266 0.502619
car 31.835722 66.87491 54.29998 88.51408 0.6135445
car 58.246254 99.63746 75.58024 111.34342 0.74819493
car 177.99333 231.26962 64.28433 108.75818 0.9902348
--
car 56.176613 95.23766 75.17151 109.55262 0.36394948
car 155.44113 193.32494 10.27464 50.317463 0.5146141
car 31.539677 65.6123 53.90857 88.81047 0.56978506
car 26.520903 93.317215 79.095055 117.873535 0.800802
car 177.75946 231.55754 64.44666 108.50344 0.9887177
--
car 154.75212 192.9791 10.456435 49.9177 0.51137334
car 31.773455 65.2367 53.629353 89.487465 0.62301373
car 26.296623 91.85214 80.035225 118.32917 0.75981325
car 177.33412 231.74695 64.4167 108.507614 0.9898575
--
truck 153.72324 199.98245 9.814448 50.9888 0.5395814
car 54.34758 88.84469 75.59475 107.53687 0.41052175
car 31.791908 65.31918 53.233646 89.26361 0.45854667
car 25.591875 89.99787 80.9268 119.099884 0.7766245
car 177.36485 231.69554 64.283875 108.633095 0.9855695
--
truck 152.5638 198.83357 9.091444 51.124695 0.467858
car 54.708515 87.578125 76.22135 105.6271 0.44214302
car 20.51606 86.24504 82.49884 119.84885 0.59938115
car 31.91092 64.96336 53.348366 89.31924 0.6337388
car 177.3195 231.58893 64.225174 108.57655 0.9860174
--
truck 153.05296 193.1323 15.138138 50.72052 0.48758224
car 32.08794 64.080605 52.77996 90.12193 0.5202736
car 23.66159 78.2224 88.18276 117.3296 0.5439638
car 53.299965 84.31159 74.53092 96.04945 0.73248893
car 177.3075 231.67354 64.42291 108.426704 0.9820354
--
truck 152.96452 193.289 15.064721 50.76928 0.5009206
car 32.004894 64.18739 53.055645 89.91526 0.5171754
car 23.181555 78.424385 88.21752 117.31273 0.55585825
car 53.333878 84.22311 74.38197 96.242485 0.7658591
car 177.2878 231.59833 64.27342 108.592964 0.9848065
--
truck 152.79373 190.79893 9.751961 49.094193 0.5578969
car 22.466927 74.54566 87.407196 117.87595 0.4835667
car 31.646862 65.26627 51.9109 90.97774 0.5069807
car 177.02283 231.58769 64.4597 108.358955 0.9673238
--
truck 150.10674 196.8008 8.901208 50.577427 0.5626829
car 31.556074 64.386154 52.144096 91.80968 0.30972445
car 20.524908 65.84887 88.54631 116.458466 0.7154451
car 177.36737 231.48134 64.363464 108.42521 0.9628154
--
truck 149.15953 196.77666 8.569446 50.107773 0.49293947
car 31.505062 63.85271 51.11463 92.539246 0.35975927
car 20.1596 65.81139 88.6631 116.62191 0.66071373
car 176.9135 232.33351 64.34218 108.50755 0.97515357
--
car 150.25322 188.56177 9.100532 47.628918 0.50171316
car 20.436876 66.50302 85.688324 116.88267 0.66252
car 176.99081 232.03893 64.359055 108.63817 0.9607444
--
car 47.52771 75.224365 106.395164 128.424 0.30275908
car 150.18526 187.48318 9.050843 46.985435 0.4903914
car 19.671005 67.4034 84.51984 117.15112 0.8852942
car 177.2799 231.66055 64.789925 108.13076 0.974785
--
car 47.549614 75.22252 106.3692 128.41522 0.30085808
car 150.23456 187.45633 9.091484 46.90337 0.5106506
car 19.643475 67.38339 84.47641 117.16713 0.88596565
car 177.3548 231.49007 64.7703 108.12409 0.97527176
--
car 30.468725 59.552402 53.938755 79.11658 0.30641198
car 47.024982 74.74131 106.76667 128.52458 0.31176507
car 148.15263 187.35855 9.167051 45.946156 0.46515498
car 19.324234 65.758026 83.65757 117.17954 0.89278185
car 177.38351 231.68718 64.59431 108.31387 0.97860247
--
truck 147.6262 187.19708 8.85305 46.268276 0.42726004
car 19.247982 63.811325 83.69383 117.43732 0.83492917
car 177.16705 231.85028 64.550674 108.35173 0.974846
--
truck 147.59341 187.55415 8.529881 46.056923 0.4601541
car 30.732729 59.535393 53.865257 79.32907 0.3199947
car 46.78801 75.03834 106.96767 128.20825 0.42657822
car 19.451767 63.164658 82.15523 118.01181 0.84924394
car 177.25793 231.56122 64.40752 108.51191 0.97223884
--
truck 147.68726 187.15126 8.781495 46.34377 0.5205628
car 46.94206 75.38897 107.401306 128.1877 0.30164352
car 30.496033 59.67092 53.901882 79.26203 0.3252048
car 19.671618 62.33418 82.19446 118.10458 0.83875877
car 177.0591 231.80426 64.463425 108.51004 0.9695745
--
truck 147.91599 186.21658 9.256292 46.005596 0.50642955
car 31.322186 64.083664 54.99518 89.871895 0.35230497
car 46.503975 76.87836 107.38877 128.3423 0.42350146
car 19.29694 61.270645 82.90072 117.80413 0.8330067
car 176.82253 232.30653 64.4232 108.573265 0.9795456
--
car 31.04472 64.36991 54.81826 90.38135 0.42885178
car 147.32974 186.97676 9.889302 45.325394 0.6451962
car 18.979383 61.016888 83.46504 118.17987 0.72898287
car 176.55475 232.75343 64.361786 108.74527 0.97643554
--
car 31.3109 64.63721 55.093605 90.05805 0.3757005
car 147.32391 187.10037 9.749874 45.33107 0.57658553
car 18.874756 61.512157 83.44369 118.14676 0.7065881
car 176.54425 232.7042 64.29095 108.730705 0.97808206
--
car 30.897703 65.17651 54.88336 90.603065 0.4441432
car 146.8553 187.54987 9.663721 44.881115 0.5075863
car 18.921734 61.615646 83.15343 118.27049 0.742233
car 176.37172 232.67062 64.30038 108.78911 0.9793771
--
car 146.86113 187.72063 9.566336 44.26234 0.41498107
car 28.701912 60.085888 52.729095 91.79442 0.4787365
car 18.803478 61.17181 82.63089 118.820404 0.74778646
car 175.87047 232.93904 64.20811 108.87298 0.975596
--
car 144.33087 180.49454 9.832926 42.28955 0.42823356
car 28.782656 59.966263 52.701996 91.787506 0.48850143
car 18.698557 61.163807 82.77181 118.824394 0.721205
car 176.00658 232.83264 64.34155 108.799194 0.9762478
--
car 144.02336 180.13074 9.695045 42.51871 0.37505245
car 30.596931 66.98508 55.659447 90.59799 0.5288312
car 18.62444 60.695824 81.5772 119.27725 0.65604
car 177.0006 231.5433 64.50329 108.58329 0.9521408
--
truck 143.75562 179.75604 9.481727 42.24314 0.39012843
car 30.635225 67.003365 55.615555 90.37612 0.5304586
car 18.723442 60.502716 81.24116 119.290955 0.67792886
car 172.21605 230.93748 65.51746 107.62207 0.9443958
--
truck 143.64348 179.7385 9.389639 42.44213 0.39072603
car 30.48347 66.8049 55.24836 90.60556 0.52724797
car 18.6721 60.59131 81.45995 119.20087 0.6494766
car 177.27156 231.3814 64.58492 108.47633 0.9485143
--
truck 142.14095 179.17168 9.169199 42.47576 0.369515
car 30.24557 67.14822 54.195717 91.0386 0.60241115
car 18.412415 61.63009 81.50801 119.17691 0.67971593
car 177.14313 231.57683 64.49236 108.55739 0.9577069
--
car 140.71771 177.96375 5.0830703 39.476765 0.35612008
car 30.424004 65.93977 53.67348 91.03855 0.47008458
car 18.196499 62.03296 81.32722 118.84733 0.7437658
car 176.63632 232.30902 64.19145 108.81982 0.9681681
--
car 140.75713 177.86333 5.071199 39.487804 0.35716802
car 30.315525 67.65628 53.8097 90.702736 0.5300518
car 18.096628 62.425835 81.377945 118.83602 0.7656671
car 176.84201 232.00436 64.14649 108.9042 0.9656285
--
car 140.61496 176.07726 5.131499 39.558537 0.34552437
car 30.507513 66.48002 53.680424 90.91345 0.477246
car 17.831758 62.148243 81.40415 118.64147 0.7622282
car 176.80537 231.89142 64.16736 108.94891 0.9636792
--
car 139.15302 172.62067 5.124497 39.464905 0.40061828
car 30.410213 67.28369 53.77285 90.92073 0.5105379
car 18.125124 62.274776 80.20649 119.17277 0.80862397
car 176.86671 232.00302 64.18466 109.03209 0.9640674
--
car 139.40442 172.43884 5.1129503 39.471027 0.40651548
car 30.435926 66.17881 53.506733 91.02955 0.4533326
car 18.140905 62.105213 80.74062 119.3026 0.75023365
car 176.74687 232.20872 64.18248 108.95865 0.9656984
--
truck 137.5582 173.10858 5.75362 41.831 0.39728898
car 29.941706 66.752975 53.399586 90.929474 0.58219403
car 18.485468 62.044773 80.78437 119.28748 0.81720763
car 176.84348 232.19142 64.47767 108.78998 0.96577466
--
truck 137.357 172.54306 6.0619197 41.515762 0.4037167
car 29.946066 67.87944 54.383842 90.22258 0.6894778
car 18.046719 61.881752 80.60115 119.63802 0.8367417
car 176.97453 232.12886 64.611145 108.695984 0.9736617
--
truck 136.82607 172.1457 6.3624372 41.084972 0.43130654
car 30.075228 68.28647 54.153114 90.28678 0.67039084
car 18.025053 61.36291 80.53269 119.674126 0.8629562
car 177.11093 231.85454 64.545 108.82298 0.9687407
--
truck 135.99434 171.61813 7.069233 40.549633 0.5257274
car 30.476965 67.83155 56.185696 89.13021 0.5150265
car 17.395094 61.580055 80.49785 119.83308 0.80867255
car 176.85419 231.95575 65.01072 108.29155 0.9616994
--
truck 136.01152 171.61145 7.061586 40.54548 0.5056964
car 30.36785 67.97817 56.068817 89.335236 0.55376786
car 17.085178 61.583447 80.13963 119.8439 0.8115181
car 176.9496 231.93198 65.03787 108.20022 0.9667759
--
car 136.54529 170.35628 4.6431346 39.290977 0.499092
car 30.475517 68.10209 55.76199 89.654594 0.58703464
car 17.531898 61.449974 79.91294 119.77533 0.78896743
car 177.65694 231.20587 64.71932 108.766624 0.9537339
--
car 136.23616 170.18523 4.879531 38.97875 0.47702813
car 30.414913 68.200645 55.768715 89.346375 0.5117201
car 17.398891 61.683212 80.36583 119.69066 0.7771283
car 177.64165 231.2155 64.80834 108.70255 0.9570428
--
car 136.17984 169.14261 4.826324 39.16173 0.5009737
car 30.259188 68.39714 55.908146 89.65725 0.5902565
car 17.41741 61.44951 80.56763 119.65117 0.75580347
car 177.3395 231.57184 64.92493 108.5443 0.94995064
--
truck 134.97342 168.70207 7.3553925 39.99049 0.48442236
car 30.343224 68.155815 55.818405 90.27403 0.62424433
car 17.225574 61.43725 80.96428 119.62925 0.6856694
car 177.08559 231.93224 65.04265 108.4186 0.95278674
--
car 134.8432 167.1623 4.7499976 38.486366 0.52724123
car 30.460037 67.86179 55.9495 90.20045 0.57310593
car 17.378029 61.399082 81.39441 119.46501 0.6334824
car 177.22371 231.89453 65.16982 108.38549 0.9541932
--
car 134.82956 167.07446 4.7061343 38.49335 0.52492744
car 30.321808 67.93623 55.834564 90.29118 0.60898083
car 17.256376 61.424046 80.94322 119.53946 0.7116815
car 177.20958 231.82533 65.1807 108.41931 0.95283526
--
car 134.73268 167.17099 4.6596932 38.582268 0.5090527
car 30.271221 67.85168 55.707787 89.94071 0.5841683
car 17.218119 61.37156 80.48244 119.59703 0.726636
car 177.57263 231.4107 64.99021 108.62106 0.9369141
--
car 30.088778 67.692635 54.8362 90.37188 0.4696145
car 16.862535 61.8694 81.2687 119.44737 0.69180846
car 132.94646 167.08052 4.3018246 38.819584 0.8067672
car 177.23064 231.63426 65.04519 108.541115 0.95154065
--
car 30.136066 67.08615 54.654602 90.33034 0.39259124
car 16.952398 61.943756 80.97956 119.51541 0.7279471
car 132.62146 167.0825 4.236408 38.864944 0.86531645
car 177.06332 231.80138 65.089485 108.510956 0.95012003
--
car 30.130785 67.219215 54.76988 90.20409 0.47093204
car 17.068987 61.867397 80.64961 119.74795 0.7784893
car 132.42596 166.7227 4.2784142 38.765617 0.8688404
car 176.9306 231.8739 65.16179 108.4353 0.9561704
--
car 29.740866 67.30824 55.29555 89.75479 0.56051326
car 16.29271 62.870506 81.080376 119.33091 0.84299695
car 131.65128 166.1735 4.1730037 38.622864 0.88870263
car 173.09715 229.94437 65.62833 107.74004 0.9263043
--
car 29.749796 67.11676 55.116325 89.897316 0.5598453
car 130.78668 167.13939 4.086666 38.279392 0.71401286
car 16.256516 62.896584 81.1114 119.29166 0.8444656
car 177.01947 232.03305 64.7773 108.84501 0.9350089
--
car 29.758154 67.19289 55.12874 89.77135 0.57346576
car 130.82869 166.83397 4.1050205 37.877304 0.7286133
car 16.140211 63.018143 80.640335 119.3974 0.88389456
car 176.97226 232.23547 64.91876 108.64231 0.95257485
--
car 28.378757 60.88929 52.660755 90.176186 0.56232584
car 129.71126 163.23741 4.279297 36.56996 0.763532
car 16.188772 62.893036 81.049805 119.65757 0.8496935
car 176.92079 232.20575 64.99716 108.55796 0.9472767
--
car 28.285807 61.19568 52.40798 90.304794 0.53074604
car 129.57773 162.96216 4.273062 36.69025 0.7730476
car 16.465744 62.4898 80.82758 119.82392 0.87475187
car 176.81883 232.25507 64.95035 108.60615 0.9480195
--
car 29.43125 66.63191 54.293415 89.9311 0.56109893
car 129.64728 163.00015 4.2568913 36.888195 0.8048706
car 16.350794 62.548508 80.95145 119.743 0.8687981
car 176.98409 232.0986 65.07873 108.52083 0.95603925
--
car 28.611467 60.46956 52.930065 90.06967 0.52476335
car 16.37147 63.402256 81.683914 119.780334 0.7962955
car 128.43346 162.10829 4.1944237 36.119762 0.85305375
car 176.72781 232.64249 65.07207 108.60731 0.95930517
--
car 28.540512 60.58087 52.878136 90.19118 0.55732524
car 16.399014 62.863174 81.77154 119.84267 0.7787174
car 128.4186 162.27762 4.060231 36.18887 0.8290798
car 176.72345 232.62851 65.160965 108.5001 0.960982
--
car 28.736452 60.514725 52.98602 90.206 0.52566916
car 16.366615 62.79796 82.08471 119.82833 0.742518
car 128.60985 162.25793 4.0246654 36.311123 0.81911623
car 176.77335 232.58289 65.153076 108.50487 0.95974034
--
car 28.726585 60.479652 53.026 90.1948 0.55080235
car 16.682888 62.699234 81.85986 119.71528 0.80181026
car 127.19081 161.87946 4.36182 35.976803 0.87090904
car 175.72809 233.37207 68.60204 110.22626 0.9680848
--
car 29.083424 67.022804 54.092464 90.497314 0.635561
car 16.297754 62.73465 81.81852 119.71864 0.8424756
car 127.25959 161.2512 4.155074 34.94269 0.9191544
car 175.39066 233.56004 68.68431 110.223145 0.96122974
--
car 29.042587 66.98963 54.07653 90.425674 0.6288872
car 16.426592 62.63206 81.667 119.70716 0.8506688
car 127.29116 161.22733 4.1459804 35.061123 0.9201876
car 175.3563 233.58159 68.630394 110.35455 0.9624081
--
car 29.147202 66.878044 54.37551 91.17723 0.63735044
car 13.822111 54.24381 83.59037 119.22382 0.75234455
car 127.05235 161.10648 4.03515 35.270557 0.91915184
car 173.2015 229.60074 65.83179 107.486465 0.96511424
--
car 29.222912 66.83272 54.471104 91.03386 0.60091835
car 13.809095 54.232082 83.62396 119.178055 0.73688585
car 127.01969 161.11787 4.1072664 35.198555 0.92828995
car 176.31927 231.79683 68.39699 110.624664 0.96770614
--
car 29.1458 67.13723 54.408024 91.15249 0.63337785
car 13.488599 54.202595 83.45729 119.32839 0.76197183
car 127.03391 161.00287 3.9051018 35.163258 0.9196401
car 173.35844 229.54942 65.80428 107.54315 0.9677409
--
car 29.261406 67.03135 54.78516 91.11139 0.66150993
car 13.3085165 54.596733 82.82332 119.50706 0.8203129
car 125.53305 160.01392 2.839475 34.315727 0.9102898
car 173.49445 229.49512 65.66659 107.72159 0.96927345
--
car 29.123293 67.073265 54.822304 91.063156 0.6958868
car 13.523353 54.505028 83.15151 119.33399 0.8249814
car 125.182045 160.25655 2.6267262 33.856125 0.92593247
car 173.56253 229.35164 65.58568 107.80594 0.9710522
--
car 29.48337 66.993225 55.00598 91.19315 0.6699749
car 13.769438 54.293804 83.075195 119.56371 0.8249607
car 124.76045 159.73695 2.7975025 33.323788 0.9354523
car 173.31348 229.5129 65.69512 107.64182 0.9756131
--
car 29.36847 67.01431 54.815567 91.03258 0.69552654
car 13.728944 54.37268 83.303116 119.51244 0.8153187
car 124.35672 159.43887 3.158977 33.62551 0.9237344
car 173.19743 229.55672 65.49686 107.892235 0.9734433
--
car 29.535913 66.55226 54.649345 91.18755 0.6704946
car 13.547898 54.504288 83.251045 119.43739 0.8123625
car 124.37957 159.29335 3.0724006 33.534245 0.92662
car 173.23865 229.4933 65.447334 107.968056 0.973153
--
car 29.890892 66.59646 55.17331 91.33914 0.6139325
car 16.648272 61.941483 81.77288 119.89357 0.7744269
car 123.869965 158.56725 2.8939064 33.221916 0.9029871
car 172.99202 229.87311 65.591415 107.72055 0.9756688
