--
car 412.94992 439.18024 82.03987 107.98522 0.46787137
car 96.10969 131.58832 128.07819 154.81934 0.5395641
--
car 79.34709 94.387215 122.404045 138.55144 0.31120402
car 96.23327 131.84619 128.05489 154.682 0.3960633
car 409.03714 437.44937 82.30794 108.433 0.6391149
--
car 79.341156 94.44234 122.32912 138.60077 0.3187518
car 96.10833 132.174 127.93916 154.69319 0.42024934
car 408.84 436.82034 81.958466 108.25745 0.7057656
--
car 79.42046 94.54079 122.46269 138.70798 0.31720945
car 95.96007 132.38892 127.88571 154.72922 0.3712119
car 408.8322 436.1516 82.17413 107.8457 0.73722804
--
car 95.964516 132.43161 127.59759 155.23389 0.37640023
car 408.11868 435.33286 81.95612 108.72883 0.7978244
--
car 95.78618 131.76816 128.05908 154.94731 0.54967016
car 407.41254 434.37515 82.34837 107.726494 0.6707033
--
car 95.8771 131.73131 128.18372 154.7791 0.5849357
car 407.4392 434.3497 82.39258 107.630554 0.66334975
--
car 95.825516 131.76431 128.20053 154.81824 0.59937084
car 406.41232 433.28098 82.155876 107.63832 0.60078514
--
car 95.99504 131.55502 128.35274 154.40411 0.5411495
car 406.67554 433.59125 86.180374 111.24561 0.6103686
--
car 76.73165 95.49542 118.80071 142.56204 0.33730853
car 95.81355 131.94856 128.33536 154.70856 0.58208275
--
car 76.733765 95.489456 118.91275 142.73822 0.3666768
car 95.91885 131.50229 128.36133 154.53773 0.73980355
--
car 76.77563 95.57184 118.8895 142.67494 0.3930733
car 95.98459 131.52275 128.3574 154.59084 0.7546429
--
car 95.85587 131.60248 128.40288 154.72626 0.78574747
--
car 76.75717 94.92345 118.42155 142.64464 0.33355957
car 95.818474 131.66362 128.45447 154.60062 0.7778407
--
car 95.842896 131.5193 128.46898 154.6588 0.7805786
--
car 95.97392 131.40964 128.27664 154.7022 0.7057619
--
car 95.946266 131.61371 128.25842 154.92145 0.705769
--
car 96.09827 131.3697 128.2762 155.1172 0.69790334
--
car 76.63735 95.226715 118.353096 142.04922 0.31027794
car 95.99893 131.86751 128.0041 155.43797 0.81622994
--
car 96.00429 131.62875 128.15477 155.21669 0.7813881
--
car 76.588 95.065315 118.429955 142.20163 0.35789803
car 95.771996 131.69939 128.10603 155.01076 0.77802414
--
car 76.54301 95.07497 118.37244 142.2219 0.37432525
car 393.05902 411.6492 88.75133 115.91809 0.39650774
car 95.9696 131.81363 128.1057 154.96266 0.76304746
--
car 76.6025 95.11122 118.12925 141.88158 0.3481939
car 406.34238 419.9733 83.72096 98.68057 0.3525943
car 95.9376 131.87659 127.94133 155.25667 0.8046734
--
car 76.62609 95.31269 118.39744 141.93704 0.3605373
car 390.48166 411.72263 88.722 116.78128 0.39689407
car 95.9439 131.68092 128.07213 155.0764 0.80314654
--
car 390.84488 411.74814 88.19834 116.74123 0.38933414
car 95.62028 132.60056 127.64944 155.44287 0.88022524
--
car 76.31761 94.86382 118.47453 142.42973 0.34745127
car 388.9365 411.3629 88.4162 117.833206 0.44492102
car 95.399574 132.79836 127.58798 155.5663 0.89340454
--
car 76.36021 94.92204 118.4394 142.34749 0.3653178
car 387.23535 409.65234 88.56525 117.74946 0.408672
car 95.46383 132.79828 127.54953 155.58934 0.89721406
--
car 76.34883 94.90329 118.13694 142.03043 0.3077856
car 95.51955 132.59859 127.595695 155.44229 0.89009625
--
car 76.37321 94.7917 118.13 142.07315 0.32936978
car 384.61456 406.72418 90.41368 118.87179 0.33110204
car 95.43475 132.73866 127.63135 155.3151 0.89896375
--
car 385.12744 413.7238 89.841866 115.14726 0.33261186
car 76.406815 94.76683 118.179306 142.16675 0.3549689
car 95.42392 132.83606 127.544876 155.25931 0.9085857
--
car 385.1413 413.70914 89.80341 115.20874 0.32975417
car 76.41758 94.83827 118.10388 142.18875 0.33957794
car 95.47799 132.80214 127.5706 155.25636 0.90547276
--
car 76.33191 94.81801 117.993935 141.9874 0.33211103
car 382.2542 405.1103 94.97169 122.633865 0.55084246
car 95.402725 132.86981 127.551636 155.37704 0.91071
--
car 76.21435 94.75865 117.86489 141.93478 0.30555427
car 380.4489 408.00232 95.72253 123.57263 0.45761007
car 95.40636 132.59412 127.57824 155.24232 0.8975615
--
car 394.6383 409.93954 85.9735 95.34194 0.41806474
car 378.38525 407.63892 96.66278 123.907585 0.51418954
car 95.55202 132.3138 127.65411 155.13026 0.8839639
--
car 376.42032 405.01257 96.141624 123.92234 0.6147944
car 95.56388 132.40836 127.568596 155.11441 0.86562246
--
car 375.50073 405.96268 96.85343 124.388535 0.34455365
car 95.80846 132.1253 127.625534 155.02565 0.8557669
--
car 76.41868 95.179054 118.225876 141.8248 0.30435675
car 95.75378 132.29442 127.39603 155.4933 0.9106708
--
car 76.37335 95.03869 118.24221 142.03853 0.3291726
car 372.67432 400.88382 97.04343 125.56033 0.39267275
car 95.80367 132.27722 127.30499 155.72981 0.91385466
--
car 76.311195 94.903046 118.35715 142.36539 0.3500781
car 371.752 401.15683 97.480316 126.11521 0.76816165
car 95.861534 132.5675 127.198166 155.92894 0.9184347
--
car 76.40038 95.08401 118.389725 142.4746 0.3415236
car 370.69748 401.10913 97.504234 125.23014 0.78933537
car 95.95184 132.41698 127.20666 155.80557 0.90732867
--
car 76.406006 95.211426 118.493515 142.5164 0.3579256
car 367.9595 401.0382 97.27908 127.237236 0.85291815
car 95.96256 132.36377 127.3536 155.84128 0.90429527
--
car 76.367424 95.13921 118.51381 142.68665 0.3789096
car 366.37433 401.2542 95.5046 128.45401 0.7560976
car 95.97038 132.20932 127.34491 155.779 0.8870332
--
car 76.256546 95.0669 118.43459 142.55568 0.37309146
car 366.4656 401.08896 95.4845 128.39104 0.7311736
car 95.90525 132.28635 127.27363 156.04094 0.8965994
--
car 76.33073 95.060326 118.47907 142.42802 0.35350153
car 365.7086 400.8271 94.88583 128.342 0.7350028
car 96.01122 132.04257 127.37192 155.84485 0.8858542
--
car 364.4134 399.83392 94.317604 128.29935 0.42252278
car 95.824524 132.29654 127.238396 155.8065 0.89744496
--
car 360.6861 393.26407 94.75032 130.5836 0.49530104
car 95.922066 132.06685 127.47922 155.4024 0.8763197
--
car 76.38689 95.08743 118.79995 142.95636 0.32386917
car 358.60522 394.65686 94.41973 131.39372 0.8150954
car 96.02319 131.98463 127.478424 155.41461 0.8590386
--
car 76.3471 95.15157 118.89393 142.8702 0.32882813
car 357.4118 394.5337 93.520645 132.67085 0.6423283
car 95.970924 131.88542 127.51636 155.4704 0.8537773
--
car 356.9283 393.83353 94.81684 131.91278 0.64701635
car 96.34527 132.12366 127.34607 155.92894 0.90254843
--
car 355.606 389.90277 104.25951 131.57547 0.77598965
car 96.34385 131.69952 127.44059 155.71541 0.88384646
--
car 354.85962 392.75473 93.30039 132.5595 0.62574756
car 96.43321 131.7137 127.583115 155.34303 0.851425
--
car 353.749 392.01407 93.363266 132.32542 0.5682684
car 96.33901 131.83841 127.67769 155.18245 0.8433053
--
car 347.71826 384.06522 103.7266 135.30626 0.6316004
car 96.281525 131.61041 127.848885 154.9664 0.80981386
--
car 348.8258 386.77832 93.9687 134.4531 0.6239295
car 96.343185 131.63022 127.75546 155.10576 0.7983492
--
car 348.72827 386.69437 94.10548 134.3659 0.62471855
car 96.32565 131.63249 127.71842 155.18594 0.8074573
--
truck 347.00433 384.1047 100.21002 136.01102 0.54016143
car 96.485 131.90666 127.7337 155.11461 0.75038815
--
truck 345.2932 384.36353 100.115944 135.61444 0.4458245
car 96.580696 131.87804 127.76181 155.1336 0.6277474
--
truck 342.935 384.77563 101.02185 135.98663 0.48325223
car 98.06419 133.46648 131.07979 158.20766 0.5887172
--
truck 340.98608 382.8564 102.25113 136.54114 0.5620114
car 96.56734 132.08522 127.68617 155.43823 0.6655365
--
truck 337.1939 377.77716 101.628975 139.42531 0.58025074
car 96.518684 132.17694 127.330795 155.846 0.6958983
--
truck 337.1273 374.63083 102.130936 136.95085 0.32190105
car 96.68549 131.73041 127.286095 155.63211 0.7443204
--
truck 335.58545 385.03647 97.424805 141.7963 0.65774983
car 96.666306 131.93336 127.26235 155.69968 0.7574292
--
truck 333.7497 383.88452 97.8389 142.07616 0.70531833
car 96.785034 131.96901 127.271034 155.77875 0.73408294
--
truck 331.7024 381.53854 97.46555 142.3131 0.7613045
car 76.343765 94.89055 117.56005 141.72223 0.30012095
car 96.703606 132.02374 127.12312 156.04463 0.78646547
--
truck 329.38705 380.66934 97.47454 144.02647 0.7422303
car 76.37269 94.70818 117.864265 142.18993 0.32522088
car 96.82057 132.17363 127.19908 155.931 0.8328976
--
truck 327.62677 366.91 102.57659 141.20802 0.55468094
car 76.399376 94.74586 117.73991 142.15086 0.34018755
car 96.6994 131.92975 127.26323 155.70842 0.83622843
--
truck 327.62622 366.82794 102.67669 141.26022 0.5476327
car 76.37779 94.69004 117.8529 142.30188 0.33648008
car 96.69133 132.16455 127.18932 155.73361 0.8650004
--
truck 326.3243 366.86533 100.96975 143.4988 0.42386827
car 96.5449 132.3538 126.949936 156.05975 0.86138874
--
truck 321.00415 371.24857 106.41096 146.09705 0.7335254
car 96.48716 132.32837 126.99287 155.9217 0.8445083
--
truck 318.31342 366.46155 105.64418 147.00618 0.794147
car 76.40967 94.80606 117.508736 141.76526 0.3382865
car 96.40553 132.39954 126.99714 155.98698 0.8502562
--
truck 317.2082 363.55453 105.71106 147.20088 0.80354935
car 76.38771 94.68959 117.448944 141.82245 0.33126155
car 96.28936 132.32553 127.02972 155.9161 0.87158656
--
truck 315.37585 362.2364 105.48198 147.06297 0.65482247
car 76.353775 94.837494 117.61786 141.67914 0.34465533
car 96.18174 132.13538 127.43353 155.47888 0.8036454
--
truck 314.71182 362.39355 104.884254 147.22586 0.6915229
car 96.08655 133.37923 127.304504 156.36978 0.8985141
--
truck 311.8743 360.64932 104.69805 147.17905 0.7947197
car 2.6655936 83.5122 274.36478 325.62686 0.38408247
car 96.08389 133.25883 127.26734 156.33852 0.893431
--
truck 310.69266 358.3538 104.92038 147.34146 0.7781912
car 3.9356983 87.77656 272.78094 322.55762 0.4202568
car 96.014404 133.55676 127.36836 156.34924 0.88782996
--
truck 309.7422 357.7279 104.61717 148.3256 0.6454793
car 76.599846 95.070984 118.01871 141.46252 0.3032222
car 96.53344 135.83174 130.2053 158.5066 0.88371253
--
truck 306.07977 362.11835 104.85129 149.69814 0.7591021
car 96.489586 135.85727 130.09798 158.57465 0.8876379
--
truck 301.46164 355.6335 107.82766 150.66515 0.803639
car 76.59948 94.95463 118.00385 141.31047 0.3015623
car 18.408176 104.003975 256.626 312.60852 0.68160594
car 96.19609 136.23546 129.66663 158.82669 0.91199684
--
truck 301.5289 355.66565 107.69541 150.62564 0.8222052
car 76.54915 95.067825 117.98295 141.32053 0.31937146
car 18.704187 103.34416 256.4947 311.5295 0.65838003
car 96.111465 134.05464 127.160675 156.75107 0.9059423
--
truck 297.9942 353.24844 107.55271 152.19025 0.8464672
car 18.9346 107.07235 254.52834 314.1327 0.8552456
car 96.46815 135.88896 130.22672 158.55034 0.91011256
--
truck 295.80786 347.35004 107.22603 153.13826 0.8632469
car 76.59822 95.047905 118.0251 141.27281 0.3067657
car 26.480194 110.70066 253.64447 309.82178 0.8436767
car 96.1805 133.34343 127.227234 156.49365 0.8993384
--
truck 291.67813 345.31363 108.390274 155.79036 0.8698375
car 96.32278 135.47275 130.54175 158.47755 0.9180972
car 42.90894 119.935 251.3326 309.03366 0.9674724
--
truck 289.62286 343.78387 108.711624 158.23407 0.882472
car 96.10922 133.76599 127.386604 156.40364 0.9286958
car 48.28288 123.68793 249.63191 304.41766 0.974497
--
truck 288.58545 341.03607 110.41011 159.41385 0.8422863
car 96.04475 133.82251 127.44053 156.47932 0.9274495
car 53.17508 124.40681 238.06212 291.16183 0.979249
--
truck 287.99542 341.60352 110.48628 159.40694 0.80546117
car 96.013985 135.77359 130.00626 158.693 0.90674347
car 52.55211 125.517944 238.12465 289.08466 0.97885984
--
truck 281.90878 340.19244 112.4587 159.65683 0.83615756
car 76.55624 94.83513 117.83206 141.39565 0.30631366
car 95.94163 136.0729 129.73166 158.82712 0.92986375
car 60.69639 134.18701 234.03648 294.70956 0.9850064
--
truck 279.4508 338.7019 113.52555 162.23813 0.72673017
car 96.08119 135.98358 129.68535 158.87741 0.92286366
car 64.55743 138.81677 232.4628 291.85297 0.99561656
--
truck 276.25504 334.93643 113.33745 163.60297 0.93492407
car 95.91831 133.56787 127.063484 157.15468 0.9314319
car 69.23544 139.29774 232.04788 289.04773 0.9963136
--
truck 272.61893 331.7118 113.26962 164.85799 0.8689872
car 95.847404 133.61818 127.03897 157.17003 0.93450594
car 75.97453 141.1146 230.62563 285.2835 0.99742645
--
truck 269.41614 329.2885 114.26449 166.18442 0.8566339
car 95.59232 133.51686 127.11831 156.95003 0.9258519
car 78.59542 151.71815 226.81993 287.08203 0.99427295
--
truck 269.4418 329.3794 114.199295 166.17201 0.8545765
car 95.65281 133.54869 127.41558 156.61258 0.91518897
car 78.96084 151.33221 227.23737 286.29788 0.99444836
--
truck 266.85068 328.63126 120.80527 168.62225 0.84775746
car 95.625336 133.74289 127.114265 157.02193 0.9297531
car 83.6019 150.74895 221.27501 278.97852 0.994916
--
truck 260.3437 323.59784 122.16834 168.15437 0.8196797
car 95.7867 133.81427 127.1542 157.08467 0.93086827
car 88.20577 153.39003 217.65184 277.50232 0.9955224
--
truck 257.8288 321.38083 121.48336 169.38286 0.88927126
car 95.84695 133.73373 127.16286 156.95662 0.91813356
car 93.26964 155.40906 217.55344 272.56476 0.99781394
--
truck 254.1843 319.7857 121.48674 171.14742 0.8639702
car 96.08059 134.69258 127.090904 156.8558 0.9130352
car 96.50764 157.6604 218.15218 266.86395 0.99736875
--
truck 250.3759 314.92886 119.838066 172.94273 0.7907977
car 96.026505 134.54694 127.09125 156.83298 0.9160212
car 100.54341 162.37463 214.24863 265.08865 0.99836355
--
truck 250.7323 315.2828 120.39915 173.04 0.8651505
car 96.10543 133.04518 127.072205 156.30974 0.90747
car 99.15509 164.50844 212.2724 265.90915 0.9948381
--
truck 249.9693 310.52628 121.50425 174.87067 0.91459394
car 96.10435 133.4665 127.01574 156.44772 0.912302
car 102.67201 167.63895 211.83606 263.42712 0.9968385
--
truck 247.93468 309.62485 124.984215 178.1624 0.85823095
car 96.18239 133.42722 127.01824 156.50024 0.91667885
car 104.288635 169.17268 207.34851 256.87457 0.99347407
--
truck 240.38855 306.10437 129.04854 177.90472 0.8335763
car 96.06083 133.48186 126.904495 156.46466 0.92160875
car 109.84756 171.00948 206.89627 255.12595 0.99476796
--
truck 239.0442 303.83228 128.70934 181.53143 0.77659875
car 96.12227 133.33165 127.11895 156.13571 0.90787685
car 114.75325 172.33446 205.78572 252.49153 0.99598277
--
truck 239.46121 299.79453 123.94084 177.43591 0.68566895
car 96.21541 133.17424 127.13284 156.06094 0.8908419
car 117.84264 172.40327 203.54169 251.56966 0.9932198
--
truck 239.20848 299.7634 124.00258 177.44852 0.70041364
car 96.23006 133.22491 127.15574 156.05223 0.89356625
car 117.83273 172.38574 203.53001 251.37299 0.9938681
--
truck 238.51523 296.72192 124.4493 177.08633 0.67767406
car 96.074905 133.175 127.121346 156.15904 0.8899266
car 120.3283 172.33664 201.48227 247.19388 0.994329
--
truck 235.16313 291.28433 123.37004 177.26326 0.64665157
car 96.04948 133.51414 126.92289 156.4488 0.9103112
car 122.0679 176.97131 198.66623 246.33134 0.9952466
--
truck 235.06183 289.23492 124.104706 178.59616 0.44012642
car 95.94709 133.67902 126.79598 156.55042 0.9220749
car 123.39991 179.60817 196.54779 244.2 0.99399775
--
truck 236.06476 287.40997 124.39307 178.48915 0.40703768
car 96.03087 133.38449 126.75581 156.65881 0.9300198
car 126.306984 182.22665 195.14995 241.9061 0.9851188
--
car 96.241356 132.93939 127.14305 156.04265 0.8634942
car 129.26193 182.61847 191.86952 238.39006 0.9672113
--
truck 243.0443 283.2898 124.12803 179.18465 0.38323563
car 96.311554 133.45358 126.719795 156.87973 0.9154234
car 129.82993 182.74258 191.41347 238.85577 0.9521074
--
truck 244.01721 280.0395 127.44396 177.94914 0.40148816
car 96.451485 133.51022 126.84772 156.924 0.89458126
car 131.47485 185.45906 190.25093 238.69171 0.9163611
--
car 96.32949 133.00584 127.16738 156.35143 0.8636846
car 133.41362 187.16916 189.8596 237.9984 0.9061438
--
truck 195.21777 261.2912 142.49011 195.66054 0.3349168
car 135.68407 187.52191 188.84618 237.128 0.8387688
car 96.37778 132.93295 126.98716 156.58514 0.8799693
--
car 191.78067 265.52942 141.13194 196.26184 0.37281883
car 96.40534 132.78563 127.077095 156.63843 0.8756776
car 136.98631 188.61281 187.42236 233.53864 0.9349989
--
car 96.43696 132.44832 127.292274 156.32764 0.87332994
car 138.16585 189.22641 185.26782 231.2498 0.9230634
--
car 96.43281 132.44554 127.23607 156.37819 0.87111455
car 138.23546 189.17374 185.25565 231.32248 0.9265248
--
car 139.65657 189.48843 183.77368 229.139 0.88055766
car 96.38678 132.62291 127.08973 156.3527 0.90903157
--
car 216.7936 259.6351 129.00551 162.26566 0.42253554
car 145.10051 195.64442 178.79594 227.52422 0.8155135
car 96.48781 132.7401 126.90076 156.72476 0.89370686
--
car 145.01913 184.02815 181.06561 223.59528 0.8347861
car 96.49122 132.80846 126.83441 156.79349 0.86603
--
car 165.21747 217.41022 149.02382 201.35068 0.41189247
car 96.61876 133.43434 126.77454 156.68146 0.8751537
car 146.42935 183.42696 181.53265 223.83229 0.9162481
--
truck 148.08786 252.9847 136.54811 213.90063 0.40533894
truck 147.77588 210.49423 157.39558 219.87762 0.49539703
car 146.7075 181.88516 182.43565 224.86469 0.7816869
car 96.53269 133.19998 126.78725 156.67886 0.9034124
--
truck 148.17528 210.61826 158.99228 218.55133 0.51132256
car 76.25247 95.236046 117.05772 141.17717 0.32104874
car 206.87717 248.56508 129.19704 163.42668 0.4323762
car 145.83904 181.57018 182.36989 225.22592 0.77582717
car 96.0883 132.48209 126.56134 157.15942 0.9051057
--
truck 155.37585 241.4326 138.50014 202.5748 0.74438757
car 76.20877 95.29054 116.70119 141.2381 0.32254085
car 145.41748 179.49931 183.55618 225.52216 0.732157
car 96.10814 132.26692 126.602776 157.14156 0.89514846
--
truck 157.5096 239.09882 137.74786 198.83232 0.7729099
car 143.90166 177.92769 182.76793 226.65436 0.7854133
car 96.18457 132.34457 126.5429 157.25293 0.8783221
--
truck 148.66216 205.35837 145.18468 201.3784 0.39905068
truck 159.03546 236.55263 137.13686 197.84898 0.69186324
car 76.27649 95.49162 116.664764 141.10718 0.31860477
car 143.40114 174.2728 182.97168 226.47565 0.527592
car 96.23245 132.26266 126.49875 157.28265 0.8974725
--
truck 142.28024 243.0552 134.66765 206.16135 0.9386038
car 96.27361 132.49294 126.409424 157.39015 0.89962435
--
truck 147.06166 243.35815 133.84937 201.51779 0.95301914
car 137.63663 168.75644 194.91725 228.25977 0.41245535
car 96.32608 132.64539 126.47012 157.26558 0.888755
--
truck 147.04019 243.65465 133.90883 201.54419 0.9544212
car 137.67139 168.77364 194.75032 228.20335 0.46062714
car 96.34536 132.62065 126.506325 157.19397 0.88226724
--
truck 145.96953 238.66016 135.03482 199.63342 0.9273408
car 135.91008 167.4102 191.52382 229.45802 0.3466417
car 96.27077 132.66293 126.68379 156.9829 0.9063607
--
truck 145.63565 234.11774 135.51434 201.01448 0.8464873
car 132.46962 167.78471 183.58131 229.25693 0.35093847
car 96.381355 132.44809 126.63009 156.93648 0.9216891
--
truck 135.75223 241.01614 135.50484 206.96973 0.9086318
car 96.48155 132.53284 126.861435 156.66153 0.8883262
--
truck 128.81091 231.17964 134.99615 213.57185 0.9457817
car 128.57501 160.63484 188.23093 230.92851 0.30386814
car 96.38738 132.48618 126.97039 156.39336 0.8747626
--
truck 128.28282 230.33382 138.13295 213.28806 0.91993463
car 126.586365 161.5943 187.92105 231.91147 0.63641936
car 96.49343 131.95227 127.36508 155.85808 0.8319395
--
truck 126.74639 230.48732 136.84834 210.40764 0.9329597
car 126.73071 162.74167 189.36443 231.8407 0.6947589
car 96.39767 132.29224 126.883026 156.48553 0.8028086
--
truck 128.2695 229.23718 137.87393 214.87595 0.94214785
car 96.44772 131.74625 126.93841 156.34424 0.76985395
--
truck 122.65074 228.19608 139.69118 215.92488 0.9596866
car 96.50275 131.95866 126.81494 156.73488 0.8102141
--
truck 121.48556 230.01746 137.97829 215.2479 0.9730222
car 96.3592 132.17755 126.56646 156.9197 0.84857196
--
truck 123.595345 228.58127 140.29562 216.40753 0.9726186
car 96.43387 132.28786 126.318985 157.27502 0.8605263
--
truck 119.03356 225.7003 141.86507 217.88957 0.944906
car 96.333916 132.04881 126.57253 156.92902 0.8283948
--
truck 118.72501 225.49405 141.5633 217.85301 0.9501956
car 96.322914 132.1435 126.505844 156.93417 0.8337797
--
truck 112.8557 224.52515 142.84912 223.591 0.98448366
car 96.35953 132.14734 126.46706 157.02267 0.8386291
--
truck 111.51589 218.55936 143.13177 220.91318 0.9600743
car 109.93688 151.40309 191.83406 235.8961 0.401203
car 96.14784 132.72108 126.274155 157.28053 0.87041146
--
truck 106.89218 213.65082 143.51393 224.01526 0.942041
car 96.10589 133.06126 126.30897 157.3794 0.91360813
--
truck 100.55658 210.2796 142.22658 225.78314 0.9367038
car 96.084496 133.76895 126.22842 157.51596 0.9107311
--
truck 107.35096 207.1034 141.36945 226.26004 0.921645
car 96.21654 133.19379 126.185104 157.56918 0.91418844
--
truck 105.516754 207.51746 141.39131 226.57233 0.94390786
car 76.595406 96.53819 116.47324 141.775 0.32216623
car 96.48012 133.31873 126.18709 157.60757 0.9017078
--
truck 109.36172 215.16864 144.19052 208.84947 0.91601646
car 96.55177 133.12526 126.03964 157.69194 0.85875916
--
truck 106.4242 215.76457 143.60924 208.77118 0.9384596
car 96.55712 132.74165 126.262886 157.42752 0.8010994
--
truck 105.25217 216.56871 143.46773 208.66835 0.9434219
car 96.71627 132.60628 126.40606 157.33504 0.7478827
--
truck 104.91329 215.40193 142.64336 208.7367 0.9278712
car 96.82831 132.05672 126.33688 157.39832 0.7586134
--
truck 103.07028 215.85243 142.38577 208.11635 0.8995096
car 96.69143 131.79071 126.32204 157.38933 0.7791537
--
truck 103.10342 215.87895 142.41708 208.29672 0.88915354
car 96.63245 131.90126 126.336174 157.44896 0.7859126
--
truck 105.212814 213.84117 142.94865 208.58278 0.97111666
car 96.78168 131.17944 126.39401 157.31792 0.74528867
--
truck 104.437004 212.07312 142.06427 209.2219 0.9457132
car 96.93347 131.56062 126.40796 157.2748 0.76145715
--
truck 103.756134 211.20131 142.02495 208.99681 0.9278943
car 96.87813 131.70718 126.6139 157.27269 0.71463543
--
truck 105.445274 209.30385 141.59908 209.67888 0.87401676
car 97.315834 131.32187 126.860664 157.20895 0.5178726
--
truck 105.80109 208.07707 141.91626 208.53958 0.7455368
car 76.42485 95.701294 117.69649 142.02211 0.31825718
car 97.27573 131.38126 126.64265 157.27733 0.6552458
--
truck 107.53438 208.59155 142.09854 208.51956 0.6915588
car 76.510315 95.4599 118.36567 142.1175 0.334295
car 97.061905 130.26689 126.498085 156.82007 0.71991867
--
truck 107.696976 207.48344 141.9827 207.90996 0.5174537
car 76.2999 95.13548 118.51741 142.31989 0.36411583
car 97.13381 130.05263 126.59184 156.65672 0.70117307
--
truck 106.149124 207.88788 141.69386 207.78914 0.5245916
car 76.32117 95.09288 118.45544 142.42827 0.3650747
car 97.26896 129.98187 126.67532 156.5481 0.6955647
--
truck 106.64183 207.53171 141.70515 207.62701 0.43563104
car 76.29156 95.2514 118.29492 142.16609 0.35079488
car 97.07536 130.10776 126.58868 156.73444 0.71826684
--
truck 106.246704 207.32416 141.73521 208.11667 0.41883835
car 76.21546 95.056984 118.511 142.30579 0.3796058
car 97.110016 130.07092 126.66137 156.66037 0.75533164
--
truck 105.9374 207.46191 141.80496 208.3696 0.5208836
car 76.1584 95.01377 118.34866 142.0786 0.37594503
car 97.06467 130.0954 126.627045 156.71481 0.7600223
--
truck 105.84789 207.66681 141.85292 208.23381 0.53756386
car 76.11611 95.012955 118.28782 142.21696 0.3771349
car 97.054886 130.15724 126.62738 156.66591 0.7747744
--
truck 105.97299 207.53084 142.01334 207.91705 0.5013113
car 76.10502 94.974625 118.228294 142.0287 0.39528075
car 97.11951 129.66333 126.58199 156.71101 0.7847465
--
truck 105.44167 207.7644 141.93565 208.38048 0.54529846
car 76.11808 95.05512 118.15281 141.89058 0.37690395
car 97.09738 129.6966 126.58112 156.8527 0.77039915
--
truck 104.96032 208.029 141.63611 209.04875 0.6665514
car 76.08867 94.76034 118.589485 141.95064 0.3565377
car 96.93703 129.6858 126.38893 156.84015 0.7718295
--
truck 105.088295 208.08295 141.8389 208.69698 0.66273415
car 76.042725 94.76369 118.61027 142.10556 0.37041816
car 97.0889 129.23123 126.54101 156.64684 0.72541463
--
truck 105.46648 208.42522 141.49663 209.25288 0.69675225
car 76.14614 94.75656 118.53598 142.21143 0.3982489
car 96.99908 129.62744 126.40145 156.83217 0.8063711
--
truck 105.07941 207.59819 142.02129 210.08502 0.82603
car 76.22954 94.72096 118.50965 142.47333 0.36909223
car 96.9357 129.4123 127.003296 156.48384 0.76889247
--
truck 104.91151 207.81905 142.02765 209.9705 0.85364383
car 76.17372 94.58269 118.39195 142.41519 0.3676585
car 96.93261 129.46118 126.96862 156.66556 0.7783628
--
truck 105.94103 208.19469 142.31955 209.62796 0.7974939
car 76.2275 94.75706 118.398834 142.43314 0.35394603
car 96.883 129.50044 127.07062 156.38853 0.7581476
--
truck 105.95889 207.68489 142.3467 209.82863 0.7382254
car 76.07836 94.64208 118.27387 142.55786 0.34203637
car 96.95268 129.33311 127.12777 156.3406 0.7202088
--
truck 106.1855 207.91743 142.55309 209.64384 0.74524677
car 75.99277 94.62162 118.06294 142.601 0.3727159
car 96.95886 129.42227 127.1198 156.38304 0.7223678
--
truck 106.043724 208.07507 142.55832 209.31564 0.7490211
car 75.89713 94.8668 117.93786 142.1128 0.3785234
car 96.98017 129.34004 127.347206 156.2128 0.67510015
--
truck 105.75596 207.93669 142.69792 209.10866 0.73359853
car 75.905464 94.78957 118.04722 142.16975 0.37958667
car 96.98929 129.20763 127.35901 156.21776 0.6622313
--
truck 105.72611 208.13286 142.84035 209.09238 0.79002327
car 96.94641 129.06752 127.45623 156.08583 0.69173235
--
truck 105.73663 208.30316 142.54196 209.15715 0.73787546
car 97.01582 129.0835 127.43851 156.16872 0.6393945
--
truck 107.06161 207.89195 142.76588 208.7105 0.78305316
car 76.1035 95.46164 117.57333 141.58505 0.34602112
car 96.99851 128.96974 127.428566 156.11784 0.6635092
--
truck 106.669624 208.24309 142.86024 208.62843 0.8027203
car 97.0965 128.96635 127.47072 156.23932 0.56697524
--
truck 107.226364 207.53952 142.75089 209.13785 0.810507
car 97.128296 128.82784 127.41478 156.2934 0.55304945
--
truck 104.93323 206.89532 142.6005 209.28943 0.8205624
car 97.17498 128.81096 127.10527 156.28122 0.59700364
--
truck 104.45853 207.16887 142.29962 209.31146 0.7771669
car 97.234665 128.797 127.205574 156.21606 0.56808734
--
truck 105.00521 207.19577 142.32402 209.15501 0.78228444
car 97.27744 128.85046 127.19524 156.22687 0.5808574
--
truck 104.648125 207.18784 142.30205 209.25217 0.78793216
car 97.26727 128.85696 127.23381 156.19508 0.574138
--
truck 104.49919 207.40424 142.09258 209.35574 0.75751954
car 97.32483 128.94783 127.296364 155.91588 0.55905515
--
truck 103.94564 207.40907 141.91692 209.54626 0.7588863
car 97.46379 129.02872 127.29784 155.9344 0.6115331
--
truck 104.101295 207.46857 141.95824 209.51694 0.75832033
car 97.4409 128.92957 127.28545 155.9569 0.6065202
--
truck 104.02838 207.44154 142.03947 209.4976 0.7703741
car 97.46367 128.9151 127.309 155.96068 0.58307993
--
truck 104.1608 207.43758 142.07715 209.44327 0.7832923
car 97.435356 128.94456 127.34137 155.96509 0.5552144
--
truck 104.33793 207.30457 142.20848 209.49486 0.79676497
car 97.473175 129.01465 127.34961 156.00307 0.5769987
--
truck 104.63166 207.24551 142.07587 209.49683 0.78582424
car 76.01309 95.04576 119.01265 142.61264 0.33794832
car 97.38038 129.03917 127.283134 155.94965 0.59414876
--
truck 104.72527 207.27008 142.38055 209.37518 0.79804546
car 76.040665 95.189606 119.09777 142.31792 0.40819418
car 97.24372 129.40642 127.22479 156.0864 0.5676188
--
truck 93.068634 136.93181 175.65572 241.39508 0.36075065
truck 107.31556 206.76198 143.36394 208.21692 0.74141467
car 97.26834 129.72159 126.86635 156.89081 0.37920085
--
truck 93.24046 136.97325 175.4487 241.37753 0.35389638
truck 107.52149 206.8264 143.44106 208.11719 0.7435711
car 97.28502 129.56859 126.74979 157.01392 0.36818346
--
truck 93.4253 137.0181 175.88025 241.34581 0.39661646
truck 107.84417 206.95029 143.60579 207.9514 0.7578203
car 97.2896 129.52797 126.82134 157.00996 0.3235666
--
truck 93.56733 137.06027 176.01128 241.487 0.38338265
truck 107.2033 207.11798 143.57335 208.07233 0.7963875
car 97.31009 129.73485 127.07576 156.81633 0.35519427
--
truck 93.49407 137.05984 176.38176 241.45259 0.38520983
truck 107.10943 207.19861 143.57361 208.11386 0.8113032
car 76.350845 96.034 118.056526 141.987 0.3024378
car 97.2308 129.7122 127.12571 156.80577 0.35540769
--
truck 93.520134 137.07092 175.5919 241.48936 0.39301077
truck 107.305916 206.97917 143.47543 208.14981 0.8028718
--
truck 93.51271 137.03166 175.13004 241.47514 0.3789885
truck 107.277756 207.01186 143.32265 208.22705 0.79178303
--
truck 93.29256 136.92961 175.01784 241.44531 0.37936133
truck 107.20521 206.88889 143.28233 208.10262 0.7900285
car 76.453285 96.10454 118.21094 141.9337 0.301232
car 98.31083 129.59981 131.00653 158.0906 0.3036267
--
truck 93.3664 136.96355 174.87679 241.43394 0.38498497
truck 107.27351 206.71042 143.24486 208.10706 0.7907515
car 76.55061 96.17404 118.14118 141.93156 0.30277267
--
truck 93.277985 136.62827 176.18837 241.38406 0.3972387
truck 107.19856 206.81828 143.26427 208.17221 0.81044734
car 76.51626 96.24248 118.24711 141.91469 0.3266035
--
truck 93.347176 136.7855 176.57565 241.4355 0.41101715
truck 107.43384 206.72476 143.28096 208.18463 0.81013745
car 76.66942 96.29108 118.78072 142.03072 0.36425328
--
truck 93.41759 137.03612 175.87325 241.52713 0.39728558
truck 107.55795 206.63873 143.32246 208.14798 0.8058668
car 98.19348 129.7419 130.94014 158.27791 0.3308361
car 76.72073 96.2268 118.67823 141.94536 0.33746445
--
truck 93.14131 136.7805 175.10008 240.19836 0.34619403
truck 107.33224 206.19983 143.18219 208.62933 0.78591275
car 78.00408 95.5134 122.58522 140.97986 0.40076286
car 96.870834 129.67137 126.955185 156.56628 0.6277342
--
truck 93.18712 136.83667 174.68777 240.20245 0.34151003
truck 107.63626 206.01794 143.23079 208.5595 0.77525216
car 77.980736 95.499626 122.61233 141.00082 0.40712407
car 96.883705 129.69118 126.894 156.62068 0.6446034
--
truck 93.28635 136.94243 174.67859 240.22952 0.32386473
truck 107.70291 205.98769 143.15163 208.63884 0.77217835
car 78.06518 95.55448 122.59699 140.89642 0.41206428
car 96.88384 129.66791 126.94169 156.66211 0.6449225
--
truck 93.16175 136.9546 174.98148 240.21332 0.32185775
truck 107.33291 205.99545 143.17628 208.67479 0.8002957
car 77.95561 95.42365 122.56227 141.15381 0.44550586
car 96.9175 129.62486 127.09135 156.5171 0.66005427
--
truck 93.287415 137.11057 174.20074 240.01764 0.34161484
truck 108.537056 205.66312 143.20874 208.59306 0.7479576
car 77.982376 95.42507 122.71668 140.77975 0.44060364
car 97.836235 129.56223 130.69276 158.3876 0.6193466
--
truck 93.05985 137.02461 174.19295 240.00853 0.31579062
truck 107.61718 206.07027 143.0626 208.68742 0.7728095
car 77.94228 95.378975 122.73443 140.84402 0.48279318
car 97.806305 129.49701 130.66653 158.37907 0.6310522
--
truck 93.07739 137.00034 174.31624 240.09938 0.3117471
truck 107.70854 205.99792 143.21196 208.61253 0.7633851
car 77.89084 95.37913 122.7737 140.79514 0.46627137
car 97.88693 129.52596 130.52638 158.40578 0.62869596
--
truck 107.405075 206.14581 143.15816 208.65063 0.7624351
car 77.94265 95.28026 122.7493 140.824 0.4348006
car 97.9355 129.48111 130.49309 158.38734 0.6034192
--
truck 107.419754 206.12541 143.1743 208.78232 0.78285825
car 78.019485 95.33209 122.92019 140.66551 0.4573493
car 97.89549 129.59842 130.19003 158.643 0.5959743
--
truck 107.39087 206.17891 143.05255 208.86304 0.7848507
car 78.27025 95.70403 122.89899 140.7204 0.42404652
car 98.02171 129.75935 130.16794 158.63327 0.60010093
--
truck 107.26052 206.17822 143.057 208.87874 0.7983916
car 78.239784 95.78076 122.95937 140.6765 0.44518533
car 98.07779 129.63351 130.34723 158.45517 0.57002085
--
truck 106.98468 206.49414 142.96753 208.88362 0.8146708
car 78.28302 95.94583 122.99042 140.84995 0.46216303
car 98.128746 129.35545 130.49097 158.31384 0.50347173
--
truck 105.97355 206.71426 142.7787 209.07146 0.8455077
car 98.1025 129.22081 130.8944 157.94713 0.43115965
car 76.67644 97.03307 119.360794 142.4881 0.4962097
--
truck 106.20472 206.77156 142.82474 209.04004 0.8463071
car 98.053795 129.10161 130.99995 157.90636 0.42633244
car 76.63157 97.10992 119.34044 142.43602 0.4978098
--
truck 106.103516 206.79271 142.77376 209.10887 0.84893745
car 98.14413 129.13934 130.92451 157.91 0.41599438
car 76.70748 97.07868 119.43327 142.58136 0.4703299
--
truck 106.046295 206.81975 142.82437 209.03107 0.8453177
car 98.18674 128.95023 131.07259 157.91832 0.31434882
car 76.70981 96.984116 119.29887 142.56335 0.418365
--
truck 105.95488 206.91544 142.87526 209.02266 0.8453138
car 98.172455 128.86746 130.95383 157.96297 0.3029428
car 76.69048 97.14666 119.180534 142.38246 0.43616107
--
truck 106.01516 206.8629 142.82344 209.05006 0.8470439
car 98.606865 128.44437 131.63336 157.82373 0.3690655
car 76.77591 96.91315 119.04315 142.43759 0.44825912
--
truck 105.52445 206.9737 142.82565 209.03131 0.8575803
car 98.729256 128.34276 131.93547 157.6109 0.34088406
car 76.80733 96.92677 119.0821 142.56082 0.42949593
--
truck 105.826996 206.98647 142.85626 209.0517 0.8737464
car 76.89952 96.94411 119.101654 142.61688 0.43407324
--
truck 105.90321 206.9976 142.88219 209.1624 0.88534504
car 76.91917 96.998856 119.073654 142.47057 0.48255652
--
truck 106.11774 207.06053 143.05383 209.07375 0.87487084
car 97.410446 130.40666 126.89956 156.75366 0.33548743
car 76.90168 96.56618 119.33476 142.1737 0.5104771
--
truck 106.05861 206.89902 143.11145 209.00739 0.8762883
car 78.11106 96.16351 123.08481 140.0462 0.51846683
car 97.28848 130.26332 127.06388 156.552 0.5412117
--
truck 105.994194 206.98418 142.93985 209.09677 0.8705802
car 97.5319 129.9642 127.11469 156.60112 0.40038958
car 78.16356 96.01673 123.11346 139.89706 0.49316984
--
truck 106.399445 206.48692 143.34671 209.12503 0.87435627
car 77.00064 96.793 119.9693 142.33218 0.50363773
--
truck 106.366264 206.56493 143.4329 209.06934 0.8733398
car 95.236694 132.40277 195.44461 244.37476 0.30642393
car 76.91591 96.79527 119.96453 142.28639 0.5062771
--
truck 106.783134 206.49939 143.3578 209.10939 0.8683335
car 97.70625 131.16692 126.46743 156.95715 0.31849375
car 78.015785 96.217026 123.17 140.40106 0.48392302
--
truck 106.6427 206.53142 143.22954 209.12714 0.86339015
car 77.94869 96.268135 123.14188 140.5948 0.50871354
--
truck 106.18991 206.49812 143.16481 209.16301 0.8605431
car 78.05793 96.34034 123.21004 140.40706 0.50551796
--
truck 105.01563 206.62221 142.89087 209.43658 0.858816
car 77.06821 97.3115 119.59109 142.10658 0.5334611
--
truck 104.88916 206.67172 142.81956 209.60614 0.86306524
car 77.29949 97.47409 119.625854 141.90776 0.4992618
