--
car 294.42062 319.9125 74.79199 95.83527 0.7119438
car 67.07027 169.38322 166.7404 250.86674 0.99446666
--
car 294.43658 320.19693 75.1077 95.59014 0.795072
car 67.74561 169.38567 167.60506 250.79668 0.9938625
--
car 294.45435 319.71567 74.9349 95.51772 0.87301505
car 69.61708 173.78952 166.689 250.13329 0.99053025
--
car 293.77097 318.56482 74.6827 95.716515 0.91333485
car 75.4324 182.24944 164.21628 248.37683 0.986962
--
car 293.4548 318.05573 74.72976 95.62437 0.87664694
car 76.96409 182.28502 163.67378 247.35733 0.98511034
--
car 293.19785 317.63492 74.52195 95.90765 0.81061643
car 79.11859 183.654 162.52785 245.39305 0.9836052
--
car 291.46777 316.0292 75.80694 96.34528 0.8074556
car 80.93099 184.55547 162.22353 245.50565 0.97857
--
car 291.4939 315.9997 75.94294 96.30023 0.8154302
car 80.87169 184.56421 162.24426 245.51978 0.98080856
--
car 1.9076277 11.607675 65.97703 83.15163 0.35775074
car 290.5544 315.63782 75.98454 96.86754 0.5463696
car 86.504074 182.50385 162.78163 241.62004 0.9828461
--
car 1.9031583 11.777142 65.89814 83.018936 0.36161536
car 290.05634 314.7715 76.54313 96.52865 0.7670419
car 88.97971 186.98268 159.57791 242.85643 0.9472799
--
car 1.9229382 11.71192 66.026566 83.05696 0.39094105
car 289.5543 314.57178 76.25282 96.83535 0.8505242
car 89.57778 188.47102 159.1764 242.83304 0.9656619
--
car 1.9165014 11.735085 66.019615 83.079 0.39831606
car 288.97183 314.04785 76.173294 96.79681 0.8613843
car 90.30662 188.8316 159.25015 242.60037 0.9673598
--
car 288.1435 313.80316 76.34914 97.0032 0.8897743
car 90.30915 190.0755 158.7735 242.95886 0.96219146
--
car 288.21472 313.8341 76.321236 97.04686 0.8950717
car 90.353004 190.17728 158.78275 242.90361 0.96098965
--
car 287.88162 313.43204 76.28973 97.04212 0.8225271
car 91.694954 190.81189 159.05281 242.5011 0.9571289
--
car 285.9447 312.6891 76.15405 97.024414 0.8328804
car 89.16697 194.1797 155.24908 234.76105 0.9544008
--
car 286.03687 311.85583 76.03666 97.17207 0.91025716
car 90.28895 194.23595 155.21898 234.2255 0.94272465
--
car 285.25488 311.1968 75.61182 97.67471 0.921941
car 91.82888 193.96559 155.00029 233.95229 0.9329297
--
car 284.96155 310.41537 75.71308 97.5567 0.8784411
car 91.47308 194.46367 155.0188 233.96863 0.9382091
--
car 284.9766 310.37842 75.75854 97.52297 0.88970846
car 91.43663 194.53188 154.94344 234.00476 0.932364
--
car 0.15081614 10.184766 248.71135 322.55566 0.3829909
car 284.38245 309.57565 75.651054 97.77023 0.8730652
car 90.806625 195.37518 154.61719 233.57013 0.9068538
--
car 284.01556 308.4808 75.94375 97.756424 0.84931785
car 91.15488 195.0515 154.19107 233.92839 0.8901489
car -0.69223344 33.1194 223.10274 303.06784 0.9637105
--
car 283.14752 308.83005 75.54468 98.15561 0.7403758
car 91.06757 194.83934 154.2004 233.96024 0.88468426
car -1.8881947 46.250015 220.79826 301.47937 0.983247
--
car 283.36484 308.38483 75.77802 98.08542 0.82771295
car 91.58823 194.54134 154.16579 233.93509 0.89537114
car -0.48398495 55.397682 213.20813 316.4733 0.94577295
--
car 281.90427 307.5059 74.2691 99.4756 0.76118183
car 92.69316 195.0871 159.0426 232.57915 0.91321075
car -0.30365825 64.809364 207.49979 314.2416 0.9454524
--
car 281.9256 307.49124 74.21935 99.5159 0.7515484
car 92.92407 194.85934 158.9524 232.72006 0.89912313
car -0.27596712 64.79116 207.32953 314.45734 0.9471194
--
car 281.863 307.57037 76.57909 100.12131 0.7602538
car 93.02589 195.11763 158.85286 232.88132 0.9145284
car 1.8016148 74.24469 198.05637 297.96347 0.9486406
--
car 281.5418 307.38248 76.909546 99.90262 0.8062647
car -1.8662667 93.77888 190.43057 331.7813 0.83811724
car 89.752975 194.3316 155.3473 234.21184 0.8970604
--
car 281.02713 307.15192 76.738106 99.96491 0.87110144
car 87.79388 194.28702 156.3114 233.51128 0.8963205
car -0.0873971 95.86446 195.74435 300.0271 0.90228873
--
car 92.47593 194.7909 158.7196 232.67331 0.8636351
car 280.9733 306.73355 76.74137 100.13484 0.9028522
car -1.1900818 102.66362 192.76692 297.4318 0.9372369
--
car 94.55822 193.92734 158.52489 232.01703 0.7797503
car -0.13438582 105.4808 185.01183 278.97952 0.79337806
car 279.74637 306.46167 76.74656 100.283264 0.9117699
--
car 94.45069 194.04848 158.50687 231.98077 0.7893686
car -0.28040886 104.94024 185.19531 277.95816 0.8412453
car 279.7543 306.4342 76.77475 100.28186 0.8943565
--
truck 83.146255 195.32396 152.61272 236.68697 0.34875414
truck 2.5011528 103.75006 181.5682 272.6833 0.6869487
car 278.79807 306.23935 77.369225 100.04092 0.8768643
--
truck 5.0094867 191.27051 158.51149 267.61414 0.7136398
car 278.37268 305.99146 77.78097 99.72011 0.7893819
--
truck 12.219572 193.40819 160.01897 262.09363 0.74197036
car 276.8626 305.2502 78.28493 99.41026 0.80201393
--
car 114.47555 205.45476 155.67072 219.6392 0.42363554
car 20.86313 169.02524 164.27335 263.0287 0.5897897
car 275.9599 304.6502 78.31962 99.22757 0.86024976
--
car 117.29079 207.90541 153.37924 216.08939 0.7238563
car 18.483164 118.0761 168.91261 257.44717 0.7697649
car 275.9921 304.32144 78.146996 99.23134 0.88525116
--
car 117.38501 207.89516 153.47395 216.06229 0.70423406
car 18.005947 119.826706 169.45148 256.58313 0.7522517
car 276.01862 304.2712 78.14793 99.25582 0.8845986
--
car 275.46176 303.9116 78.481224 99.336296 0.79482746
car 20.760052 118.839226 166.78206 256.07242 0.9007251
car 120.11501 209.53877 153.21564 215.54298 0.9235807
--
car 28.141165 132.65236 164.80026 252.75806 0.6938427
car 127.42349 212.27011 150.81602 214.44684 0.8199598
car 274.01544 302.88855 78.12298 99.91191 0.85270834
--
car 128.30891 213.12485 149.9386 216.63287 0.8289001
car 273.69308 301.94632 77.93718 100.25728 0.85702395
car 27.510159 134.56999 165.65498 252.4853 0.8992416
--
car 273.63336 301.40192 78.308914 100.04608 0.86209595
car 28.337374 136.06752 165.4934 250.85463 0.8682677
car 131.26927 215.84694 150.4546 216.55257 0.87860155
--
car 28.663359 135.48122 166.97351 250.16359 0.7270215
car 135.09651 219.46294 147.61292 217.44945 0.8630053
car 273.23685 301.53345 77.770996 99.96882 0.876327
--
car 28.659828 135.40184 166.82922 249.85852 0.7180427
car 273.22043 301.7581 77.81772 100.02328 0.86465466
car 135.06735 219.34515 147.52086 217.45003 0.87245834
--
car 33.079407 138.07004 164.52339 249.09958 0.74820894
car 137.0132 222.23251 144.62753 208.24002 0.92001206
car 273.0065 301.6014 77.834915 100.195335 0.9244982
--
car 152.44185 224.68738 142.8512 206.54497 0.64609617
car 42.510384 151.11649 164.79816 244.75722 0.8520719
car 272.42694 301.4523 77.39309 101.01767 0.93725735
--
car 332.78485 353.1947 69.90723 92.54746 0.32590625
car 153.77174 226.2427 140.6698 204.82657 0.6117099
car 44.15564 155.4812 162.98895 241.29088 0.85428965
car 272.00443 301.84595 77.27599 100.60889 0.9406715
--
car 156.03587 228.56418 139.50223 205.16916 0.66694844
car 45.329033 155.12544 162.25269 243.64781 0.7819139
car 272.23654 301.3643 77.4337 100.66641 0.9382318
--
car 157.96025 229.61392 137.91168 202.17247 0.6739238
car 47.80663 155.81122 161.4711 241.41351 0.81983334
car 271.4243 299.4242 76.437454 102.151985 0.9250833
--
car 157.79932 229.45865 137.74306 202.48944 0.62102616
car 47.868652 155.8375 161.71147 241.2339 0.8103772
car 271.49707 299.26666 76.56648 102.146996 0.92815936
--
car 161.75008 231.94562 135.96141 199.84769 0.50779164
car 47.921776 156.4912 164.32114 241.99576 0.8701459
car 271.26505 299.6376 76.670876 102.1456 0.96137935
--
car 54.792393 154.50687 159.73628 244.48402 0.80396223
car 330.2964 351.04642 69.31505 91.79133 0.80780625
car 162.42566 236.54225 134.31097 200.4008 0.84343195
car 271.00018 299.65036 76.40374 102.23058 0.98159796
--
car 330.0325 351.02606 69.20906 92.00756 0.832673
car 166.75739 241.80505 132.74828 198.9183 0.8946683
car 53.71274 152.9158 159.12413 244.97615 0.9051732
car 270.69473 299.7268 76.27144 102.32083 0.982777
--
car 166.66568 242.5918 132.05576 197.39754 0.85090727
car 329.77994 351.18137 69.46917 91.90993 0.8598546
car 54.88212 152.86963 159.62422 244.83229 0.91445976
car 270.548 299.68906 76.46085 102.113846 0.9819664
--
car 54.803783 156.522 159.64159 243.93672 0.8387724
car 329.63107 351.09497 69.49544 91.84847 0.84033185
car 169.31154 242.81721 132.58862 195.09938 0.90925694
car 270.53726 299.57 76.44359 101.96338 0.97763896
--
car 54.941628 156.41098 159.58026 243.88121 0.8383266
car 329.65134 351.09293 69.380516 91.834724 0.84926784
car 169.28513 242.83212 132.53145 195.28366 0.91322964
car 270.51773 299.6372 76.40238 102.010124 0.9783892
--
car 55.636997 154.34077 154.94359 238.1568 0.77039623
car 329.52914 350.74854 69.57286 91.9318 0.857569
car 169.9158 243.22363 132.26143 194.82405 0.8935719
car 270.20505 299.42496 76.678055 102.02948 0.9844755
--
car 328.22974 349.67065 70.529945 92.02582 0.77351594
car 54.91037 158.62248 158.67342 243.29619 0.8368735
car 174.2679 245.92458 132.89307 194.96191 0.8639703
car 269.72275 298.9382 76.65675 101.924675 0.98492473
--
car 55.190315 157.71838 158.81964 242.87921 0.8375233
car 328.1662 349.9203 70.41713 92.08334 0.8397539
car 176.64877 246.51941 129.97583 186.1189 0.86061525
car 269.68063 298.92703 76.624626 102.09331 0.9879094
--
car 55.202457 158.24243 158.96677 243.28537 0.8051861
car 179.49406 248.7919 128.60167 185.21333 0.8174546
car 327.81345 349.33136 70.13142 92.087036 0.86817425
car 269.5098 298.3161 76.85549 101.9658 0.9889921
--
car 54.670094 159.22685 158.3808 243.95819 0.74639076
car 327.56567 349.7878 70.10003 92.238075 0.76976675
car 179.77252 249.77414 128.83467 184.7493 0.9494796
car 269.28488 298.55435 76.99079 101.74467 0.9746699
--
car 54.602276 158.90825 158.3853 244.07149 0.7491217
car 327.57178 349.77338 70.10189 92.25418 0.7863785
car 179.65207 249.84071 129.02518 184.96715 0.94784504
car 269.28418 298.55188 76.98941 101.73523 0.97554094
--
car 54.669308 159.86098 158.21194 244.27716 0.66602755
car 327.1731 349.72388 70.2297 92.11869 0.82308865
car 182.34464 251.44507 128.39493 184.4793 0.8666937
car 269.0644 298.5485 77.09135 101.723076 0.9807115
--
car 55.0288 158.66481 158.25987 244.29443 0.6884
car 186.35324 252.42468 127.3704 182.24236 0.7829826
car 326.60516 349.6074 70.05673 92.4114 0.8765602
car 268.70276 298.19864 77.23294 101.60474 0.9708906
--
car 54.913567 158.87526 158.19421 244.58662 0.59243387
car 187.24867 253.28093 126.94568 180.371 0.73103946
car 326.40244 349.82065 70.18317 92.375984 0.85466945
car 267.98425 297.49707 77.57037 101.397514 0.9639435
--
car 54.467262 158.50096 158.00034 244.79262 0.61831033
car 188.77008 256.529 126.21866 179.94756 0.87448496
car 326.0815 349.63712 70.179375 92.21489 0.87667227
car 267.57138 297.75037 77.612366 101.512245 0.97333103
--
truck 53.86636 157.45122 157.77388 245.38248 0.5839383
car 189.21642 256.40036 125.87042 179.51752 0.89020234
car 325.91022 349.38583 70.09389 92.12491 0.9092653
car 267.4503 297.6302 77.61316 101.609566 0.9808378
--
car 54.291264 157.07408 157.74397 245.46303 0.60582584
car 189.2753 256.49164 125.646576 179.43903 0.89758545
car 325.88992 349.33438 70.03187 92.13156 0.9100884
car 267.41245 297.62564 77.64843 101.58302 0.9818039
--
car 54.668858 156.48973 157.38484 245.98412 0.65538543
car 325.42444 348.91858 70.570946 92.01121 0.8645245
car 190.14467 256.94366 126.16399 178.09488 0.94565976
car 266.41553 297.5511 77.53948 101.660225 0.9689509
--
truck 54.779892 156.4457 157.5156 245.41573 0.65538543
car 326.00937 351.6652 69.22032 93.37447 0.798893
car 191.30919 258.69977 125.10208 176.60828 0.9504144
car 266.04355 297.614 77.69285 101.738815 0.9688609
--
truck 54.900517 156.50049 157.93979 245.15527 0.629054
car 326.0307 351.55142 69.256874 93.52586 0.80751574
car 191.39322 258.8657 124.1753 174.74619 0.91687495
car 265.57135 297.4296 77.81264 101.71475 0.96268034
--
truck 54.91488 156.28528 157.96907 245.48183 0.6702449
car 324.55368 347.94385 71.15036 91.90578 0.84607774
car 192.54149 259.5494 123.942215 174.15163 0.9061252
car 265.63306 297.32098 77.58176 101.83708 0.9720523
--
car 194.259 260.17282 124.36017 173.78654 0.6998645
car 55.15234 157.94211 159.10373 243.2954 0.7299592
car 324.3733 347.4131 71.339264 92.179756 0.77676064
car 265.3761 297.6589 77.5578 101.78451 0.9574062
--
car 54.97279 158.3244 159.31691 243.19023 0.8013867
car 194.01791 259.9052 124.173584 172.66292 0.83051395
car 324.0428 346.82556 71.216774 91.99906 0.8778446
car 264.99988 298.35138 77.23059 102.03808 0.9487805
--
car 55.27059 157.7865 158.73056 243.86217 0.8013667
car 195.1583 260.814 123.115135 170.74464 0.8904686
car 323.60687 346.1862 71.34343 92.14708 0.8975754
car 264.84283 298.19092 77.04463 102.094315 0.94942755
--
car 55.367264 157.59224 158.38203 244.14578 0.8019531
car 323.35703 346.0641 71.31538 92.24874 0.9417763
car 197.49133 261.8747 122.97789 171.58116 0.9431786
car 265.09763 297.49734 76.887825 102.36081 0.9748173
--
car 55.42784 157.6544 158.84541 243.90152 0.80277514
car 323.23172 345.61136 71.544 92.31621 0.9318676
car 197.95337 262.06116 122.98437 170.23811 0.9330009
car 264.74548 297.64822 76.79739 102.36685 0.968497
--
car 54.954838 157.61307 158.60115 244.22148 0.7672199
car 322.8866 345.8384 71.96793 92.491554 0.9341617
car 199.0193 262.91043 122.94105 170.14977 0.95565194
car 264.76917 297.71332 76.78031 102.390076 0.971325
--
car 55.044167 157.97803 158.41994 244.4464 0.77441895
car 199.03319 263.32318 122.64865 170.17227 0.93097216
car 322.65356 345.71167 72.001526 92.395424 0.94359595
car 264.66565 297.62155 76.99765 102.38909 0.9731409
--
car 55.024117 157.692 158.37747 244.425 0.7810653
car 199.0809 263.2522 122.502075 170.03316 0.9345018
car 322.64905 345.7109 72.00651 92.41194 0.9442675
car 264.524 297.68887 76.98569 102.29634 0.9716237
--
car 54.88567 158.12335 158.36032 244.62125 0.7822687
car 199.24916 263.17297 122.07776 170.00784 0.90660584
car 322.5124 345.81137 72.187965 92.62636 0.93406326
car 263.7177 297.68796 76.76411 102.50316 0.97549707
--
car 54.97113 158.5655 158.89851 244.0372 0.75350326
car 199.67139 263.64023 121.108536 170.72464 0.9130385
car 322.23553 346.04175 72.41446 93.10722 0.95675755
car 263.57428 297.35364 77.15445 102.516624 0.98471534
--
car 54.899647 158.43762 158.62695 244.2641 0.78417784
car 199.93138 264.25925 120.83836 171.19733 0.9235272
car 322.1155 346.05637 72.544754 93.26093 0.9535172
car 263.55646 297.11584 77.272255 102.56727 0.98501325
--
car 55.16462 158.33398 158.53676 244.5018 0.80584186
car 199.93091 264.34412 120.89777 171.1284 0.91195095
car 321.9689 346.02982 72.42354 93.27173 0.9555838
car 263.85876 296.86856 77.207855 102.661575 0.98817474
--
car 54.92529 158.74677 158.12248 245.49487 0.81201565
car 200.76845 264.71774 120.76702 170.83351 0.8477864
car 321.5219 345.9756 71.84687 93.56944 0.9502895
car 263.9222 296.88647 77.235634 102.729294 0.9818332
--
car 54.875107 158.66196 158.0521 245.44293 0.8132626
car 200.86467 264.81158 120.5651 171.10875 0.8542786
car 321.49338 346.01218 71.85405 93.562706 0.9519096
car 263.89984 296.88354 77.14331 102.74914 0.9802957
--
car 54.89348 158.58348 157.72556 246.22336 0.7987157
car 200.95888 264.79843 120.506096 171.2385 0.84909874
car 321.59625 346.07626 72.008644 93.3719 0.95596457
car 263.66998 296.98352 77.103745 102.66188 0.9803149
--
car 55.196987 158.15286 157.60623 245.96693 0.8053156
car 200.8251 264.62033 120.44113 171.64856 0.8647988
car 320.52643 342.79315 72.51879 93.71335 0.94795054
car 263.87155 296.74097 77.02134 102.64847 0.9784261
--
car 55.16186 158.4273 157.74799 245.74329 0.8105686
car 200.69136 264.75357 120.55544 171.6769 0.86848724
car 320.4524 342.74393 72.75792 93.842514 0.95842165
car 263.79285 296.85458 77.18446 102.5889 0.97564954
--
car 55.116867 158.36531 157.76013 245.84564 0.820023
car 200.78145 264.68292 120.99541 171.88504 0.8588642
car 320.2336 342.93433 72.28298 93.9598 0.96742636
car 263.74176 296.7927 77.13605 102.639 0.9773042
--
car 55.196712 158.33759 157.71233 245.93803 0.8199412
car 200.65318 264.81006 121.28569 171.32603 0.89772755
car 320.07767 342.89008 72.43201 94.07522 0.9743103
car 263.8087 296.60928 77.28457 102.64376 0.9792771
--
car 55.17781 158.49759 157.78381 245.89261 0.82060117
car 200.8729 264.52292 121.4702 171.30206 0.8784901
car 320.09277 342.8747 72.41193 94.0529 0.9732023
car 263.6954 296.6696 77.21375 102.58898 0.97569543
--
car 55.3057 158.47249 157.73352 245.90172 0.831559
car 201.2129 264.85748 122.286064 171.7211 0.9039953
car 319.8752 342.75314 72.59452 94.13743 0.9776758
car 263.74402 296.71445 77.349236 102.53635 0.9789047
--
car 55.59783 158.39023 157.76265 245.82965 0.822524
car 201.38031 264.7502 122.74113 172.15602 0.8775761
car 319.5525 342.78583 72.238464 94.39799 0.973174
car 263.55832 296.8457 77.43621 102.47138 0.97694147
--
car 55.465996 158.48074 157.679 245.89046 0.8302803
car 201.25418 264.73724 122.70385 172.1873 0.8889851
car 319.74005 342.73154 71.929756 94.39224 0.97080356
car 263.51068 296.70758 77.36842 102.75401 0.9786989
--
car 55.491665 158.49799 157.75272 245.90758 0.8456869
car 200.79254 264.91516 122.61345 172.55013 0.89842
car 263.54355 296.7658 77.2703 102.761154 0.9750574
car 319.57956 342.3938 72.08937 94.40398 0.97684395
--
car 54.80451 159.3371 158.42549 245.51445 0.8474648
car 199.67134 264.84573 122.13514 172.69078 0.888297
car 263.44168 297.11002 77.212135 102.739784 0.97974104
car 319.13873 342.509 71.459274 94.41787 0.9811825
--
car 54.805393 159.21384 158.36218 245.74927 0.85333353
car 199.59187 264.96524 122.15353 173.11198 0.8866856
car 263.42896 297.10834 77.20692 102.751884 0.9796167
car 319.0896 342.49518 71.38153 94.43378 0.9816652
--
car 54.791588 159.08755 158.3562 245.79956 0.85709214
car 199.60132 264.8488 122.06869 173.05917 0.88392353
car 263.42978 297.115 77.21207 102.75427 0.9787546
car 318.69867 342.67758 71.532104 94.630264 0.98315173
--
car 54.785316 159.00418 158.27235 245.86266 0.8520767
car 199.68459 264.52866 122.183556 173.32944 0.88849527
car 318.32205 342.69196 71.753525 94.53131 0.978179
car 263.43167 296.97183 77.1115 102.73149 0.9788807
--
car 54.78473 158.99197 158.25443 245.98833 0.85152555
car 199.68282 264.42197 122.197624 173.48169 0.8805906
car 318.22263 342.8177 71.60221 94.379364 0.9747235
car 263.38098 297.0646 77.08458 102.74487 0.97619504
--
car 54.916027 158.85664 158.04204 246.08867 0.84309036
car 199.969 264.25476 122.42374 173.36633 0.86609775
car 317.94443 342.84567 71.535965 94.255005 0.971155
car 263.38495 297.0447 77.07214 102.74358 0.97629535
--
car 54.956024 158.73651 157.93915 246.34364 0.845358
car 199.87924 264.2664 122.476746 173.5041 0.8764575
car 317.88782 342.76688 71.54724 94.46359 0.97450256
car 263.48526 296.94525 77.16632 102.63497 0.9800175
--
car 54.940586 158.73976 157.99953 246.34056 0.84586513
car 199.88242 264.21594 122.55145 173.35208 0.87298393
car 317.8934 342.7791 71.542404 94.45961 0.97523177
car 263.49106 296.9109 77.12379 102.64262 0.9793167
--
car 54.813934 158.90578 158.11626 246.18498 0.8509837
car 199.67583 264.34045 122.63446 173.0899 0.8718888
car 263.4196 296.94003 77.163025 102.58281 0.9794774
car 317.7168 342.56244 71.776024 94.50724 0.9796856
--
car 54.589184 159.2966 158.33096 245.9535 0.86054736
car 199.90926 264.2466 122.73503 173.04022 0.8807873
car 263.4023 296.90576 77.18537 102.592186 0.97793776
car 318.6519 343.5709 71.23257 95.2677 0.98144305
--
car 54.55433 159.37222 158.34491 245.95341 0.8636946
car 199.93701 264.03015 122.822586 172.83963 0.8828954
car 263.44577 296.84637 77.218124 102.5861 0.98026687
car 318.52426 343.38953 71.13883 95.505974 0.9815634
--
car 54.75416 159.38176 158.28427 245.9326 0.86406547
car 199.57031 264.44244 122.95924 172.84496 0.87620556
car 263.44077 296.8783 77.1844 102.56709 0.97952896
car 317.13797 342.29837 71.316536 95.09584 0.98214763
--
car 54.896454 159.11928 158.20107 245.42479 0.88165224
car 199.25111 264.30905 123.46111 172.58382 0.9160066
car 263.50555 296.6314 77.01656 102.59083 0.9792628
car 317.9661 343.24066 70.746346 95.78686 0.98553085
--
car 54.952236 158.9968 158.1883 245.36914 0.8827818
car 199.49976 264.3746 123.57659 172.80347 0.90896076
car 263.46933 296.6974 76.978714 102.665344 0.9801626
car 317.9162 343.15027 70.74141 95.74152 0.98426294
--
car 54.90091 158.93074 158.12741 245.4529 0.8893022
car 199.62445 264.6085 123.72558 172.97804 0.9092188
car 263.46994 296.70026 76.93487 102.707726 0.9793033
car 317.71533 343.0689 70.81581 95.81678 0.9833942
--
car 55.23303 158.4773 158.53284 245.25462 0.8929159
car 199.52983 264.56757 123.85118 172.81886 0.9051495
car 263.52496 296.70715 76.93496 102.737144 0.97816914
car 316.74268 342.44055 70.94369 96.18449 0.9836056
--
car 199.71152 264.58185 123.99004 172.9255 0.8838474
car 55.438797 158.36145 158.84326 245.16176 0.9033906
car 263.49295 296.68286 76.92898 102.74813 0.97744673
car 316.60687 342.3415 71.00103 96.19705 0.9823723
--
car 199.75812 264.53952 124.0075 173.03735 0.88490576
car 55.77049 157.96852 158.79846 245.182 0.9036945
car 263.42572 296.77435 76.983894 102.73688 0.974817
car 316.32962 342.44012 71.136955 96.02911 0.98090583
--
car -0.11292033 5.5306187 170.35359 236.0833 0.4520249
car 199.98904 264.36905 124.09794 173.19424 0.8663314
car 55.798416 157.86795 158.68227 245.4686 0.90767795
car 263.38474 296.87537 76.901825 102.70228 0.9709607
car 316.43234 342.2918 70.98958 96.308205 0.97475624
--
car -0.12180984 5.5017557 170.08464 236.36057 0.44502786
car 200.14835 264.46317 124.021645 173.23267 0.8446171
car 56.01444 157.76447 158.51723 245.6284 0.90029395
car 263.38416 296.83234 76.89182 102.756096 0.97107834
car 316.45792 342.3373 71.0556 96.34238 0.9742842
--
car -0.23765802 5.900712 170.70084 235.72704 0.43483868
car 199.57777 264.6952 123.78779 172.98907 0.85796785
car 55.903683 157.6309 158.55074 245.65082 0.9026846
car 263.4103 296.85712 76.89799 102.76802 0.9738559
car 316.28445 342.0054 71.10224 96.49969 0.9753754
--
car -0.27469218 7.8137417 176.34521 228.96986 0.54684573
car 199.87773 264.8275 123.741264 172.43019 0.8861251
car 55.943184 157.66545 158.77664 245.45775 0.9069017
car 263.35028 296.9688 76.91847 102.77223 0.97601527
car 315.4372 341.61963 71.3175 96.57693 0.9802869
--
car -0.40452942 8.660858 177.71362 227.67085 0.6239355
car 199.89487 264.7992 123.71952 172.33453 0.8823024
car 56.11081 157.54102 158.36633 245.86836 0.89815116
car 263.3918 296.8811 76.98423 102.786 0.9778215
car 315.01688 341.2916 71.23836 96.5908 0.98156804
--
car -0.50863576 9.286578 177.02786 228.00826 0.6209378
car 199.97163 264.82346 123.77722 172.44113 0.8844895
car 56.249046 157.55603 158.41243 245.97243 0.9059594
car 263.34094 296.87946 77.00063 102.79724 0.9790236
car 314.88193 341.05646 71.39356 96.84223 0.98192227
--
car -0.6025444 9.788695 175.41843 230.00381 0.6400616
car 199.61523 264.9616 124.031715 172.26817 0.86853176
car 55.63031 158.40108 158.64825 245.73769 0.8877226
car 263.14813 297.03964 77.09574 102.72908 0.9628537
car 314.75342 340.5335 71.38466 96.77872 0.98128283
--
car -0.598024 9.783375 175.35313 230.06775 0.6379964
car 199.64938 265.00653 124.11315 172.48488 0.8650628
car 55.64388 158.3237 158.5309 245.79034 0.88711727
car 263.16113 296.97046 77.09535 102.694046 0.9642032
car 314.75897 340.45154 71.39725 96.676125 0.98168576
--
car -0.7374363 10.797791 175.89226 228.54033 0.7484107
car 199.62424 265.08237 124.13721 172.66643 0.86624604
car 55.739407 158.12013 158.3392 246.05423 0.8971794
car 263.1774 296.9389 77.11719 102.6983 0.96592236
car 314.62982 340.36035 71.57911 96.69254 0.98459524
--
car -0.89328873 12.684631 175.19646 229.80542 0.73505634
car 199.74835 265.67804 123.92948 172.6 0.8409492
car 55.40889 158.08768 158.49037 246.04082 0.896675
car 263.08618 297.11563 77.27202 102.6306 0.9617559
car 314.2632 339.71973 71.96628 97.166176 0.9843503
--
car -1.8666627 18.028625 165.42427 241.57347 0.80569637
car 199.8177 265.59332 123.66024 172.5933 0.84729433
car 55.243465 158.21817 158.52309 245.97011 0.90591824
car 263.15894 296.93597 77.25303 102.60109 0.96204054
car 314.05588 339.48987 72.22927 96.99077 0.9849096
--
car -1.8224645 18.919825 166.50873 240.316 0.841435
car 199.69077 265.5573 123.782616 172.5716 0.849005
car 55.459007 158.02414 158.59203 245.92145 0.9086039
car 263.15244 296.9154 77.22701 102.65689 0.9640619
car 314.01984 339.40216 72.298416 97.16869 0.98573005
--
car 199.62332 265.54257 123.8831 172.50604 0.84045964
car -1.8293033 19.213757 167.23535 240.05595 0.85867935
car 55.190857 158.25865 158.90291 245.63782 0.90907544
car 263.15704 296.90247 77.213135 102.68421 0.9660818
car 313.9255 339.51624 72.386795 97.30837 0.9884933
--
car -1.8071518 19.078918 167.20247 239.67542 0.83836496
car 199.47026 265.54907 123.8854 172.55856 0.8446872
car 55.03322 158.38013 158.91707 245.6019 0.908499
car 263.17288 296.98846 77.26563 102.68551 0.9687199
car 313.79858 339.4314 72.4677 97.305405 0.9890778
--
car 199.38539 265.5735 123.90439 172.52422 0.8449903
car -1.4130566 20.096952 168.81044 239.92896 0.8776995
car 55.00911 158.45432 158.98361 245.4902 0.90869445
car 263.19882 296.90604 77.25867 102.69307 0.97021
car 313.72345 339.45578 72.58095 97.24958 0.99063843
--
car 199.3795 265.69403 123.87835 172.4858 0.8537095
car 55.032692 158.44958 158.90157 245.51353 0.907933
car -1.6812158 21.557884 172.4609 238.55968 0.9352729
car 263.27768 296.52393 77.19072 102.67576 0.97004217
car 313.23465 339.26144 72.745056 97.35881 0.9899463
--
car 199.38708 265.79425 124.010086 172.55 0.8493818
car 54.65356 158.60008 158.9186 245.51764 0.90380955
car -1.1834049 22.526854 173.13414 237.25816 0.9341184
car 263.2913 296.33154 77.22881 102.68107 0.97070104
car 313.12912 339.11035 72.91886 97.49233 0.9896349
--
car 199.36804 265.8401 124.0793 172.5607 0.85195416
car 54.59013 158.7327 159.0676 245.56906 0.8983194
car -1.4159077 22.982077 172.70963 235.69832 0.9191809
car 263.23438 296.46765 77.22029 102.72256 0.9679264
car 312.99393 338.83734 72.9987 97.68607 0.99043345
--
car 199.13399 265.36737 123.98446 172.74275 0.8812414
car 55.225784 157.85231 159.15065 245.48808 0.89483476
car -1.5282369 23.313864 172.8593 234.16605 0.9180246
car 263.10672 297.01715 77.66314 102.55264 0.98248434
car 312.2689 339.10214 73.08557 98.063286 0.9907441
--
car 199.05948 265.3781 124.00508 172.70824 0.8802308
car 55.20735 157.8166 159.20628 245.33849 0.90122324
car -1.5032673 23.290216 172.89746 234.09741 0.91605955
car 263.1278 297.01074 77.66038 102.55555 0.9824658
car 312.27106 339.10068 73.08699 98.06016 0.9907654
--
car 199.12125 265.34778 124.00829 172.62466 0.8819513
car 55.368908 157.71301 159.12317 245.39343 0.9064917
car -1.7913187 23.327003 172.50969 234.04391 0.9422331
car 263.16016 296.95245 77.59754 102.572876 0.9829178
car 312.26645 338.75235 73.08766 97.76543 0.9905318
--
car 199.1529 265.32205 123.960556 172.65587 0.87037694
car 55.256905 157.79189 159.37485 245.38303 0.9037986
car -1.3754421 24.433552 172.54254 232.46774 0.92971677
car 263.18265 296.87878 77.618126 102.57048 0.9826912
car 312.0416 338.3583 73.17303 97.41403 0.9883637
--
car 199.1735 265.36148 123.936264 172.56808 0.8681949
car 55.242672 157.83598 159.53891 245.08379 0.9116621
car -1.1221898 25.309038 173.61537 232.02097 0.91953534
car 263.24042 296.78784 77.60125 102.5762 0.9846206
car 311.7347 338.07324 73.20808 97.47899 0.9879528
--
car 199.19344 265.3778 123.90098 172.51852 0.864633
car 54.72277 158.08727 159.45647 245.30882 0.91024625
car -0.90945303 25.422861 172.02066 233.01805 0.9338069
car 263.19388 296.83624 77.619835 102.61946 0.9816438
car 311.97784 337.83835 73.166405 97.715065 0.9896956
--
car 198.93938 265.45358 124.067276 172.68005 0.86594576
car 54.80587 157.9498 159.39626 245.2712 0.9162777
car -0.97043574 26.855057 171.8625 232.5698 0.9370598
car 263.24695 296.66907 77.59349 102.57375 0.98113143
car 311.72162 337.8545 73.14512 97.9715 0.98905057
--
car 198.89139 265.53976 124.10011 172.69644 0.8646894
car 54.84663 157.96518 159.44272 245.19556 0.9143868
car -0.97908765 27.035559 171.87737 232.48337 0.9382242
car 263.26266 296.62344 77.62405 102.57391 0.98159
car 311.75357 337.80884 73.13244 97.762985 0.98926044
--
car 198.93245 265.4908 124.05691 172.695 0.8621808
car 54.774963 157.92331 159.34949 245.13803 0.922789
car -0.9437102 27.349674 172.10306 233.70271 0.9430715
car 263.2307 296.57983 77.62363 102.63713 0.98226535
car 311.28058 337.98126 73.07064 97.93511 0.99039584
