--
truck 337.0605 403.2978 156.83405 229.83339 0.5552607
car 237.51448 251.0857 117.810936 128.08275 0.7641058
car 224.55473 241.68 123.06072 138.50726 0.9694098
car 121.0439 158.80185 157.26427 178.8037 0.9805919
--
truck 417.23718 480.98395 196.1717 297.93814 0.390462
truck 333.9969 402.135 156.44244 228.21837 0.66875905
car 237.73718 250.71382 117.77583 127.99095 0.79072416
car 224.4784 241.49606 123.095795 138.14304 0.9739286
car 121.35065 160.30408 157.77144 179.29123 0.98773867
--
truck 417.1777 480.91788 196.0643 298.20828 0.4347854
truck 334.01703 402.09528 156.35349 228.31094 0.65436715
car 237.49536 250.68503 117.71806 128.04163 0.78512686
car 224.49313 241.33592 123.04228 138.10767 0.97174263
car 121.42938 160.2512 157.82373 179.33015 0.98804843
--
truck 412.9853 480.64752 195.8275 300.65317 0.37185964
truck 334.16382 401.666 156.22273 226.56807 0.70814997
car 237.65512 250.51846 117.69533 127.93766 0.7763879
car 224.34953 241.2741 122.72264 137.9958 0.96981996
car 121.824715 162.16714 157.11452 180.35397 0.9891639
--
truck 409.5901 481.24866 195.29056 300.93402 0.596339
truck 333.93442 400.27588 157.49611 226.49918 0.7398519
car 152.74725 166.93973 158.82498 174.20485 0.51573396
car 237.69662 250.69963 117.630066 127.943375 0.7599328
car 223.91934 241.4124 122.40169 137.85666 0.9625365
car 123.49002 163.04933 156.90628 180.74536 0.9879797
--
truck 404.36847 478.86417 191.42192 300.07443 0.6400993
truck 332.7842 397.1118 158.62947 224.78058 0.7450154
car 153.65283 167.98502 159.36191 173.36298 0.30170992
car 237.75629 250.60855 117.69797 127.95264 0.796296
car 223.83478 241.16678 122.12828 137.637 0.96348286
car 125.33977 164.78252 156.7016 181.12843 0.98469
--
truck 401.77716 479.46436 192.28165 297.0777 0.7463659
truck 331.35825 388.8577 159.05667 221.75616 0.7956127
car 237.57251 250.41266 117.80479 127.98261 0.8237209
car 224.09593 240.10042 122.707596 137.10155 0.966392
car 129.90501 168.32318 157.38239 179.49074 0.9837366
--
truck 398.45563 478.5695 190.18587 298.1976 0.6294912
truck 331.2568 386.20438 158.67654 220.92847 0.69177336
car 237.50113 250.3525 117.77429 127.96418 0.83308953
car 224.05028 240.18065 122.622086 137.08463 0.9636846
car 131.36484 170.1964 157.12584 179.26451 0.9794709
--
truck 398.5575 478.44916 190.15637 298.27423 0.64024395
truck 331.14398 386.28275 158.73218 220.94167 0.68653655
car 237.51707 250.34065 117.77895 127.94923 0.8311077
car 224.05682 240.21432 122.56665 137.12196 0.9638891
car 131.35587 170.10196 157.14375 179.23448 0.97935826
--
truck 391.6627 477.3271 190.57884 295.655 0.5657299
truck 329.53165 385.07217 159.00569 218.82442 0.80371976
car 237.59209 250.26875 117.86228 127.93181 0.8446127
car 224.02156 239.6729 122.265045 136.6227 0.9355162
car 134.46948 171.234 157.3287 179.26465 0.9904201
--
truck 386.4156 479.8023 186.23903 297.53375 0.6888623
truck 328.41913 383.7009 159.72084 217.08098 0.8691461
car 237.64365 250.34898 117.859406 128.01796 0.8522497
car 224.12094 239.49641 121.59344 136.16525 0.9143417
car 136.41078 172.01567 156.62877 179.33046 0.991868
--
truck 385.57962 481.36206 186.25226 295.63504 0.75031376
truck 326.26266 381.32764 159.71835 215.63374 0.9044925
car 238.13026 249.65985 118.106964 127.823105 0.80146706
car 224.03867 239.30148 121.07676 135.55962 0.8621039
car 137.56409 172.58885 155.90608 179.33855 0.97538733
--
truck 378.3759 475.67712 178.81096 281.3055 0.65343916
truck 324.8412 379.1527 158.22916 213.65134 0.918523
car 223.50461 236.87242 122.2758 136.22185 0.6766439
car 238.00934 250.70229 117.98862 128.21938 0.7999154
car 142.32983 185.57523 156.65437 178.47163 0.9725112
--
truck 374.0218 472.35388 179.43413 280.11694 0.67138183
truck 321.07678 376.03754 157.45311 211.0128 0.9301614
car 223.36943 237.00977 121.98379 136.33958 0.66986144
car 237.99182 250.80554 117.90256 128.26135 0.7948594
car 144.37755 185.15707 156.05957 178.19395 0.96402043
--
truck 373.60477 472.41397 179.14561 280.25403 0.6660053
truck 320.97375 375.94058 157.45853 210.86568 0.92987645
car 223.41019 236.99998 121.998024 136.24982 0.6670415
car 237.95947 250.85669 117.87981 128.27727 0.78203005
car 144.45563 185.17378 156.06691 178.20294 0.9628146
--
truck 372.52734 469.53677 182.8806 277.83295 0.6792724
truck 319.97025 374.89725 155.65442 211.24706 0.9233641
car 223.04813 237.14793 121.49901 135.72404 0.73309684
car 237.88136 250.78279 117.879105 128.26587 0.8076021
car 146.93896 189.97218 156.10806 177.90944 0.94014496
--
truck 369.7175 468.19458 182.51122 276.56583 0.51321673
truck 318.3912 373.37183 156.38145 210.10455 0.92841107
car 222.8602 237.09102 121.37328 135.65106 0.73709744
car 237.75404 250.87045 117.821106 128.32556 0.7690755
car 148.5347 191.95103 157.02693 178.02782 0.95344865
--
truck 368.53503 464.59634 181.86795 275.05017 0.65533996
truck 318.74658 370.29385 155.55992 209.58186 0.88706976
car 222.63716 237.01917 121.11866 135.2432 0.72663015
car 237.57129 250.77141 117.73969 128.30617 0.772769
car 151.73991 194.60854 156.63997 178.16682 0.92836386
--
truck 366.58417 461.36145 179.78732 272.10715 0.43387166
truck 315.88712 367.29758 155.70961 207.75296 0.93028593
car 237.53375 250.66318 117.79493 128.30392 0.77811164
car 222.38652 237.03436 120.74643 135.22339 0.78821063
car 156.29283 198.96582 156.03378 177.29988 0.9380697
--
truck 366.37363 458.2168 181.08289 268.72958 0.35276863
truck 315.39206 366.45804 155.0046 208.37054 0.9315487
car 237.7561 250.5871 117.93549 128.24878 0.79357225
car 222.10008 236.7426 120.89876 134.92142 0.8613793
car 158.23497 201.09618 156.38239 177.48972 0.9268422
--
truck 366.31195 458.19244 181.12277 268.7474 0.36929673
truck 315.39307 366.56036 154.9881 208.36015 0.9304395
car 237.67914 250.5646 117.92279 128.21506 0.78338933
car 222.07562 236.71645 120.86202 134.9201 0.8601711
car 158.30884 201.19734 156.34596 177.53773 0.9212694
--
truck 364.8591 442.487 176.90076 267.19028 0.46953812
truck 314.29678 364.99588 154.47765 208.81564 0.91615057
car 237.83325 250.60172 117.95736 128.26505 0.7653324
car 158.8715 202.78946 158.31229 177.83575 0.8427601
car 221.94743 236.71558 120.896324 134.70393 0.8459203
--
truck 362.68588 444.2475 176.31126 266.6236 0.5015244
truck 313.65796 364.24542 152.30412 203.8257 0.8701569
car 237.94229 250.64267 118.00194 128.21857 0.7290946
car 221.75769 236.48042 121.184006 134.43135 0.84166837
car 170.98254 203.45761 158.94548 178.09804 0.92921555
--
truck 360.06317 445.20682 182.88657 259.23035 0.3294226
truck 311.92374 363.1998 151.89845 203.77968 0.92055756
car 237.61542 250.53174 117.8921 128.19804 0.7326316
car 221.71567 236.41515 121.03582 134.34276 0.8176643
car 171.03436 205.03828 157.52666 178.10718 0.97390956
--
truck 343.69852 441.34113 171.69226 260.91922 0.45221487
truck 309.09973 360.29895 150.80733 203.4801 0.90255153
car 237.99648 250.2967 118.01271 128.05573 0.75981
car 221.8603 235.49216 121.07823 134.06824 0.8937449
car 174.66997 208.54494 157.55556 177.8806 0.9827723
--
truck 346.92825 437.7425 159.43787 258.63583 0.5202845
truck 309.31494 359.34988 150.5082 203.09787 0.895961
car 237.75375 250.19823 118.003174 127.99655 0.75598115
car 221.78336 235.26744 121.08711 133.91788 0.8913364
car 174.67375 209.54327 157.10117 178.20406 0.9812037
--
truck 346.90698 437.95807 159.33937 258.56747 0.5164495
truck 309.28403 359.38367 150.80627 203.01009 0.90218717
car 237.76677 250.18756 117.99253 128.00607 0.7545393
car 221.69542 235.3409 120.90939 133.87553 0.8935421
car 174.73044 209.5258 157.13321 178.13123 0.98234534
--
truck 346.79327 434.7991 160.50694 256.29245 0.7099109
truck 305.91763 355.30792 150.89151 201.38643 0.8289965
car 237.58237 250.3131 117.93503 128.07774 0.7155354
car 221.50111 235.36757 120.678154 133.71895 0.82942015
car 174.4643 210.40515 156.45003 178.76695 0.95390403
--
truck 305.6915 354.5899 150.7451 200.20154 0.8377341
truck 345.4289 434.04684 161.52008 253.83223 0.85715246
car 237.53873 250.38228 117.882454 128.08409 0.7058326
car 221.43611 235.48007 120.52132 133.68858 0.843731
car 176.17397 213.62946 157.22449 179.54034 0.96936256
--
truck 346.07098 425.5204 172.5192 249.04126 0.8567941
truck 304.35043 354.2234 150.94516 200.08238 0.8842907
car 237.38695 250.49117 117.84764 128.07535 0.6993472
car 221.27872 234.90572 120.75657 133.14285 0.81850195
car 177.95464 215.29102 157.16689 179.30882 0.9740743
--
truck 302.26892 349.95825 149.43538 197.23042 0.8450557
truck 343.95645 423.2545 171.348 246.80597 0.95925933
car 237.3984 250.3316 117.83561 127.91359 0.6960883
car 220.69601 234.4596 120.43521 132.96994 0.796015
car 181.53955 218.75247 157.24689 179.0602 0.973726
--
truck 302.07663 349.18314 149.69897 197.44229 0.91436845
truck 342.57074 420.48245 169.86865 246.25354 0.956675
car 237.30893 250.37485 117.81863 127.95137 0.6692977
car 220.41292 234.27881 120.29972 132.8154 0.7042613
car 183.94093 219.50192 156.84277 179.8044 0.95539874
--
truck 301.952 349.23062 149.7457 197.55927 0.8988767
truck 342.45502 420.17612 169.6261 246.3956 0.9549377
car 237.04433 250.32895 117.754875 127.99458 0.6801543
car 220.53041 234.25336 120.362946 132.83633 0.7564315
car 183.83206 219.60603 156.99733 179.65839 0.9670864
--
truck 300.8084 347.73193 149.1805 196.57526 0.90069747
truck 340.93277 416.07938 169.71938 244.2511 0.9329006
car 236.92334 250.35373 117.82378 127.99566 0.69788015
car 220.29898 233.50778 120.31362 132.81212 0.7396579
car 185.93478 221.61789 157.02327 180.50449 0.9768564
--
truck 300.46863 346.1603 148.3437 195.65363 0.9039583
truck 339.1413 413.1648 167.88388 242.37135 0.95868516
car 236.92136 250.45317 117.77888 128.04314 0.7071747
car 220.21916 233.65456 120.37952 132.60582 0.76899487
car 185.90901 222.62721 156.38892 180.53549 0.9811912
--
truck 300.30408 344.98914 146.85956 195.67586 0.8714883
truck 337.15225 410.27634 166.1339 241.18398 0.9334711
car 237.05295 250.48396 117.76224 127.98982 0.73645365
car 219.72711 233.09862 120.644295 132.28362 0.78765744
car 188.14938 223.55763 156.19893 180.60678 0.98886013
--
truck 329.87238 405.40778 167.74194 236.3824 0.7647182
truck 301.6143 342.42282 146.28044 195.37045 0.8050562
car 313.0564 325.82382 124.00971 138.54889 0.3212903
car 237.53421 250.15529 117.72974 127.930115 0.8058317
car 219.41818 232.56001 120.93991 132.1207 0.82322615
car 192.45195 225.64803 156.49155 181.21582 0.9814836
--
truck 300.66705 341.242 145.228 193.82837 0.835535
truck 329.94162 404.89996 166.31683 237.12595 0.89160687
car 219.28772 232.61792 120.66614 132.14143 0.78356934
car 237.48384 250.31583 117.641525 128.01247 0.78756
car 194.39372 227.15826 156.50798 181.42789 0.98142827
--
truck 300.70413 341.20224 145.4445 193.74721 0.8418085
truck 330.03348 404.74948 166.10081 237.1679 0.8918177
car 219.337 232.59113 120.69918 132.1043 0.76570743
car 237.4797 250.2735 117.66465 127.98965 0.7893017
car 194.2898 227.22223 156.57713 181.39343 0.98090124
--
truck 300.52893 339.8602 146.89677 193.5491 0.8102897
truck 329.98578 403.94208 164.57278 237.13106 0.96284705
car 218.62674 232.56021 120.208176 132.09457 0.7916453
car 237.35811 250.3705 117.62549 128.02547 0.7978807
car 196.52626 229.62924 156.25148 182.40523 0.9815886
--
truck 298.26614 337.21915 145.78607 192.3809 0.82928854
truck 329.1791 400.29333 165.45467 235.63335 0.9675868
car 218.56189 232.33136 120.21473 131.95428 0.76592445
car 237.46591 250.38737 117.6797 127.99011 0.8098363
car 197.68141 229.58316 156.16304 182.54816 0.9624901
--
truck 297.34317 335.13242 147.05798 190.51007 0.8120079
truck 327.58524 397.05917 166.3456 233.99031 0.9679693
car 313.2035 326.10468 124.08348 138.43695 0.30900547
car 218.36534 232.186 120.07042 131.80931 0.6864277
car 237.34288 250.68057 117.56194 128.1818 0.79714787
car 199.29453 230.46915 156.06232 182.61432 0.9698214
--
truck 296.55658 333.56094 146.85962 189.70786 0.91102934
truck 323.61594 393.9625 162.8215 228.38358 0.9749353
car 218.11415 231.44197 120.17203 131.77151 0.8105244
car 237.6225 250.49149 117.66692 127.94717 0.8398033
car 201.93059 232.36177 157.13974 181.72777 0.9706194
--
truck 296.24973 333.559 146.2247 188.8211 0.814517
truck 322.94177 390.65222 162.84543 226.33186 0.97480476
car 218.09521 230.94557 120.06704 131.52095 0.7997364
car 237.73328 250.61345 117.672386 128.0162 0.8513932
car 203.85341 233.58307 156.97475 181.96292 0.96794707
--
truck 296.36575 333.37503 146.31763 189.0716 0.8142889
truck 322.76437 390.5166 163.08627 225.96602 0.97907066
car 218.15175 231.01837 120.1629 131.46553 0.8190751
car 237.70938 250.77155 117.742874 128.01036 0.8574913
car 203.90988 233.56604 156.97473 181.95428 0.9677724
--
truck 293.9401 329.93622 144.55972 188.00116 0.7972058
truck 322.76974 387.23557 162.4474 224.52467 0.980825
car 218.22664 230.87094 120.05881 131.33902 0.7717577
car 237.81999 250.82928 117.78707 127.91844 0.8423838
car 206.47443 233.72392 157.73155 181.50699 0.9390783
--
truck 293.26193 329.474 144.23149 188.21797 0.79860634
truck 322.87164 384.5593 162.54546 224.27077 0.97239405
car 217.67232 230.7193 119.925125 131.36147 0.8068352
car 237.8335 250.88182 117.76956 127.977516 0.8598024
car 208.75479 235.94124 159.36436 185.33524 0.93893147
--
truck 292.72116 328.11755 144.45422 187.61765 0.87021035
truck 322.94943 382.27234 161.9776 223.6479 0.9517742
car 217.2117 230.4655 119.83537 131.36874 0.7860434
car 237.77371 250.84085 117.80395 128.05829 0.8560644
car 209.89548 236.0384 157.44473 186.69954 0.8947995
--
truck 291.66382 326.3246 145.57146 186.6226 0.8145511
truck 316.90826 377.09293 162.64288 219.42946 0.92348564
car 217.8594 229.84615 119.822044 130.69463 0.75260454
car 238.01187 251.08864 117.82655 127.83337 0.85740155
car 211.35345 237.85611 158.4915 186.87946 0.87261796
--
truck 290.69443 326.5386 145.66005 186.08012 0.74311167
truck 315.28278 375.74457 161.45988 219.63971 0.9358771
car 217.51244 229.70602 119.74795 130.6854 0.7805323
car 238.03838 251.03563 117.88375 127.809 0.86458474
car 212.35129 238.59616 159.26031 187.36938 0.92134917
--
truck 290.67102 326.5058 145.5977 186.26953 0.7456199
truck 315.23645 375.777 161.5561 219.5043 0.9351794
car 217.53426 229.69821 119.74691 130.68098 0.7810574
car 238.03888 251.02266 117.87861 127.81014 0.8661787
car 212.33014 238.60645 159.31924 187.3536 0.9230712
--
truck 290.06 325.4737 145.02385 185.43855 0.64836866
truck 313.72162 373.91638 160.61678 218.7208 0.92903185
car 215.59344 231.46686 117.13531 130.02884 0.66819984
car 237.80916 251.056 117.91608 127.882675 0.8644988
car 213.39803 239.60983 160.43126 188.363 0.94057536
--
truck 290.33762 324.10953 146.26224 184.95975 0.57080007
truck 313.05997 372.33755 159.54213 217.61217 0.8833092
car 217.1865 229.08926 119.86598 130.61697 0.6977349
car 238.00752 251.0661 117.86262 127.894035 0.86758417
car 214.00896 239.32814 160.10208 188.18956 0.9124032
--
truck 289.64383 323.48917 146.94907 183.20134 0.5986113
truck 311.8122 368.6767 159.47942 216.87457 0.90830624
car 215.62244 231.0408 117.21734 129.75824 0.64878875
car 237.98265 250.85112 117.88182 127.8717 0.8850036
car 214.27226 239.61847 160.14885 188.76295 0.90489876
--
truck 284.20004 332.61368 142.23618 187.22842 0.5125168
truck 312.2142 366.042 158.4338 213.83055 0.9231077
car 215.37013 231.08699 117.15973 129.64496 0.63720036
car 237.95119 251.04295 117.859566 127.819595 0.8472013
car 214.54407 240.66759 161.03946 190.50319 0.88700634
--
truck 286.3836 319.04956 144.48189 183.09042 0.5957708
truck 311.85583 364.55133 158.48984 213.37291 0.9063857
car 215.31378 231.26479 116.97666 129.73198 0.5883937
car 237.92958 251.13596 117.81183 127.820114 0.83681625
car 214.8714 241.45215 161.36986 191.25407 0.84100014
--
truck 286.36813 318.99838 144.41907 183.07803 0.6119255
truck 311.9419 364.45258 158.3923 213.27496 0.9163736
car 215.31393 231.28963 117.01659 129.73326 0.5662672
car 237.92416 251.10822 117.812126 127.78449 0.8330263
car 214.9165 241.56772 161.37444 191.37694 0.8453764
--
truck 284.26956 332.90472 142.2705 185.71474 0.6353163
truck 310.63828 363.15872 158.78618 213.41672 0.87507325
car 215.05537 231.55368 116.570435 129.87573 0.55863065
car 237.8646 251.21188 117.78997 127.91656 0.8315156
car 214.80838 242.78621 161.45152 192.79855 0.89082474
--
truck 284.07632 333.27103 141.77837 186.78706 0.6639031
truck 310.3271 359.8832 157.65445 211.85318 0.8446258
car 215.5315 230.60005 116.78455 129.7453 0.51896733
car 214.7727 242.72687 162.04765 193.46739 0.8407027
car 238.0834 251.19427 117.80716 127.89048 0.8508871
--
truck 284.6026 318.99243 142.55896 183.03784 0.7104058
truck 310.6953 357.8593 158.2759 211.83789 0.90297943
car 215.01668 225.91774 117.13116 129.38857 0.45758963
car 237.97446 251.16486 117.81812 127.94677 0.8672362
car 214.55145 243.72266 162.33727 194.48253 0.89631534
--
truck 278.52988 318.14218 136.11606 182.94374 0.7549676
truck 304.96207 354.99695 156.38606 207.91202 0.842543
car 215.42744 225.45908 117.26258 129.41005 0.6167269
car 238.17972 250.84393 117.69719 127.95123 0.89477235
car 214.09763 244.94453 161.9657 196.4637 0.9160457
--
truck 277.57986 317.74902 135.90727 182.74263 0.6867339
truck 304.35602 354.65424 155.73932 207.48944 0.92573667
car 215.47319 225.36009 117.22664 129.2906 0.63989305
car 238.10614 250.78848 117.68737 127.86414 0.8950789
car 213.21548 245.25638 162.04604 196.63086 0.9389474
--
truck 282.34494 315.64764 141.155 179.04797 0.6929504
truck 304.52026 354.41348 155.70781 207.59439 0.9354174
car 215.47937 225.29791 117.186646 129.22739 0.6292152
car 238.07692 250.79587 117.69136 127.85968 0.89209145
car 213.1715 245.3643 162.00163 196.6156 0.9419196
--
truck 281.51068 315.25568 141.01227 178.4357 0.75011796
truck 303.54727 352.80396 155.24455 207.6482 0.92827827
car 215.36888 225.4214 116.957275 129.4356 0.6579788
car 238.17409 250.84785 117.59064 127.89135 0.8911564
car 212.33607 245.24814 162.92741 195.89886 0.93645185
--
truck 281.01398 314.44965 140.63766 178.16565 0.6347087
truck 300.0675 350.327 151.05144 203.52654 0.92103463
car 215.38081 225.36746 117.21336 129.03365 0.6661987
car 238.25642 250.76552 117.67599 127.73788 0.8792228
car 211.15509 245.73366 164.04053 194.85097 0.92342144
--
truck 280.36343 314.22083 140.5949 177.52132 0.6054674
truck 299.40308 348.86444 151.01917 203.37694 0.92767555
car 215.25719 225.32465 117.23571 129.07773 0.6687651
car 209.73367 244.8216 165.16905 200.04112 0.8627736
car 238.22414 250.80428 117.70353 127.84734 0.8866235
--
truck 296.98965 347.64584 150.51337 203.08194 0.9477452
car 215.0551 225.27608 117.06165 129.05505 0.6447105
car 238.32759 250.921 117.67271 127.89391 0.8559146
car 206.50359 244.7164 166.4122 201.61047 0.91707975
--
truck 296.4738 347.16638 149.42467 202.15187 0.9285373
car 215.10185 225.14676 116.923294 128.89679 0.6318995
car 238.33315 250.97086 117.65108 127.902626 0.8435007
car 205.30727 244.89421 166.93764 203.07498 0.9398425
--
truck 296.56244 347.18933 149.64989 202.04669 0.9379054
car 215.15549 225.09932 116.92839 128.91188 0.6492884
car 238.34326 250.9241 117.65047 127.89234 0.852038
car 205.25258 244.94453 166.96526 203.05333 0.943641
--
truck 277.86642 308.85336 140.25624 176.78711 0.38464323
truck 295.33078 346.91452 148.97844 201.80112 0.9067845
car 215.25835 224.85347 116.85466 128.72185 0.66809493
car 238.36438 250.92535 117.62623 127.969536 0.86371744
car 204.25143 245.08556 168.20418 204.2344 0.96445817
--
truck 277.0503 308.5329 140.5053 176.32668 0.34934467
truck 294.66763 346.31992 149.32922 200.7733 0.9121463
car 215.16954 224.97258 117.08823 128.73361 0.6985179
car 238.35765 250.92885 117.66814 127.97303 0.8583376
car 202.64442 245.41574 168.83426 206.10637 0.95444477
--
truck 298.3232 340.69022 147.89189 201.9143 0.91242135
car 214.94615 224.92874 116.92094 128.42488 0.7554476
car 238.19273 250.9386 117.55001 127.89037 0.8624549
car 200.03824 245.00897 171.14204 208.88664 0.9434429
--
truck 297.44522 340.12494 146.86214 201.26025 0.9009045
car 214.60533 224.43594 116.75071 128.04683 0.7066376
car 238.3725 250.63718 117.5422 127.81425 0.8734116
car 194.66827 243.87305 172.66792 208.8716 0.9616446
--
truck 295.03378 338.74982 146.01285 200.64009 0.9310488
car 214.50655 224.2785 116.73963 128.04773 0.72846097
car 238.36888 250.5881 117.562744 127.72855 0.87786114
car 193.22461 243.08261 173.85587 210.0485 0.9651722
--
truck 295.0076 338.80917 145.86006 200.62207 0.9300858
car 214.50159 224.15056 116.62576 128.00179 0.73853725
car 238.34639 250.62927 117.51743 127.78474 0.87997663
car 193.40002 242.96121 173.81535 210.03746 0.9622772
--
truck 294.92606 337.5379 145.37646 200.01968 0.9327847
car 214.36133 223.74022 116.5684 127.796104 0.79195946
car 238.36295 250.54857 117.5852 127.77963 0.8858888
car 191.18927 241.24512 174.6002 211.34567 0.95751226
--
truck 294.61035 336.77588 144.40475 199.86958 0.90396404
car 214.35048 223.63808 116.43759 127.70948 0.7769157
car 238.36636 250.56123 117.56208 127.75282 0.88812256
car 189.12088 240.2796 172.50905 215.50107 0.9873308
--
truck 290.2922 332.10925 145.08572 198.21556 0.9055263
car 213.85042 223.25468 116.1401 127.32581 0.8114047
car 238.33218 250.56781 117.53742 127.74638 0.88486314
car 187.67812 239.15573 173.85812 216.74854 0.9918592
--
truck 289.404 332.05698 144.22661 197.76968 0.9299215
car 213.7025 223.00465 115.915855 127.1509 0.80809647
car 238.2878 250.55197 117.55932 127.717896 0.8738214
car 183.96892 234.80443 179.1425 219.48851 0.9799896
--
truck 289.19046 331.02194 143.49709 196.60492 0.90698314
car 213.31006 222.77223 115.97286 127.0079 0.80783
car 238.28679 250.55783 117.53924 127.71103 0.8657171
car 181.08522 232.38007 179.15573 219.92159 0.98295337
--
truck 289.11218 331.13867 143.37128 196.91315 0.9126257
car 213.27249 222.93744 115.98172 127.15782 0.8100262
car 238.26407 250.59468 117.54002 127.6886 0.8655852
car 181.07614 232.38474 179.16043 219.97691 0.98394114
--
truck 288.89124 329.11395 143.87592 195.23889 0.88918537
car 213.21669 223.01833 115.81594 127.067635 0.76231015
car 238.30669 250.63327 117.50961 127.70793 0.8749923
car 179.51382 229.09584 179.50323 220.03687 0.96934193
--
truck 288.3524 328.0744 143.83972 195.58215 0.8764279
car 213.08437 222.7501 115.7819 126.96545 0.7467238
car 238.30945 250.68091 117.49566 127.73648 0.86398643
car 177.96083 229.1595 179.39204 222.01286 0.96090025
--
truck 287.9285 327.9755 143.62607 195.18529 0.88051605
car 212.79085 222.11435 115.74586 126.515015 0.7693211
car 238.28717 250.58287 117.49678 127.73518 0.87376183
car 173.62479 227.43285 182.66249 223.90685 0.9375174
--
truck 269.07535 291.38852 141.32011 171.22456 0.34004995
truck 285.7371 327.4206 142.44127 195.5932 0.8578157
car 212.24013 222.16344 115.33957 126.2029 0.8179961
car 238.0551 250.71364 117.60419 127.83371 0.8424261
car 176.46603 223.05693 185.12524 225.31552 0.85058147
--
truck 268.58157 291.83264 140.29623 170.46106 0.4393808
truck 167.25455 223.58423 183.1532 230.36034 0.61511517
truck 285.24747 326.22946 142.35916 194.65134 0.8838023
car 212.26152 222.03464 115.38795 126.19229 0.80694157
car 238.09448 250.64313 117.61702 127.7748 0.8464273
--
truck 268.0844 290.5236 141.69449 170.95659 0.45602
truck 283.9491 325.15372 141.78822 194.21275 0.90610963
car 212.12523 222.072 115.41276 126.012146 0.82300043
car 238.14543 250.65262 117.633865 127.71217 0.835888
car 158.29776 219.7121 183.84099 233.6097 0.8445847
--
truck 268.10596 290.51788 141.74367 170.96352 0.4252468
truck 283.8674 325.00623 141.78154 194.38179 0.8919487
car 238.10277 250.67152 117.613785 127.74062 0.83541054
car 158.49672 219.50835 183.93448 233.58788 0.8363578
car 211.80988 221.94278 115.11664 126.0237 0.84178454
--
truck 282.31003 324.00763 141.27788 193.52817 0.81977504
car 211.93393 222.32928 115.11705 126.130486 0.82110566
car 238.17044 250.76993 117.62597 127.720535 0.82176536
car 156.62216 216.57216 185.02496 235.33582 0.85529107
--
truck 281.72998 322.25757 142.08301 192.69939 0.87514967
car 211.6012 222.07649 115.12932 126.070496 0.81544584
car 238.08157 250.8023 117.621765 127.77193 0.8216084
car 151.86214 213.13083 187.78319 236.98924 0.9306083
--
truck 280.32092 321.25555 142.20508 192.3079 0.8829843
car 467.1735 480.31665 260.6749 313.12772 0.39456373
car 238.0153 250.70612 117.645805 127.77464 0.84555477
car 211.56662 221.61282 115.49575 125.82779 0.8503502
car 141.2312 211.08965 188.19626 239.17427 0.97568756
--
truck 261.80353 282.39166 142.09607 168.03033 0.31851512
truck 280.3883 321.14496 141.10794 192.49068 0.818906
car 464.538 480.50046 263.7217 309.3843 0.3600641
car 238.01456 250.81398 117.60756 127.801414 0.8147697
car 211.59683 221.63968 115.5345 125.861435 0.82540315
car 139.87852 207.34435 195.18552 242.07619 0.9788038
--
truck 280.35458 319.38358 143.43272 186.31885 0.8862217
car 312.92395 325.40848 123.67771 137.4151 0.3887877
car 457.86014 480.09 249.33276 312.88342 0.4727263
car 211.20096 221.4957 113.20059 124.21031 0.7449467
car 238.26538 250.58516 115.98369 126.55389 0.9449048
car 139.33066 201.47151 195.41296 243.68431 0.9583186
--
truck 280.42526 319.27686 143.43773 186.41568 0.87963706
car 312.91116 325.38104 123.66285 137.4605 0.39304212
car 457.9552 480.14575 249.1941 312.91568 0.5312025
car 211.2246 221.48717 113.13385 124.223625 0.7568616
car 238.25885 250.68597 115.99964 126.58138 0.94577587
car 139.32841 201.71553 195.51576 243.87775 0.9640139
--
truck 278.2221 318.76468 145.26764 188.71182 0.95645875
car 237.19356 250.79512 118.20092 128.55304 0.7993607
car 210.97635 220.90874 115.751396 126.332306 0.8204156
car 452.702 478.87454 247.13708 309.41528 0.8957283
car 133.65085 195.79163 196.59549 249.55475 0.98561084
--
truck 260.08374 282.29822 143.51492 167.81494 0.3319151
truck 278.9361 318.49396 144.87387 187.88802 0.9666548
car 211.06671 221.43007 114.99627 125.30456 0.8172262
car 451.20322 479.02866 245.75482 311.59808 0.83564335
car 238.16528 252.01074 117.22457 127.57618 0.91704786
car 134.37834 191.99554 197.54001 251.8114 0.9898027
--
truck 258.78766 281.21854 141.98909 169.19955 0.3263403
truck 277.7082 318.0465 145.27051 188.15277 0.9368733
car 447.25714 479.20642 237.12387 318.5103 0.6783546
car 238.34558 251.10913 117.97084 128.3414 0.80520034
car 211.32605 220.70807 115.98024 126.11223 0.88291985
car 132.58177 185.36166 195.74025 253.46822 0.9248513
--
truck 277.9484 316.80795 146.38753 188.48888 0.8939758
car 445.30328 480.17505 238.64201 321.69797 0.4738477
car 210.93736 220.92944 116.487724 127.56407 0.5739209
car 238.11032 250.258 120.525085 131.84587 0.62644404
car 133.97173 179.29887 197.23851 257.1524 0.75521845
--
truck 278.03516 315.8144 145.11813 188.56136 0.90947413
car 237.97818 251.10217 120.63031 130.86258 0.7534117
car 211.37222 221.22229 115.29044 126.39123 0.7642273
car 439.19595 480.2349 239.27757 318.30905 0.9199857
--
truck 278.00818 315.9154 145.19939 188.6259 0.9111638
car 237.92204 251.0954 120.637566 130.93474 0.77769804
car 211.3651 221.24097 115.27783 126.350876 0.7813692
car 439.2463 480.2234 239.04004 318.5594 0.91726714
--
truck 278.2739 315.92035 146.29112 188.25116 0.9256852
car 136.66293 175.82654 195.70264 261.3069 0.38214657
car 238.89723 252.0936 120.50842 131.80548 0.6324983
car 436.66425 480.7442 239.83098 319.36737 0.8871915
--
truck 254.95912 286.61365 138.53218 170.1365 0.43959433
truck 278.2794 314.8288 144.75345 188.73714 0.94716966
car 211.33333 221.2795 116.014465 126.804306 0.7465734
car 238.12863 251.13135 120.556984 131.47261 0.77193344
car 434.1775 480.23352 238.51213 315.5853 0.8402148
--
truck 252.01453 279.23193 139.305 168.68314 0.43329743
truck 275.39185 310.63394 144.12825 186.3551 0.94145405
car 429.57343 482.30548 231.05966 309.18457 0.8245361
car 238.1621 251.77583 120.566635 130.77213 0.8481998
car 211.16042 220.55376 115.7331 125.888695 0.85335267
car 118.44094 172.39932 200.2024 256.56036 0.98478997
--
truck 275.64728 310.83856 143.55164 184.27077 0.932747
car 211.04256 220.76595 114.27233 124.85991 0.6943963
car 238.90614 252.25911 117.920784 128.50227 0.7262828
car 427.4778 481.93326 229.43922 308.67657 0.88387835
car 115.784294 173.33188 200.97153 253.53815 0.9935069
--
truck 275.73468 310.12357 142.96977 184.20323 0.9129978
car 210.61082 220.30592 113.738754 124.51775 0.5629215
car 237.91313 251.50743 117.44156 128.27501 0.72984797
car 426.2954 480.7837 228.77983 305.56384 0.78099835
car 110.62868 174.50584 201.82855 253.65793 0.99584806
--
truck 275.81125 310.17825 142.94165 184.17221 0.9051786
car 210.60225 220.2283 113.678604 124.55378 0.5181489
car 237.9184 251.59306 117.37704 128.28911 0.7120182
car 426.38464 480.71255 228.54073 305.35202 0.78852016
car 110.53929 174.76195 201.87556 253.63228 0.99543256
--
truck 274.4869 310.04028 142.23245 184.32439 0.83337444
car 209.58981 219.75824 113.25195 123.78776 0.56509686
car 421.3063 480.67267 226.33862 299.59763 0.8037926
car 237.72906 251.03625 116.7158 127.70661 0.8745835
car 105.872734 175.37927 201.93015 253.48637 0.99541914
--
truck 271.0642 308.70303 139.13805 180.45378 0.8758659
car 209.25122 219.7814 112.5939 122.98392 0.6899959
car 420.33313 480.6209 220.94339 295.98782 0.76753575
car 238.02658 250.68918 116.237816 127.24668 0.91310376
car 102.847565 174.95547 201.96982 253.97438 0.9946081
--
truck 246.83719 275.83868 133.75937 164.72208 0.41013503
truck 271.68304 308.3142 139.11613 179.84946 0.93557245
car 209.90353 220.17819 111.91271 122.4986 0.51412183
car 414.12216 479.82928 215.61798 288.42987 0.77505517
car 237.93033 251.34312 115.322 126.66182 0.9340678
car 95.45089 175.89757 202.85812 256.0837 0.99284375
--
truck 270.841 307.62128 139.4415 180.30045 0.90277946
car 208.65219 219.12799 112.72675 122.809135 0.49515936
car 411.8836 479.6065 214.79175 288.0528 0.8552214
car 237.56276 250.52791 116.006096 127.2202 0.9362087
car 92.76594 176.64873 204.37665 256.19882 0.99414694
--
truck 245.35188 275.1966 132.97548 166.09097 0.31172383
truck 269.6602 306.3828 139.89372 179.95818 0.8478979
car 313.0665 325.73184 124.676056 137.5467 0.35620856
car 208.60645 219.14095 112.669014 122.69933 0.5590519
car 410.2774 479.6299 213.67056 287.08926 0.82707345
car 237.36546 250.43643 115.9879 127.34665 0.94815326
car 89.045425 177.81555 205.58336 257.2122 0.9925892
--
truck 269.72528 306.2934 139.89587 179.86642 0.8305377
car 312.97784 325.35226 124.555176 137.66676 0.36897507
car 208.69434 219.09528 112.70443 122.64628 0.53284717
car 410.3088 479.60657 213.61826 287.22232 0.8186711
car 237.47421 250.49008 115.99688 127.306404 0.94974643
car 89.52559 177.77167 205.65645 257.2053 0.99338526
--
truck 242.88548 271.10095 132.35628 165.80226 0.46988326
truck 269.52158 305.8537 140.19734 179.64317 0.8655639
car 313.06442 325.1333 124.62763 137.56519 0.41855314
car 208.85643 218.97836 112.41303 122.72602 0.51583004
car 407.9324 480.50342 212.1776 285.9929 0.8018871
car 237.4226 250.61485 115.87626 127.06489 0.956096
car 86.47263 178.02826 205.5756 256.9757 0.99574566
--
truck 242.43793 271.18137 132.76549 164.33417 0.40178803
truck 269.43408 305.7851 139.33781 180.1826 0.92076653
car 313.49478 326.55215 124.157814 137.63364 0.37460676
car 209.09438 218.93085 112.197716 122.3996 0.37759948
car 405.49185 478.65604 211.6164 279.25833 0.91681015
car 237.81026 251.12477 116.15189 127.155426 0.9223472
car 85.1621 178.28973 205.39516 256.48087 0.99609464
--
truck 240.9085 270.1046 133.85442 166.0314 0.60032487
truck 268.1601 301.3177 139.95663 178.78342 0.8486119
car 210.33205 219.5497 113.56754 123.076935 0.32241455
car 237.76413 251.23685 117.24681 128.15909 0.7873518
car 403.05176 477.8222 209.22827 276.4419 0.9663193
car 82.16951 179.4403 206.11884 257.54108 0.9957715
--
truck 239.94307 269.42426 134.31609 165.6031 0.30286935
truck 267.78458 301.10983 139.81924 179.06036 0.8037374
car 237.80627 251.18225 117.039696 128.21393 0.69297075
car 401.283 475.65173 209.12459 273.50137 0.9695253
car 79.84031 175.68839 206.0161 256.1756 0.9966304
--
truck 238.60672 268.75696 133.5353 164.50093 0.36892444
truck 266.93918 301.41458 138.97899 179.46686 0.88801616
car 237.80869 251.36513 117.118744 127.70832 0.8361028
car 398.72375 474.17703 207.49092 270.35977 0.94268507
car 79.05652 175.69443 206.27913 256.0805 0.99761814
--
truck 238.62067 268.82632 133.45984 164.68275 0.37680942
truck 266.97913 301.48135 138.82056 179.64517 0.88356733
car 237.81978 251.40237 117.11179 127.659096 0.8402538
car 398.73788 474.25378 207.55551 270.3912 0.94791657
car 79.53586 175.1288 206.63683 256.1032 0.9976359
--
truck 265.79584 300.82986 138.94743 179.39352 0.88289636
car 237.72728 250.4973 117.191925 127.823685 0.7716464
car 395.32407 472.8827 206.18019 268.77902 0.9529174
car 78.24025 175.52281 206.58342 256.83618 0.9972554
--
truck 236.59824 267.10837 134.43137 163.89374 0.41001883
truck 264.80664 300.4149 139.48122 178.91142 0.9056258
car 237.74283 250.1659 117.40831 127.86266 0.6673357
car 393.06436 471.13007 205.07602 268.5433 0.96461403
car 77.50364 175.51642 207.10655 256.98868 0.9975559
--
truck 235.8811 267.48715 133.82004 164.63472 0.6426739
truck 264.83716 300.62048 139.40463 178.2744 0.9117439
car 238.26192 251.11032 117.67586 127.98992 0.66317606
car 389.90204 465.20358 202.23279 264.24576 0.95294696
car 76.410805 174.62932 208.62344 256.92007 0.9974125
--
truck 234.90761 267.01007 133.45131 164.8608 0.55896395
truck 264.67105 300.48132 138.99759 179.32942 0.92232156
car 238.3393 251.26161 117.62764 128.0645 0.43707585
car 387.60184 459.7475 202.0539 259.84756 0.9636626
car 75.64038 173.95815 208.79907 257.02887 0.9962918
--
truck 233.42108 267.61002 132.80696 165.30025 0.68722254
truck 264.3082 299.18967 138.24026 177.79082 0.9217381
car 238.25534 251.55585 117.37373 128.28099 0.6268524
car 386.88696 459.1761 199.47865 258.39542 0.9861539
car 74.49054 174.289 209.17494 256.6412 0.99602544
--
truck 233.33127 267.64282 132.57562 165.21033 0.71499354
truck 264.28244 299.34262 138.21028 178.09613 0.9233866
car 238.218 251.51874 117.393456 128.32912 0.6346731
car 386.9097 459.1428 199.51892 258.2516 0.9874257
car 74.860085 173.83685 209.06313 256.50784 0.995633
--
truck 231.06558 264.06787 132.98912 164.08583 0.6518036
truck 263.3556 298.43625 138.17809 179.21211 0.94818825
car 237.80357 250.38866 117.89246 127.91311 0.3863762
car 385.6593 455.85303 197.91396 256.50058 0.98456466
car 72.16989 173.38144 209.30923 257.3494 0.99609137
--
truck 229.45753 263.84647 132.32597 164.42316 0.7447395
truck 262.44217 297.67 138.23882 180.28993 0.9318872
car 237.5912 250.82236 117.36464 128.10992 0.7181052
car 382.67877 452.91177 196.83919 254.10684 0.9923802
car 69.80487 172.62706 209.0871 257.29037 0.9952474
--
truck 227.55215 262.6005 132.3098 163.65137 0.77023506
truck 261.66846 296.80554 137.50577 178.66545 0.93185866
car 237.84071 250.90842 117.33802 127.75229 0.71229625
car 377.192 448.33377 194.17194 250.43181 0.9829614
car 69.82385 173.20872 209.0306 256.89456 0.9964827
--
truck 226.81573 261.63367 132.17795 163.59186 0.74086666
truck 261.19324 296.20184 137.28938 179.12563 0.9355756
car 238.00104 251.11024 117.138954 127.76076 0.7691907
car 376.68524 445.84467 193.25955 248.9829 0.9531151
car 69.97745 172.59717 209.16965 256.90747 0.9959666
--
truck 225.8268 260.44305 131.97008 163.09726 0.7773319
truck 260.645 295.41083 136.27934 178.12408 0.921122
car 238.08202 250.94579 116.658806 127.4604 0.74760014
car 375.67078 443.47748 191.24748 247.2954 0.9526256
car 69.93666 171.62448 208.99567 257.2436 0.9947964
--
truck 225.88449 260.38986 131.9099 162.98589 0.7802159
truck 260.60117 295.459 136.26746 178.0094 0.92046916
car 237.97417 250.83235 116.72261 127.36191 0.7150381
car 375.80063 443.37106 191.24919 247.32701 0.94801414
car 70.14662 171.60298 208.99269 257.27597 0.99424136
--
truck 225.6497 260.53793 131.67697 162.98224 0.7516766
truck 260.1544 295.54684 136.04776 177.32347 0.84602195
car 237.88364 250.72083 115.82567 126.926476 0.70714617
car 375.43692 441.4771 190.98785 245.66595 0.9275162
car 70.691185 171.14809 207.99316 257.0089 0.9944601
--
truck 224.75569 260.36658 131.893 162.45285 0.7518184
truck 260.3098 295.27423 136.04216 177.47655 0.8212533
car 313.78745 326.15826 124.48563 138.28873 0.30205265
car 237.53313 251.16457 115.94405 127.36973 0.74003047
car 373.42618 436.77145 189.11874 241.65497 0.79499733
car 70.342415 169.49612 208.43938 257.1599 0.9913803
--
truck 222.97118 259.47186 131.73094 164.4631 0.6928649
truck 258.865 291.87598 138.15324 174.76456 0.84154344
car 237.98288 251.92563 116.49161 128.14308 0.49927408
car 372.41357 433.65894 188.50887 241.37958 0.95662993
car 69.522095 169.64438 209.25578 257.24084 0.9952894
--
truck 223.06252 259.1153 131.7733 164.14761 0.70896
truck 258.71017 292.06747 137.84993 174.4255 0.86542135
car 237.80739 251.95407 116.46707 128.04317 0.33135375
car 370.654 433.60904 188.48338 240.14783 0.97881854
car 69.98121 170.54033 209.2784 257.2113 0.9959533
--
truck 257.50555 292.2101 137.72415 173.81099 0.80435365
car 237.92346 252.31616 116.045204 128.19781 0.41983658
car 220.5734 256.90616 130.80461 163.46486 0.5697513
car 369.81177 432.16153 187.1097 239.02182 0.95711
car 70.06179 169.59575 208.69783 257.20444 0.99606305
--
truck 257.48126 292.2373 137.70677 173.89806 0.7965787
car 237.85608 252.32516 115.98884 128.17114 0.37072602
car 220.5891 256.75958 130.85524 163.45511 0.58494455
car 369.9411 432.05786 187.39363 238.89487 0.9641532
car 70.1773 169.34329 208.75873 257.03824 0.99624395
--
truck 257.05945 291.48825 137.96921 173.53397 0.76942194
car 237.82103 252.11145 116.23149 128.129 0.56920815
car 219.42865 256.15408 131.64429 163.91856 0.6528129
car 367.42905 428.40436 186.72623 237.31578 0.9617343
car 70.18132 169.58829 208.88489 256.97208 0.99642134
--
truck 218.80086 255.68785 132.14249 164.1058 0.5858469
truck 255.6724 290.89743 138.4335 172.6708 0.7365814
car 237.95047 252.34703 116.21916 128.25789 0.63382703
car 365.471 426.0687 186.54477 236.4956 0.96893567
car 70.13891 169.04369 209.03485 256.97076 0.99500924
--
truck 254.45624 289.9897 138.28595 173.30139 0.65826494
car 238.12553 252.07411 116.47291 128.1619 0.5827901
car 217.56161 254.01561 133.12566 163.54195 0.6216218
car 361.84207 421.8934 183.87302 233.07526 0.981215
car 70.292 168.95728 209.23853 257.07202 0.99520653
--
truck 253.72379 289.60245 138.48611 173.5426 0.67316455
car 216.29347 252.74751 133.17601 163.87254 0.5114987
car 360.97446 420.257 183.24811 232.36 0.9768627
car 69.7611 169.90068 209.37074 257.3321 0.99501747
--
truck 252.77226 288.6512 138.08936 173.87662 0.71977055
car 237.54756 251.60022 117.37747 128.51196 0.32583266
car 214.61551 251.22102 134.32477 163.82495 0.56409407
car 359.96255 418.179 182.71707 231.56238 0.9123429
car 71.97527 169.30124 213.18712 259.5029 0.99486333
--
truck 252.66397 288.6743 138.15015 173.79343 0.7242641
car 237.44925 251.6682 117.27321 128.56003 0.35780996
car 214.6076 251.14763 134.38742 163.97975 0.58156997
car 359.86542 418.30203 182.8078 231.52148 0.91647476
car 71.94144 169.75566 213.07704 259.60608 0.99484867
--
car 237.55905 251.35683 117.1671 128.4984 0.3403223
car 214.53683 250.3335 134.5282 163.89685 0.59740144
car 252.56885 288.134 137.62209 173.84341 0.79544705
car 357.35922 415.84012 181.508 228.96722 0.9728228
car 72.19364 169.91109 213.22403 259.49295 0.99672306
--
truck 214.64665 249.73228 133.63858 163.63884 0.4737719
car 251.98111 288.00555 137.72649 173.90712 0.80820113
car 357.09152 415.10126 180.68506 227.31657 0.97995615
car 72.758705 170.4192 212.94025 259.74875 0.9943544
--
car 217.24039 248.5484 134.98564 164.417 0.37039843
car 251.02893 286.7472 138.15211 174.43681 0.78409576
car 354.6195 412.22424 180.84813 226.2102 0.96508723
car 72.79373 168.87302 213.14545 259.98297 0.9967173
--
car 213.94939 244.38849 144.70622 163.83742 0.3726218
car 251.15707 286.583 138.74863 173.75262 0.84282434
car 353.7945 409.56064 180.99495 225.14432 0.96025
car 72.988815 169.69495 212.82175 260.29572 0.9968856
--
car 212.3112 246.36194 135.43608 165.16325 0.3365934
car 248.5365 283.37677 138.12834 172.17807 0.6872824
car 351.993 407.22327 180.05757 224.4072 0.9754939
car 72.86409 169.57713 213.09172 260.14008 0.9965458
--
car 212.21567 246.42157 135.59245 165.0237 0.33021367
car 248.90619 283.42032 138.26303 172.18846 0.7581627
car 351.93634 407.09613 180.03807 224.54892 0.9725985
car 72.87454 169.10211 213.00642 260.21146 0.99668926
--
car 211.8591 246.03398 133.72894 165.08223 0.5058873
car 248.30212 282.8678 138.16972 171.7236 0.6517352
car 350.264 404.85706 178.41534 223.2472 0.9611723
car 72.68665 168.74866 213.39124 259.63947 0.9960499
--
truck 212.04211 244.71445 133.94307 166.30646 0.40521127
truck 248.14348 282.27646 138.48601 171.20018 0.6856147
car 348.69986 402.15698 175.3872 220.32747 0.946329
car 72.48046 169.29762 213.3275 259.69675 0.9960671
--
truck 209.17253 243.49399 133.39339 166.95895 0.6003149
car 238.76282 253.23062 117.51268 129.19269 0.30315378
car 244.84409 279.2258 134.33278 167.51672 0.69564897
car 346.0447 398.16006 174.8864 219.30898 0.90372664
car 72.72912 169.86566 213.33943 259.7716 0.99696916
--
truck 207.86096 242.08217 133.37343 166.41571 0.69792944
truck 245.54198 281.25797 137.73083 171.42397 0.7003142
car 238.81856 253.18594 117.6079 129.1636 0.35362598
car 346.2298 395.31613 174.74147 218.80951 0.9336644
car 72.736916 169.63559 212.90616 260.11484 0.99632484
--
truck 208.01427 241.53459 133.2398 166.45819 0.47696087
car 238.9613 252.94186 117.665184 129.17645 0.44714126
car 243.29858 279.67758 134.56148 168.257 0.8758668
car 345.5605 394.7272 174.23828 217.75089 0.95847756
car 72.31613 169.44162 213.08669 259.86075 0.9968678
--
truck 207.98001 241.45282 133.17542 166.53787 0.45070317
car 238.76535 253.0172 117.737206 129.25867 0.46669218
car 243.06685 279.74512 134.61409 168.15689 0.88147503
car 345.55344 394.80554 174.1368 217.6433 0.96467257
car 72.82017 169.65608 213.00029 259.94345 0.9968087
--
truck 208.35019 240.36676 133.40541 166.7751 0.45306155
car 238.25822 252.83716 117.63838 129.22696 0.39516503
car 337.39597 396.98462 170.85759 216.54677 0.889189
car 242.13753 279.54117 134.4725 168.30331 0.89110094
car 72.81401 169.1875 213.21172 259.68097 0.9962257
--
truck 208.17767 239.64503 133.66591 166.3163 0.3879867
car 238.48259 253.11023 117.37648 129.03905 0.42225546
car 337.5542 395.6084 170.03615 215.65498 0.8997927
car 241.38513 279.90778 134.5878 168.15678 0.90303844
car 72.95804 170.10332 212.79893 260.1252 0.9969196
--
truck 207.40991 239.09055 133.87956 164.86949 0.52474487
car 238.06555 252.65196 116.18469 128.97858 0.42158478
car 241.95935 278.48087 133.51103 169.1508 0.7398823
car 335.7392 392.0542 166.45322 213.94286 0.96110225
car 72.76311 169.81512 213.22392 259.34354 0.99368733
--
truck 207.34657 239.00934 133.7161 165.01173 0.32234442
car 238.15024 253.22005 116.09482 129.16524 0.40505147
car 241.82027 277.70425 133.04733 169.42174 0.74380165
car 335.85266 389.33725 166.37747 212.57768 0.9640841
car 72.977776 169.92374 213.30998 259.1707 0.99407107
--
car 199.74884 240.09381 134.13045 165.36378 0.3214288
car 237.99284 252.76219 116.42366 128.74985 0.39561668
car 242.2124 277.52292 132.47435 170.1331 0.8365295
car 335.4891 388.43875 166.36821 212.41739 0.9848885
car 72.22164 169.91873 213.18927 259.44064 0.99174756
--
car 199.78584 240.12202 133.73608 165.48021 0.32037577
car 237.9192 252.71945 116.43917 128.75082 0.36722493
car 242.26802 277.52045 132.45177 170.16238 0.837275
car 335.66483 388.35406 166.37358 212.37714 0.9875695
car 72.39897 170.2091 213.13382 259.39673 0.99166214
--
car 237.85548 253.01837 116.512924 128.77428 0.41423574
car 199.90828 239.10985 133.86723 164.60388 0.6475089
car 240.46397 273.63953 131.76671 169.67743 0.8253835
car 334.5056 386.09824 166.6459 211.97623 0.9867275
car 69.07397 171.5009 208.97403 258.2352 0.99249643
--
car 238.138 252.9136 116.47294 128.5249 0.5657962
car 199.42934 237.54585 133.10771 164.81842 0.6135581
car 239.59598 273.41882 132.13866 169.1779 0.82485384
car 333.82068 382.9282 165.90318 210.47871 0.98427975
car 68.54594 171.15715 209.05223 258.15836 0.99267
--
truck 199.9304 236.14096 131.81854 165.56084 0.6582097
truck 239.78886 274.59802 135.3992 171.05313 0.774441
car 238.22943 252.53471 116.53107 128.51636 0.53980684
car 330.65344 379.1585 164.28201 207.84512 0.9739112
car 68.17572 171.36964 209.20267 258.08478 0.9933571
--
truck 240.05212 274.27524 135.14558 171.04446 0.72621536
car 200.58217 235.14172 135.09001 165.28333 0.58522993
car 238.28322 252.34555 116.37965 128.36157 0.76465636
car 330.35944 378.60657 164.59288 207.75172 0.98228455
car 69.16484 170.58116 209.32219 257.56586 0.9932784
--
car 196.25056 234.56848 134.85127 164.38736 0.5712805
car 236.81152 272.1413 132.16492 168.5575 0.7012053
car 238.20667 252.66354 116.498764 128.58456 0.71608627
car 328.83572 376.83066 162.68369 205.93883 0.9512616
car 69.35319 170.76152 209.31575 257.27853 0.9925632
--
car 196.2673 234.48994 135.1417 164.29712 0.54956996
car 236.78798 272.07217 132.23979 168.38867 0.69354284
car 238.1583 252.6484 116.46587 128.60422 0.72002757
car 328.99542 376.60513 162.53839 206.0064 0.949072
car 69.473404 170.6051 209.23112 257.36673 0.9913605
--
car 245.09651 274.84988 143.31439 169.01474 0.42209852
car 237.93129 251.7711 116.51159 128.30641 0.70129424
car 197.76767 232.80183 135.93398 164.02992 0.71489155
car 235.92545 270.61865 132.0347 167.40771 0.8534444
car 329.21964 375.24878 161.84978 205.3586 0.97711223
car 68.89779 171.74243 209.2101 257.23257 0.9917231
--
car 197.94086 231.62592 137.01482 162.93071 0.5669264
car 237.21144 251.29529 116.37772 128.4287 0.6951482
car 235.21289 271.09894 132.09795 167.75455 0.81171757
car 329.8471 374.2834 162.03925 204.04736 0.9707983
car 69.02805 171.54259 208.88623 257.42667 0.9914934
--
car 312.68686 327.0956 122.74916 138.30838 0.44335085
car 238.02257 250.49188 116.09688 127.21397 0.62162113
car 235.09335 270.9052 132.0573 167.8995 0.6381371
car 327.26376 371.5262 164.69624 200.51793 0.95859766
car 68.88887 169.20872 208.6011 257.31174 0.98363364
--
car 313.34833 326.64752 123.378716 138.05725 0.32026407
car 234.42221 270.09143 132.05371 167.49312 0.6807612
car 237.59714 250.63535 116.449066 127.56715 0.72371393
car 325.9575 370.18774 164.69386 199.29839 0.977103
car 69.71625 168.71196 208.54532 256.4227 0.9891971
--
truck 234.48126 270.5509 131.3518 167.46797 0.6255523
car 238.06749 250.89786 115.550606 126.71894 0.7298137
car 324.92017 369.12274 164.34238 198.5463 0.9733341
car 69.830185 168.44405 208.66035 256.17474 0.9899314
--
truck 234.46019 270.54108 131.38255 167.46767 0.65929306
car 238.00325 251.09499 115.628586 126.726425 0.72151023
car 324.98605 369.10184 164.34619 198.4949 0.9737749
car 69.55618 168.55914 208.80267 256.20114 0.989226
--
car 238.06836 251.32419 115.34617 126.3364 0.5814391
car 234.00215 270.2599 131.2739 166.61082 0.7954408
car 322.61182 367.67834 161.9767 196.28693 0.97306055
car 69.48339 168.72667 208.72963 255.7893 0.99056077
--
car 189.19858 203.90472 146.96745 160.24469 0.4084665
car 237.99377 250.73456 114.36372 125.56092 0.67985344
car 233.35593 269.93433 130.63626 165.30826 0.74199176
car 321.82626 366.11655 161.74081 196.029 0.97794795
car 69.77864 168.0165 207.90437 254.76527 0.9868065
--
truck 233.16919 268.82663 129.58044 163.85008 0.77644134
car 321.28976 364.0715 159.11577 195.8511 0.97520083
car 70.13421 167.24232 207.27371 253.50714 0.9845628
--
truck 233.64333 268.433 130.03043 163.25874 0.8100992
car 187.90227 214.58678 139.77292 159.21198 0.47280344
car 322.09326 362.7514 157.21025 194.33928 0.9725234
car 70.58252 167.34476 206.48529 253.15822 0.9822243
--
truck 232.60315 268.384 128.99942 163.23798 0.64659387
car 186.71327 215.68346 135.73235 157.75563 0.5891141
car 318.84082 361.33868 155.1582 191.99452 0.9628751
car 71.6279 168.0823 205.98859 251.81573 0.9918438
--
truck 232.63187 268.37753 129.00464 163.31366 0.66427845
car 186.75089 215.74463 135.82161 157.74858 0.57247823
car 318.8595 361.353 155.13998 192.04128 0.9631448
car 71.6974 168.20049 206.02927 251.91118 0.9918503
--
truck 229.43787 265.89664 128.04498 161.28818 0.63334507
car 187.03175 214.94272 136.75993 156.34328 0.57708216
car 317.13696 359.96457 152.66147 187.75383 0.95397043
car 71.67902 167.96805 204.33783 250.5371 0.9933181
--
car 229.51611 265.59262 130.45284 159.61113 0.35209244
car 186.471 216.0424 137.27634 155.961 0.43796122
car 316.39206 359.95538 151.91234 187.78755 0.96085036
car 71.680244 167.60533 202.93538 248.92041 0.98885554
--
car 182.17836 220.09395 124.48104 152.76616 0.8577797
car 315.66928 356.40717 147.55103 181.71349 0.95180494
car 72.20648 167.98085 201.31796 245.94777 0.9849035
--
car 229.84085 265.01907 121.52894 151.94563 0.44411418
car 182.0117 219.56778 123.36205 151.89288 0.7543365
car 314.70975 355.775 144.09694 177.54482 0.9394567
car 71.21959 169.87596 199.84367 244.13487 0.9904743
--
car 312.5288 325.40887 104.63039 122.271515 0.31694293
car 237.32504 250.58653 98.94005 110.370056 0.37975538
car 311.44452 331.58716 97.730194 121.36028 0.41491604
car 236.95 265.45883 125.75418 151.0714 0.43395367
car 181.40894 217.35529 128.06831 148.29199 0.9112633
car 313.8769 353.32037 141.97174 178.16321 0.97530913
car 69.27685 169.89961 197.79167 243.05757 0.997861
--
car 312.69885 325.4094 104.77917 122.24609 0.30248272
car 237.36647 250.6468 98.86758 110.31801 0.33971685
car 311.46808 331.58643 97.62494 121.41802 0.3958776
car 236.71097 265.55945 125.747444 151.09674 0.40770668
car 181.40036 217.36156 127.98551 148.28674 0.9024993
car 313.89886 353.32178 141.99904 178.1883 0.973832
car 69.390594 170.26881 197.5123 243.05818 0.99787086
--
car 235.31606 249.16695 96.62761 109.47022 0.56837004
car 242.02429 264.51483 123.81242 147.86266 0.59433705
car 227.11407 263.0349 113.413284 144.09859 0.65422547
car 177.39699 217.62442 115.16429 146.5198 0.8989977
car 311.31247 352.04895 137.14062 172.98068 0.97914916
car 69.224724 166.76932 195.87956 240.44792 0.9969606
--
car 158.12624 171.32379 121.30996 137.07796 0.35985577
car 310.88666 331.28122 88.04655 115.87333 0.36151633
car 235.64542 249.45586 95.18552 107.93431 0.5105641
car 227.31355 262.43768 112.08659 143.5407 0.68936455
car 176.73572 216.17683 113.962 143.54962 0.93752337
car 310.99084 351.0742 134.11334 169.20374 0.99018425
car 66.21352 167.67053 191.38242 238.79207 0.99591476
--
car 158.00945 170.61409 117.503426 134.77592 0.3225493
car 310.39212 331.61783 85.98137 111.239105 0.3601198
car 176.46732 214.10118 115.515175 140.35178 0.8955253
car 310.04333 349.35138 130.43353 160.94102 0.99231946
car 67.938324 166.2266 189.54776 235.03018 0.9961125
--
car 223.53952 262.22964 104.49366 138.93681 0.5243657
car 308.65912 331.09137 79.96887 107.92762 0.71202344
car 178.1928 212.32697 117.28895 138.56186 0.8514354
car 308.58264 348.0327 125.87084 159.10265 0.9846341
car 68.06722 166.55725 188.12967 234.17938 0.99449396
--
car 222.30492 255.50162 103.028625 136.58078 0.39493045
car 309.7881 330.87427 78.041855 105.60713 0.5878126
car 170.86786 211.5126 105.74827 134.5444 0.73144734
car 307.10144 345.513 124.213875 156.55376 0.9293106
car 67.78248 162.67851 185.87694 232.13268 0.9945315
--
car 222.3109 255.50937 103.09019 136.21994 0.38319322
car 309.75525 330.78085 77.97259 105.58445 0.5907024
car 170.94337 211.64844 105.79799 134.45299 0.6806982
car 307.16898 345.514 124.20657 156.6063 0.93101394
car 67.77386 162.82558 185.84236 232.09589 0.9944429
--
car 157.06984 171.39725 112.63361 129.2118 0.377694
car 222.542 259.9682 101.16465 137.19945 0.7804111
car 171.48436 211.65396 106.60644 134.44017 0.8673198
car 307.16043 345.38483 122.35267 153.88454 0.9695832
car 69.86092 164.61777 185.27266 230.77615 0.99253
--
car 221.98184 254.07861 102.57766 132.63048 0.4601698
car 173.01294 210.64615 107.12816 134.31387 0.8175457
car 306.05432 345.26074 120.56534 152.22429 0.954963
car 68.75999 164.3883 184.80762 228.9217 0.9945229
--
car 173.54568 209.238 108.958145 130.22552 0.7771636
car 220.81595 254.15572 94.86963 128.39604 0.8013704
car 309.28537 343.6136 113.379074 146.22963 0.9366924
car 71.568214 169.07356 182.68822 225.99478 0.9916175
--
car 168.68275 205.79941 106.944466 131.24385 0.9087014
car 218.47166 252.7141 94.74294 129.84319 0.9210954
car 308.53995 340.98053 116.404785 146.39488 0.9776044
car 67.60866 162.86015 183.11775 226.27711 0.9951566
--
car 218.94757 255.66342 96.124565 130.55106 0.77246594
car 168.14473 206.49869 105.43022 131.84535 0.8994952
car 306.6712 342.19833 114.44955 146.95532 0.9128789
car 67.61636 164.76208 182.7637 227.16774 0.99159485
--
car 219.00255 255.63171 96.1006 130.59508 0.7620701
car 168.19905 206.53381 105.37676 131.86029 0.8979283
car 306.70154 342.19608 114.48499 146.90546 0.9162805
car 67.5167 164.75526 182.83218 227.13416 0.9915619
--
car 305.58588 339.00085 114.10126 144.92783 0.6827719
car 167.77588 206.6177 106.461685 130.57504 0.9003589
car 217.9136 255.05888 94.744675 128.66814 0.9080485
car 67.792336 164.17957 182.08952 226.29543 0.99517244
--
car 247.6781 266.33734 127.434906 149.71492 0.42302707
car 236.5247 249.74507 77.5249 88.50461 0.55622816
car 168.99782 206.81079 107.00607 129.2395 0.8575196
car 218.91257 255.52946 93.971664 126.38481 0.91679776
car 309.16714 341.44144 112.991325 143.24118 0.96827024
car 68.72876 169.99132 181.5787 225.49075 0.9970398
--
car 459.07834 479.2383 189.51607 268.58282 0.4098792
car 245.57353 261.73047 133.59763 150.42642 0.42444113
car 230.96759 243.69814 79.52915 91.33589 0.69526404
car 213.29538 251.37926 95.71828 130.56812 0.78814465
car 159.3696 199.15715 106.06613 131.68288 0.93707687
car 297.02808 332.94446 114.277245 146.6833 0.9765188
car 63.51323 161.5394 183.338 227.60814 0.98876405
--
car 235.55551 252.02711 70.91755 83.150116 0.5009052
car 249.70361 270.50302 127.523994 148.04247 0.846899
car 217.69417 256.16388 86.56983 122.04711 0.8490626
car 159.42647 202.1538 96.70617 124.09248 0.9189432
car 301.2162 336.41357 106.11604 138.03647 0.99118346
car 69.01537 164.57271 177.32892 221.63708 0.9916995
--
truck 222.38464 260.33087 89.93908 124.672615 0.7777242
car 238.53188 251.56216 74.11703 85.18995 0.33909643
car 158.67415 205.07317 97.406364 123.76479 0.8755925
car 306.84378 341.64005 105.88263 139.96407 0.8998343
car 71.22472 170.53502 172.86339 219.38419 0.9836372
--
truck 222.27802 260.4016 89.70094 124.77999 0.78986007
car 238.45486 251.60951 74.090324 85.222244 0.35344496
car 158.75095 205.0575 97.33063 123.75805 0.86815125
car 306.84445 341.63678 105.86338 139.96703 0.87455577
car 71.06412 170.50673 172.99503 219.41946 0.9819512
--
car 248.90364 269.862 135.15073 154.05106 0.57019585
car 214.75731 251.38461 93.22501 126.86674 0.89657336
car 160.53401 198.09035 98.22248 128.9287 0.907494
car 298.94748 333.41217 111.3139 141.60826 0.9689553
car 66.954185 163.14807 178.92694 225.51044 0.9914063
--
car 250.56956 271.37033 137.19199 157.77264 0.8382066
car 160.32425 197.52919 104.91925 130.23106 0.93522656
car 300.82147 333.49673 113.36386 143.00458 0.9584366
car 215.63979 252.07404 94.986465 129.88477 0.9675912
car 67.954414 162.76678 180.15617 225.28908 0.989697
--
car 213.37201 252.04774 97.30902 130.40724 0.8818626
car 299.74292 332.01074 114.396194 148.87091 0.90690136
car 159.64914 195.733 106.90963 132.70793 0.9649017
car 67.98693 162.5234 183.38527 225.96875 0.9857538
--
car 234.65242 250.03816 80.0948 91.74233 0.6987761
car 215.70242 252.35605 95.898155 130.11197 0.8527117
car 299.66965 332.25092 115.1532 147.70564 0.92095256
car 159.21268 195.55156 104.99386 132.4127 0.95546
car 68.242905 162.75252 182.31134 225.54507 0.9924047
--
car 157.64296 179.99554 113.69397 132.03996 0.5473953
car 215.90446 253.88226 95.77101 129.59882 0.6313531
car 236.24841 250.45427 80.2042 91.060814 0.64069843
car 301.9077 332.55118 116.134155 145.67274 0.79062164
car 69.493004 166.43826 180.24033 224.48819 0.9965198
--
car 157.62834 180.00883 113.71645 132.03302 0.5413107
car 236.30862 250.54056 80.17013 91.02044 0.6493429
car 215.85304 253.85602 95.76106 129.64455 0.65724397
car 301.85275 332.49365 116.20091 145.64006 0.7955364
car 69.703804 166.16504 180.28053 224.43098 0.9965611
--
car 234.02493 249.4555 80.5948 92.31994 0.6866512
car 449.3767 479.47644 193.89296 268.83557 0.72704387
car 299.71655 331.97372 115.282295 145.73698 0.79171497
car 214.19736 253.42749 97.30625 129.96265 0.8401017
car 155.52115 191.91977 105.88103 132.34201 0.94855255
car 68.12081 164.14091 180.57303 224.9478 0.9878264
--
truck 213.74373 251.46338 96.67179 130.7031 0.7542597
car 233.8739 248.69388 80.84393 91.93121 0.38401446
car 294.5555 329.43228 115.37649 143.33633 0.6514167
car 447.7456 479.73517 187.07988 271.76926 0.85693765
car 152.95363 190.27539 105.78503 132.40088 0.92375696
car 68.188866 162.8672 181.41566 225.49141 0.98677415
--
car 233.82909 254.37071 105.78701 127.00414 0.44799384
car 447.1958 479.8836 182.94322 271.52496 0.7755202
car 217.27106 252.011 93.7193 124.32015 0.78833115
car 234.62233 250.33948 78.31652 88.949036 0.8840466
car 294.70767 329.35336 114.26301 138.49023 0.9099224
car 152.4454 191.10973 103.351685 130.20216 0.9266451
car 70.16657 164.67876 178.1935 224.10397 0.99549085
--
car 214.26001 241.44705 106.79229 128.55289 0.413569
car 236.08177 249.13084 79.947014 89.938736 0.4742815
car 230.37642 244.3071 78.03826 90.73186 0.5376005
car 149.685 186.82626 115.36495 131.52597 0.72342736
car 446.13858 480.23776 184.99286 270.60242 0.7333273
car 293.05585 329.7298 113.53636 139.76279 0.8213338
car 69.25677 165.14923 178.42337 223.5459 0.99549043
--
car 292.83362 326.67203 113.07072 140.6975 0.4859159
car 445.77066 479.75064 185.05461 270.95422 0.69849503
car 234.93596 249.6494 79.15367 90.16891 0.7552222
car 149.09932 186.6744 103.97281 131.21736 0.9146982
car 68.140526 164.50258 179.51932 225.06914 0.99697155
--
car 211.99828 233.35452 107.423996 127.92337 0.32737592
car 292.86948 326.65872 113.26059 140.60725 0.5211836
car 445.93698 479.71805 185.05508 270.83905 0.71211576
car 234.9614 249.63489 79.15169 90.14531 0.7573196
car 149.13084 186.65663 103.98219 131.22354 0.90525585
car 68.316795 164.36107 179.44 225.13892 0.9959719
--
car 294.4695 324.30618 107.49391 137.22641 0.3862195
car 441.53894 478.779 186.8629 267.65897 0.589294
car 213.55692 252.34422 94.309494 125.13267 0.78626037
car 148.93391 186.81972 103.45598 129.41736 0.89262384
car 233.9238 250.38397 76.680145 88.03602 0.9011724
car 69.10116 163.93338 177.21222 224.34662 0.9979558
--
car 255.70744 275.91452 146.1878 164.82321 0.3542407
car 293.7815 324.15494 106.46916 136.154 0.4158072
car 212.67725 252.17393 93.85897 125.550575 0.7645973
car 443.0234 476.69244 185.71332 264.67944 0.8312678
car 149.35664 187.10564 105.01816 128.5638 0.85021657
car 234.15764 249.91245 76.9665 88.46154 0.947746
car 70.41707 163.73091 177.18675 222.3672 0.99568975
--
car 440.8673 479.03342 183.94278 266.0156 0.5881483
car 233.96466 249.5359 76.78486 88.19017 0.8665579
car 212.4793 252.2546 94.21944 126.24454 0.8962711
--
car 440.21774 479.44168 181.17163 269.31326 0.37752062
car 143.11876 157.46921 115.949844 128.9755 0.59012824
car 232.23643 245.95541 75.36502 86.32935 0.6739531
car 160.7848 183.48248 100.030785 126.3834 0.791009
car 216.03822 250.98659 91.95073 123.820755 0.81081367
car 69.96831 165.72675 176.41512 223.70439 0.99567616
--
car 256.18457 271.97406 148.25827 164.3216 0.42710176
car 207.91783 245.57066 89.335144 121.38014 0.63572156
car 231.73068 245.31706 74.83978 86.45323 0.6423545
car 438.51532 478.8806 180.35225 265.16464 0.7041804
car 138.22685 180.39807 98.3822 128.23253 0.8481495
car 69.17976 163.62375 180.8355 219.55489 0.9481372
--
car 256.28787 272.04718 148.39604 164.3385 0.42214411
car 231.49333 245.47044 74.69756 86.65632 0.526486
car 208.73602 246.28673 91.68109 124.16 0.63416994
car 438.48257 479.0758 180.39867 265.15012 0.6617155
car 138.1708 180.69398 98.69473 128.39195 0.8505501
car 69.18822 163.30145 180.51683 220.12927 0.94784564
--
car 231.31229 246.15057 75.221825 86.27282 0.36717102
car 255.39142 272.16284 148.67438 164.91615 0.37511522
car 436.82578 479.80438 179.24655 265.50485 0.6010553
car 138.97069 177.83943 99.01528 128.95627 0.7100363
car 209.51627 245.63121 92.26971 124.573586 0.72109324
car 288.12488 318.6775 103.80278 132.19131 0.7716782
car 67.72482 160.80817 177.05634 222.59366 0.98919517
--
car 256.5663 274.7575 148.16348 164.39084 0.49165905
car 290.59262 323.01385 95.51154 132.2527 0.62453663
car 234.69182 249.41417 73.80238 85.97932 0.6263682
car 436.74475 479.50772 177.29869 266.20508 0.66358584
car 210.15074 245.94057 91.77385 123.64933 0.7926409
car 139.9158 178.33205 98.45417 127.686775 0.93087864
car 68.30664 163.0772 177.23119 221.7423 0.9940311
--
car 230.31519 245.23012 74.06026 86.226494 0.4044012
car 435.70837 479.32562 177.50165 265.89642 0.5860643
car 136.1871 173.46956 99.27973 128.76369 0.8618526
car 207.9319 243.7723 92.87433 123.06697 0.9772987
car 68.53682 162.91185 177.57782 221.31104 0.99368924
--
car 233.96756 251.35245 74.43481 85.97219 0.3058128
car 435.34088 479.1427 176.41731 265.20886 0.7460706
car 207.8316 247.01186 88.22722 121.77925 0.87779474
car 135.6102 173.49301 99.349236 127.87 0.9305585
car 69.408424 162.49515 177.45888 221.58907 0.9944765
--
car 434.34186 479.2825 177.67839 267.13205 0.46111694
car 208.267 245.92883 93.23341 122.76346 0.9183307
car 134.08594 173.05841 103.967026 129.62033 0.92563325
car 69.07649 162.63235 177.5134 221.19951 0.98906255
--
car 434.3554 478.96436 177.4772 267.30615 0.68521965
car 208.28542 245.96045 93.382286 122.71982 0.92590123
car 134.00038 173.08849 103.92528 129.64893 0.9275824
car 65.39146 164.44568 172.68384 220.36296 0.9907768
--
car 240.07716 248.65399 76.59166 84.234055 0.37646875
car 435.141 479.27576 177.11443 268.14154 0.5651956
car 64.02207 166.04214 172.90216 219.79144 0.98870033
--
car 433.68628 479.7556 179.8068 266.1361 0.8091923
car 207.38635 244.03159 94.37745 123.3337 0.8852138
car 132.11884 170.04475 104.2397 130.00546 0.9655666
car 68.79197 162.19472 177.09778 222.33328 0.99279886
--
car 283.6943 315.1503 103.276665 130.05104 0.39104363
car 227.97426 248.26184 97.64923 122.0575 0.4950332
car 209.6673 245.05017 94.75232 122.722694 0.65901893
car 234.70778 249.34093 74.88304 85.96176 0.74686694
car 433.76947 479.67938 178.44524 268.36908 0.8483568
car 131.3895 171.28647 98.36614 128.26932 0.96084315
car 69.3322 164.25682 177.19272 222.00046 0.99028534
--
car 209.20795 245.4978 95.29489 124.83709 0.77841836
car 234.58308 250.24992 76.8866 87.38622 0.8756111
car 434.053 479.20984 181.20912 267.37906 0.89854896
car 130.7569 169.93391 104.15845 132.34766 0.9814278
car 69.97261 164.48523 176.79451 223.18784 0.9958849
--
car 280.74942 314.15567 103.3437 131.56918 0.3054307
car 234.16129 249.57858 77.320854 87.73574 0.7612807
car 432.43396 479.56375 181.7845 268.35754 0.7799742
car 69.872986 166.01309 176.43977 224.77768 0.9986561
--
car 432.09348 479.59378 181.67128 268.3752 0.728491
car 234.21175 249.63249 77.3024 87.74433 0.7649168
car 69.94962 166.06181 176.55392 224.74223 0.99867195
--
car 229.17645 247.83133 102.262634 125.19359 0.43037754
car 236.63733 248.61975 78.55672 88.91155 0.72464293
car 432.45435 479.7831 180.85767 268.31003 0.8162274
--
car 227.86984 247.52295 102.69372 125.80944 0.6367274
car 432.31128 479.79053 182.70699 269.14044 0.92837137
car 71.10036 164.80281 181.08005 226.46976 0.98600876
--
car 234.2056 248.53343 79.25325 91.4278 0.67594594
car 205.06863 246.2895 96.40878 127.07262 0.88788104
car 433.11194 479.2868 181.57616 270.4721 0.92658067
car 121.64615 168.26051 106.667076 134.36256 0.9627397
car 68.71105 166.0373 179.53055 224.78018 0.99513197
--
car 234.11765 248.87166 80.18455 92.4273 0.5400843
car 203.0502 245.70609 97.16641 129.66316 0.7593311
car 432.75616 479.55087 182.12317 270.9703 0.85370934
car 121.30258 169.14699 107.63311 136.62375 0.95373654
car 68.71472 166.85449 182.12517 225.23668 0.99515045
--
car 234.56178 249.7157 82.63044 93.787766 0.32973635
car 205.75273 245.98932 100.8437 132.51779 0.5656251
car 432.86728 479.81573 182.66428 272.62076 0.90489805
car 98.611465 167.65442 189.13356 226.22466 0.93375283
--
car 205.46152 246.06148 100.756355 132.67331 0.56624365
car 98.86722 167.5163 188.82288 226.39218 0.89829695
car 433.05426 479.695 182.80937 273.07086 0.9096232
--
car 233.47575 249.3118 80.48664 92.739426 0.38929322
car 203.32832 244.94373 97.352936 130.1913 0.53600895
car 122.91524 161.73007 115.117226 138.00726 0.8708795
car 433.08575 479.88705 182.56096 272.4756 0.89056885
car 70.304756 165.64822 182.33807 227.0262 0.9942789
--
car 233.83113 248.88948 80.30018 92.232895 0.41418624
car 224.40704 244.56178 106.10036 128.70923 0.53734076
car 204.41853 234.23917 97.635284 122.90504 0.6650615
car 432.63797 480.00098 182.5475 272.55927 0.8631673
car 69.20663 165.25053 180.19524 226.94469 0.9930011
--
car 233.83772 249.16692 80.59713 92.58614 0.31641188
car 202.72525 244.80142 97.706215 130.7723 0.6836471
car 433.054 479.78177 182.16728 272.56335 0.84239566
car 69.39699 166.68452 181.03168 226.47139 0.98714733
--
car 203.56189 223.95432 106.47078 130.03577 0.34267128
car 233.61891 249.00916 80.74448 92.633026 0.3536525
car 117.89219 154.17764 112.7041 139.28386 0.91017073
car 433.05447 479.7981 181.85954 271.94516 0.91065115
car 69.228806 167.154 182.78767 225.97867 0.9876784
--
car 204.59714 235.60782 104.362564 130.25533 0.38453484
car 234.00719 249.38239 81.05725 92.05049 0.55637753
car 432.3396 480.5473 183.40744 272.35724 0.7848502
car 116.52826 153.07326 112.88259 139.16283 0.8482848
car 69.41541 166.04417 182.28535 225.91988 0.97178745
--
car 204.586 235.55946 104.45363 130.27356 0.4018499
car 234.10504 249.20511 80.97884 92.06953 0.5595828
car 432.18695 480.64343 183.67703 272.12375 0.81821346
car 116.75872 152.84772 113.16241 139.0321 0.8429221
car 68.70812 166.39113 182.11719 225.83707 0.9828951
--
car 234.0023 250.23938 80.65677 92.030365 0.58959705
car 432.09912 480.56174 183.07759 272.3554 0.7437474
car 124.19682 150.63196 119.38116 138.40872 0.85190976
car 68.739 167.02728 182.48698 225.55656 0.99543655
--
car 207.74452 229.48436 110.57666 129.37631 0.6671212
car 431.89532 480.75153 182.0037 271.7644 0.6954878
car 230.7759 245.21439 79.94575 91.290596 0.7948579
car 68.2446 167.40973 181.50356 225.47406 0.9941411
--
car 274.94818 305.11987 100.250595 128.25082 0.5374466
car 201.25616 235.91437 97.777336 128.76147 0.5790889
car 234.2912 248.73576 79.655945 90.34842 0.79032266
car 118.22709 146.10725 113.85704 138.20872 0.84933895
car 432.25406 480.04114 181.61447 270.5022 0.91551214
car 66.84308 166.90784 179.68842 225.19876 0.98800784
--
car 233.78395 249.91988 79.364235 89.68006 0.79305446
car 275.03442 304.16913 100.80659 127.09101 0.8498202
car 431.99374 480.23215 181.21573 269.11984 0.8919835
car 204.74814 241.71991 97.62039 127.577705 0.89673465
car 116.26092 146.41812 109.46389 136.3107 0.92529285
car 67.32307 167.6118 179.26668 224.75957 0.9916147
--
car 233.70929 249.35182 78.79733 89.21344 0.690285
car 432.05112 480.6355 180.17569 268.5886 0.72113764
car 274.52606 295.4644 101.26596 124.54724 0.76718324
car 200.89326 238.42319 97.02639 128.94272 0.8215526
car 68.11507 167.18501 179.14551 224.98058 0.99165606
--
car 233.81387 249.19736 78.74581 89.30259 0.71939707
car 432.33304 480.61987 179.43292 268.89227 0.7413918
car 274.46344 295.56915 101.27646 124.64442 0.7790872
car 200.69766 238.47623 97.04243 128.79715 0.8629344
car 67.956894 167.24004 179.35873 224.97318 0.9919602
--
car 200.08208 238.7106 96.04839 127.31162 0.77659166
car 273.6021 295.8542 99.75555 123.013435 0.792526
car 233.15964 249.7688 77.99235 88.437935 0.8326508
car 109.25348 142.13722 117.6701 138.31598 0.83337057
car 432.24426 480.40924 178.98836 268.40283 0.87664515
car 67.48774 165.332 178.03676 224.543 0.9952006
--
car 234.04338 249.716 76.684 87.35407 0.66675776
car 273.7336 295.66162 98.48565 121.54329 0.7412325
car 107.461494 142.70601 107.410065 137.55817 0.85897
car 199.57855 238.43694 94.89928 125.16859 0.8926426
car 432.83557 479.96664 177.87955 268.77115 0.9018911
car 67.19417 165.74771 177.58125 224.80693 0.98929894
--
car 234.07623 249.7381 76.38382 87.48791 0.7166784
car 199.71202 237.55815 95.4194 125.797134 0.75572467
car 273.10468 296.10803 97.45665 120.52736 0.7589787
car 105.85155 141.34927 114.522964 137.97244 0.8578918
car 432.85815 479.40665 177.62062 265.68225 0.9426535
car 68.927124 164.43578 176.65005 223.4515 0.9971149
--
car 271.72675 293.67618 97.05994 120.385544 0.73796403
car 234.2889 249.8549 76.61065 87.60212 0.7478184
car 199.5023 236.80676 95.28345 125.97816 0.7727775
car 123.17338 139.83714 108.50761 135.66008 0.8391392
car 432.93814 479.55942 176.89223 266.06857 0.92832106
car 67.60669 166.45398 179.06882 223.25545 0.9969405
--
car 227.60823 238.36897 103.990685 121.457054 0.30071792
car 311.72934 329.55112 67.48055 95.64349 0.34808052
car 432.8393 479.8014 176.85881 266.87668 0.8814649
car 271.00327 295.10956 96.686134 120.40607 0.9371865
--
car 227.40468 238.3435 104.13455 121.58372 0.33441168
car 311.9136 329.4848 67.71795 95.73026 0.35195026
car 432.6624 479.82693 176.83794 266.5829 0.8875998
car 270.9803 295.09317 96.69502 120.37319 0.9420016
--
car 234.7039 249.48578 75.42072 86.01951 0.7549399
car 199.22943 236.87724 94.6427 125.02891 0.80115473
car 271.91815 295.66635 96.95767 119.00028 0.81884587
car 102.836975 168.24466 178.05132 221.83434 0.8897538
car 432.86707 479.71536 177.23566 265.62512 0.9168506
--
car 234.01135 249.25177 75.24278 86.24185 0.5382837
car 101.265854 135.1514 108.44879 137.41313 0.6930889
car 271.92438 295.83737 96.758224 118.13058 0.91035014
car 432.5285 479.47342 170.99297 255.81696 0.9165935
car 70.21703 164.95737 176.75482 222.5097 0.9972338
--
car 234.83994 248.28818 76.43185 87.335594 0.5853951
car 98.28508 134.58342 114.595055 139.34892 0.74977934
car 196.15709 235.41504 95.628174 125.13874 0.913206
car 270.06458 293.21762 94.180756 116.71576 0.91751707
car 433.18073 479.24402 176.2013 266.65964 0.91779655
car 69.312294 164.51225 176.75601 223.23792 0.9971291
--
car 196.69534 231.8937 98.19125 126.12268 0.67156255
car 234.38629 248.78838 76.12348 86.90834 0.71877706
car 96.64279 133.82928 113.21894 139.89969 0.85540664
car 433.35345 479.38754 175.97382 266.50552 0.9146192
car 270.63766 292.5979 96.16603 117.857056 0.933405
car 68.11753 165.16254 176.53308 224.12114 0.997757
--
car 234.34401 248.85695 76.0948 86.40475 0.54818887
car 97.87043 132.25232 116.05423 139.5819 0.6786822
car 433.51016 479.35666 176.13351 266.4265 0.89617246
car 269.4701 293.42966 96.64462 117.234634 0.94146425
car 68.33685 165.58194 176.53435 224.14287 0.9978927
--
car 234.31604 248.92155 75.99857 86.39887 0.55389196
car 97.69093 132.49179 115.61841 139.53871 0.74267465
car 433.40817 479.35422 176.15787 266.19418 0.90247124
car 269.46643 293.4402 96.66801 117.23542 0.94151807
car 68.33283 165.35707 176.62418 223.97678 0.9980055
--
car 234.06844 249.21138 76.10053 86.92077 0.6833748
car 95.84717 129.8362 115.721115 140.20844 0.81089246
car 433.43085 479.29538 176.21675 265.9887 0.9044121
car 268.8856 293.19818 94.7087 115.69519 0.94575065
car 69.19585 165.44939 176.61014 224.09438 0.998128
--
car 197.58694 234.79509 93.54298 124.69483 0.5618416
car 234.29576 249.1561 76.20562 86.95572 0.692869
car 95.656136 128.64967 115.75235 140.47284 0.78059745
car 432.84805 479.49057 176.11906 265.9568 0.89532965
car 268.16718 292.6818 95.119606 115.66765 0.967898
car 68.75733 165.4839 176.69125 223.86392 0.9976425
--
car 88.91563 126.86959 115.12665 141.56976 0.65556407
car 234.54149 249.94185 76.81232 86.95558 0.8686413
car 433.05972 480.0839 176.14745 267.34933 0.872273
car 267.0237 291.96143 95.01053 115.854614 0.97820616
car 68.80029 163.85211 176.6811 223.76572 0.9982839
--
car 234.19562 249.8168 76.97802 87.26252 0.82680655
car 198.96599 235.26729 96.01822 124.294304 0.8629022
car 432.48013 480.06958 178.66278 267.2841 0.891464
car 89.02787 125.44121 113.16251 142.88593 0.89862436
car 266.50217 291.13513 94.964874 115.73357 0.9736947
car 69.27341 164.2964 177.15416 223.6753 0.9976439
--
car 195.35799 234.7543 95.72218 125.6189 0.83634424
car 234.05653 249.82489 77.07069 87.45167 0.8553605
car 432.1016 480.1463 178.53928 266.97293 0.88101566
car 266.37018 290.5877 97.19712 116.73634 0.975025
car 69.156876 165.97482 178.16696 223.84364 0.9946422
--
car 195.40182 234.7463 95.75867 125.66603 0.8537314
car 234.14786 249.96313 77.09689 87.4061 0.8541923
car 432.27792 480.15283 178.39465 267.12033 0.8911311
car 266.33923 290.5712 97.192726 116.75369 0.9748932
car 69.18527 166.21698 178.13449 223.84753 0.9953279
--
car 198.50789 234.03238 95.855415 123.672195 0.85450023
car 234.15694 250.0011 77.14145 87.26718 0.877381
car 432.21655 479.96213 178.67224 266.69937 0.9141712
car 266.15173 290.80396 95.2872 115.50323 0.98380387
car 68.55735 165.6617 177.47125 223.80772 0.99567026
--
car 198.4261 235.01155 94.57791 123.06604 0.8401501
car 234.25618 250.81046 77.14832 87.13228 0.8663349
car 432.5293 480.08566 178.2953 267.3314 0.9066801
car 266.2419 291.01288 95.24125 115.31186 0.97867745
car 69.161514 164.98912 176.83113 223.77979 0.9971428
--
car 86.169495 120.65745 114.000946 143.14235 0.6849128
car 432.23706 480.10968 179.66206 267.8765 0.90741295
car 192.51125 234.59938 96.547775 126.839806 0.9149895
car 233.98491 250.07524 78.746376 88.64625 0.9219166
car 264.97943 290.378 94.4164 115.92621 0.955489
car 68.194984 166.28027 177.80525 224.24797 0.9968065
--
car 78.61638 120.18845 113.472336 145.63022 0.77839077
car 192.08372 234.59764 96.55991 126.91005 0.8768816
car 233.81088 250.06345 78.64738 88.582825 0.91707224
car 263.5049 289.08902 94.05586 115.88875 0.9285246
car 432.4239 479.8744 179.75203 267.76657 0.93902546
car 67.06143 165.36143 177.77812 224.68506 0.9978399
--
truck 190.71246 228.33968 95.90325 125.996155 0.6189654
car 89.96786 117.93848 119.74266 141.93752 0.43750158
car 234.55452 249.27034 78.53455 88.572365 0.8648323
car 432.78192 479.7213 180.47298 268.6652 0.91180015
car 263.24347 288.8127 94.281715 115.88519 0.9758612
car 68.13754 165.267 178.23111 224.7837 0.99568
--
truck 190.71638 228.34639 95.79985 126.0024 0.60967016
car 90.15085 117.94521 119.49615 141.90892 0.4633158
car 234.55824 249.33858 78.51894 88.56079 0.87088215
car 432.70816 479.73032 180.33936 268.2853 0.91330695
car 263.19702 288.824 94.3265 115.88047 0.97256595
car 68.46796 165.07794 178.22734 224.83478 0.996124
--
car 191.7679 226.27087 95.939964 121.458244 0.63483346
car 81.09202 116.762665 115.62579 142.73753 0.78079337
car 234.33295 249.30045 78.431656 88.68402 0.8487244
car 432.6047 479.84076 179.33072 268.68192 0.8624046
car 263.3269 288.47128 94.44626 115.60547 0.97401094
car 68.29879 164.81932 177.88751 224.45255 0.99698913
--
car 79.51741 116.27377 114.92016 143.57036 0.54390633
car 196.00992 233.65988 97.5764 126.62868 0.6103967
car 432.68024 479.73993 179.34932 267.88226 0.90277976
car 234.44727 249.15727 79.03731 89.05672 0.9121694
car 263.0003 287.98236 94.28733 115.87218 0.99264765
car 68.23708 165.03194 177.89764 224.43234 0.99418235
--
truck 190.66805 225.9551 96.16628 128.4163 0.65380436
car 82.95304 164.37547 183.92227 223.07669 0.73666286
car 234.30508 249.50491 79.11427 89.27273 0.89389867
car 432.8205 479.53476 181.12662 268.094 0.919207
car 262.94907 287.29785 94.4762 115.403244 0.98805475
--
car 212.80206 233.46545 101.98309 124.58156 0.43867275
car 195.03741 224.16367 95.93378 123.397705 0.57372725
car 432.39114 479.64215 180.92181 268.99023 0.89719325
car 234.62733 249.39517 78.84339 89.275986 0.9058604
car 263.10422 286.9915 94.67899 114.8886 0.9911465
car 68.28857 165.99792 184.14355 224.57248 0.99391377
--
car 77.26539 113.010635 115.38553 143.53922 0.6381966
car 234.76064 249.26115 79.00996 89.46069 0.8788243
car 432.47552 479.726 181.33594 268.52744 0.9243531
car 188.71242 226.23605 96.45321 128.11494 0.9637702
car 262.1658 286.32205 95.087036 114.67551 0.97379804
car 68.42429 165.0664 179.40506 225.05952 0.99588704
--
car 77.09497 113.10086 115.00789 143.75995 0.69142765
car 234.75403 249.167 78.99045 89.449356 0.8766059
car 432.46796 479.70224 181.33176 268.52844 0.92495126
car 188.85121 226.32278 96.6152 128.3757 0.9667684
car 262.1741 286.33514 94.99159 114.697586 0.9742371
car 68.700455 164.7835 179.24529 225.16077 0.99622846
--
car 77.80936 112.36932 118.19046 142.85738 0.5411181
car 232.6283 245.57098 78.79584 89.21039 0.6542261
car 189.93114 227.78874 96.173096 128.7613 0.7102378
car 432.50983 479.60202 181.37642 268.4302 0.92684805
car 261.35333 284.84708 95.47101 114.545166 0.96067256
car 68.48435 164.59692 179.39212 225.01111 0.9930421
--
car 77.547554 110.715294 117.48585 143.0072 0.48850808
car 235.15076 248.55482 79.80145 89.36669 0.82760656
car 188.36815 227.24936 96.9727 128.08401 0.8797168
car 432.5036 479.61862 181.43298 268.46484 0.92834836
car 261.46375 284.4401 95.63968 113.720665 0.9692949
car 68.2386 166.00189 178.47427 225.04729 0.99396735
--
truck 188.64528 227.91963 96.41617 128.49757 0.63790363
car 77.28764 109.539825 118.49484 142.82819 0.34243596
car 230.49855 246.03162 77.6801 90.26003 0.64721555
car 432.69174 479.81863 181.76082 268.2233 0.93272364
car 260.6265 283.77988 94.71575 113.005394 0.9550844
car 68.938644 165.31828 179.27467 224.9858 0.9905522
--
car 187.84512 227.66418 96.646225 128.55475 0.64226186
car 229.05524 246.1562 78.08876 90.48652 0.66299176
car 432.6803 479.7854 181.7033 268.49146 0.9305004
car 259.9947 283.07874 94.55465 112.74642 0.9664896
car 68.75507 165.39415 179.16454 225.01717 0.99114794
--
car 186.58421 224.7688 97.432495 128.20993 0.7871397
car 234.19377 249.17116 79.283966 89.89866 0.88416064
car 432.61438 479.73016 181.9296 268.3155 0.93164384
car 259.7083 282.67715 93.827576 112.27626 0.976544
car 68.49116 165.9257 179.59819 224.79353 0.9884797
--
car 208.7185 229.38971 102.34549 124.662994 0.38801095
car 234.13332 248.97595 79.63116 89.90663 0.89541364
car 432.48846 479.7811 181.63464 268.67322 0.91628295
car 259.14838 281.67233 93.23325 112.08719 0.9824172
car 68.08781 165.61552 179.44193 224.54333 0.99355716
--
car 208.90697 229.28354 102.4859 124.578415 0.3533712
car 234.1734 248.90285 79.6767 89.869385 0.8850648
car 432.50555 479.7503 181.6452 268.645 0.9217351
car 259.11282 281.68332 93.35791 112.05381 0.9827777
car 68.19688 165.62134 179.57599 224.4531 0.99448246
--
car 188.39043 228.01404 97.91313 124.36775 0.6455625
car 233.92537 249.12927 79.63322 89.968285 0.85532844
car 432.46716 479.80902 181.58266 268.91165 0.9155736
car 258.52475 280.99088 93.477455 111.93577 0.985551
car 69.16656 165.46191 180.53723 224.23763 0.99306566
--
car 184.65784 228.31387 98.12706 126.97454 0.710074
car 234.31317 248.54196 78.91522 89.27871 0.85824984
car 432.50238 479.82343 180.40373 268.75955 0.9278836
car 257.57654 279.80945 92.44367 112.051094 0.98460174
car 68.43744 165.50343 180.89653 224.38681 0.9909682
