--
car 265.74097 349.78973 61.76467 100.01125 0.32265157
car 696.93176 736.22314 97.29553 115.48397 0.6165955
car 445.47974 492.15265 92.73723 128.49019 0.7837246
--
car 443.64264 487.96832 96.980576 124.311745 0.61480606
car 695.8046 735.33124 97.16664 115.67225 0.66973823
--
car 441.22818 485.13553 92.719 119.937 0.55021083
car 696.00323 733.5184 97.2637 115.71481 0.6571407
--
car 694.6285 732.18665 97.28036 116.23003 0.6432131
car 434.99228 479.73212 91.439606 117.89222 0.81034076
--
car 694.7036 732.2471 97.27146 116.24518 0.6493316
car 434.8006 479.9302 91.548096 117.76418 0.80379885
--
car 693.7842 730.56085 97.553345 116.30464 0.592391
car 432.9698 478.08475 90.62921 117.09921 0.78758776
--
car 692.9038 731.11005 97.56224 116.54304 0.63650787
car 432.0535 473.69724 89.37838 114.14982 0.82582694
--
car 692.6779 730.633 97.20401 116.884575 0.67637444
car 430.12076 468.75986 86.11939 111.39958 0.88523513
--
car 691.9127 728.41034 101.628944 118.32692 0.5755648
car 427.67007 466.0637 85.80309 109.557884 0.7295897
--
car 695.08514 727.36334 98.11872 115.220566 0.40964094
car 421.22113 461.08698 81.75035 109.08405 0.8067765
--
car 695.01263 727.3964 98.103386 115.217995 0.4119271
car 421.13162 461.19574 81.78132 109.11676 0.81004244
--
car 681.19403 724.32697 101.72746 120.403534 0.3011819
car 418.96695 458.61847 81.00963 108.34258 0.8792018
--
car 678.5135 725.40564 101.28294 120.92352 0.5811248
car 417.47272 455.22232 80.38325 107.24757 0.7964395
--
car 678.23816 724.1602 100.05461 121.45091 0.6464228
car 410.95154 450.35135 76.50375 103.21742 0.7956134
--
car 678.2108 722.05444 101.418274 121.411575 0.46431357
car 411.13504 449.10608 75.35747 102.04468 0.8048703
--
car 677.9499 720.46497 102.665955 121.4198 0.5068425
car 405.51935 444.27106 73.379486 99.9337 0.84833056
--
car 677.7894 721.16547 102.31335 121.398056 0.43595323
car 405.54944 444.18835 73.37847 99.87918 0.8430936
--
car 676.0729 719.1243 102.85103 121.39026 0.54209226
car 403.64307 444.0611 72.87673 98.61227 0.9295227
--
car 674.0681 718.4433 103.25487 121.543304 0.6985382
car 403.11722 438.51416 71.49449 95.5626 0.8769044
--
car 671.48267 717.97095 102.54932 121.2785 0.6190245
car 401.37045 434.8023 70.608116 92.475945 0.8666893
--
car 670.96515 715.54034 102.28796 121.13663 0.4211448
car 398.53894 434.00232 69.464355 90.80069 0.83001643
--
car 390.71906 426.63455 67.517136 90.603035 0.63887244
--
car 390.7505 426.56253 67.47508 90.64412 0.6309467
--
car 388.3268 425.97415 66.2199 89.76663 0.4981408
--
car 767.6454 794.30493 92.63527 109.36587 0.32051936
car 654.9703 707.5669 103.15506 124.95997 0.54602987
--
car 378.45642 420.0465 58.05074 84.65836 0.4470263
car 765.8633 797.2699 91.950356 109.822876 0.51686525
car 652.6969 707.32574 102.641396 124.65601 0.7703396
--
car 375.37457 420.17123 47.428486 83.67605 0.4735419
car 764.64355 798.28265 90.8901 110.06216 0.55253583
car 649.9031 706.0609 101.59098 124.95111 0.6950253
--
car 374.73163 420.7053 45.351685 81.90047 0.32675523
car 763.7209 800.2327 90.38027 110.39609 0.63476336
car 648.4605 704.5921 102.26512 124.71572 0.72945744
--
car 374.73172 420.6963 45.403584 81.81001 0.33413434
car 763.7874 800.1378 90.47071 110.43836 0.6507941
car 648.61365 704.457 102.24152 124.693634 0.72293746
--
car 763.6396 800.27893 90.5961 110.51393 0.58492774
car 650.6485 701.07715 102.57299 124.01781 0.6198608
--
car 371.32733 409.52365 52.661606 78.27193 0.44040844
car 645.5444 694.5647 104.304 126.053566 0.49776682
car 763.8934 799.1878 91.092804 110.590744 0.6262815
--
car 644.5097 694.78076 103.89882 126.79892 0.41064575
car 763.06085 799.5229 91.08101 110.568924 0.53421134
car 371.64926 406.5483 52.71811 76.24114 0.6460628
--
car 843.9451 854.01385 72.97465 95.55242 0.33090222
car 371.3509 405.16104 51.541374 75.039536 0.52199024
car 762.52 799.247 91.217674 110.90147 0.658675
car 641.9255 695.8717 104.92604 127.98005 0.7428634
--
car 843.63513 853.6255 73.742424 94.975136 0.32560337
car 368.38467 403.31873 50.38885 74.07633 0.37263367
car 762.945 798.82227 91.45911 110.694466 0.6378956
car 640.92444 692.1197 104.932045 127.29255 0.6414227
--
car 843.58905 853.5684 73.78256 94.93844 0.32161456
car 368.33078 403.40012 50.329407 74.08471 0.37701955
car 762.7756 799.0044 91.43387 110.6723 0.6202065
car 640.89087 692.173 104.76285 127.179596 0.63455844
--
car 842.7397 853.3559 74.461716 94.93495 0.30041656
car 762.0184 799.6059 91.16926 110.48591 0.614671
car 637.5774 689.9587 104.83121 127.13569 0.7153802
--
car 636.77203 687.6896 103.188194 127.52027 0.54379565
car 762.57654 798.618 91.53486 110.58291 0.5847434
--
car 841.52997 852.9668 75.20312 93.95815 0.34444866
car 762.85614 797.9908 92.18556 110.5863 0.5434258
car 633.5686 684.4194 100.82926 129.22989 0.64632493
--
car 840.22205 852.7943 76.00389 93.67959 0.43188903
car 762.773 795.851 92.37499 110.330345 0.5681951
car 631.51495 685.3784 102.410736 129.6048 0.6111733
--
car 355.40506 385.0381 45.06252 64.33969 0.3815185
car 839.20276 852.67645 76.47857 93.60083 0.48753402
car 762.5966 795.15436 92.105835 109.762054 0.59283376
car 626.07117 680.5935 106.78129 130.07733 0.77110595
--
car 355.3913 385.04288 45.0053 64.31996 0.38559654
car 839.2909 852.59576 76.49181 93.49934 0.48033068
car 762.55664 795.11676 92.17502 109.764175 0.5905153
car 626.1414 680.5516 106.79777 130.09895 0.75757647
--
car 838.9074 852.6311 75.94397 94.12231 0.4471511
car 763.0391 794.662 91.94623 109.78941 0.5556627
car 354.4048 381.79895 44.152554 62.62306 0.5641262
car 625.86743 677.9696 106.43802 131.38242 0.8203666
--
car 838.2914 852.69 76.64447 94.48178 0.41795295
car 351.26773 381.4774 42.43086 60.493183 0.4254808
car 761.7504 795.2734 91.141426 109.80741 0.58271974
car 622.24817 676.09265 106.44966 131.30013 0.7700052
--
car 346.97366 371.33667 41.10071 59.28086 0.35850087
car 837.65454 852.8498 76.08072 95.03943 0.42817253
car 761.6287 795.7824 90.76209 109.72136 0.6015457
car 620.4924 673.741 106.35003 131.1339 0.7551003
--
car 836.99304 853.40656 75.86439 96.387405 0.5734487
car 344.5957 372.1395 39.66496 58.1569 0.5964103
car 761.0911 796.02844 90.85213 109.87597 0.6406113
car 618.13196 669.58325 106.852554 131.40408 0.74026996
--
car 341.73956 371.67523 38.2491 56.87368 0.55669874
car 836.1494 853.3214 76.245155 96.57976 0.65264016
car 761.61505 796.87555 91.48238 109.63985 0.67393667
car 617.62445 669.55865 108.39711 130.71284 0.72402567
--
car 341.55585 371.83588 38.200363 56.948868 0.5618127
car 836.217 853.2414 76.3765 96.459656 0.6456519
car 761.46924 796.91327 91.425804 109.60559 0.676865
car 616.62683 667.72485 107.65516 131.05217 0.72252476
--
car 340.31757 370.09546 34.620518 55.28178 0.5473347
car 761.69 796.5925 91.524284 109.71305 0.573996
car 835.16376 853.5505 75.224815 97.14534 0.60837317
car 611.5369 662.7272 108.788765 132.0278 0.7439004
--
car 761.11 796.214 91.13279 109.54603 0.57093316
car 339.88086 367.40546 34.430794 55.2208 0.58200526
car 834.41614 853.7421 74.99395 97.710014 0.61920637
car 608.2313 662.9663 108.26592 133.15112 0.8330957
--
car 334.18283 364.39114 29.960192 52.06821 0.601553
car 761.10046 795.77844 90.5498 109.77278 0.60634744
car 834.1443 853.96625 75.116875 98.12797 0.66621906
car 607.9205 657.8175 108.56751 133.79913 0.89792585
--
car 173.16585 195.23425 6.5975485 25.955475 0.4294272
car 759.55914 795.54785 90.1515 110.168015 0.6270245
car 332.1437 364.55994 29.735273 51.494484 0.70315164
car 833.1162 854.1704 74.723946 98.836494 0.71651864
car 606.4711 654.4516 108.37867 133.6706 0.93503505
--
car 332.0782 363.07523 30.202982 50.90023 0.59772575
car 758.8498 795.3538 90.34599 110.32463 0.61722046
car 832.7814 854.039 75.509735 99.66768 0.72153443
car 174.20403 197.02692 7.272115 27.394049 0.7600581
car 605.10504 650.0637 108.55597 133.62888 0.9383037
--
car 332.04437 363.00983 30.252964 50.841393 0.6050068
car 758.59576 795.4271 90.32057 110.34752 0.62659776
car 832.6478 853.9624 75.58428 99.69394 0.7211515
car 174.24283 197.0461 7.2962003 27.378458 0.75552374
car 605.07404 650.09033 108.501434 133.5993 0.9403209
--
car 326.90445 355.71182 28.730791 48.12305 0.3939765
car 757.6688 796.00055 90.13491 110.473206 0.6627691
car 831.9707 853.87836 75.26178 100.34389 0.80461985
car 175.4859 197.5943 7.8569803 28.723652 0.88323104
car 603.2606 649.1512 108.89083 133.29747 0.92351055
--
car 324.92114 354.02954 28.29651 46.75456 0.47429362
car 757.4419 796.31134 90.05396 110.550735 0.5954492
car 831.5545 853.69763 75.463806 100.408134 0.797379
car 176.30132 199.16254 9.619365 29.362213 0.8413261
car 600.8411 649.6243 109.28374 133.56839 0.87006086
--
car 323.52725 350.05176 27.573212 45.565826 0.40262923
car 756.7609 796.3942 90.10767 110.48554 0.59608537
car 831.4684 853.34186 76.19534 100.30993 0.74767584
car 178.04735 200.18964 10.758293 29.980614 0.8413719
car 598.53845 645.711 111.97159 134.07486 0.9104638
--
car 322.29196 348.8626 25.820335 44.57894 0.48901615
car 757.5217 795.8661 90.4159 110.38244 0.5370686
car 831.1005 853.7177 75.97323 100.58383 0.7285977
car 179.23044 201.70236 11.329766 31.010986 0.81617707
car 595.34875 642.96533 112.423805 134.86874 0.83341384
--
car 320.4251 347.7388 23.774288 43.029354 0.49175614
car 758.23145 795.33997 90.506 110.14173 0.5539193
car 830.0342 853.3753 75.66453 100.80337 0.7214732
car 180.48952 204.4465 12.434762 32.88331 0.7371561
car 586.99506 643.54126 112.19462 134.86371 0.8487476
--
car 320.39172 347.67636 23.79214 43.017 0.49832547
car 757.8764 795.68915 90.38684 110.15831 0.5590955
car 829.9501 853.3289 75.750084 100.79661 0.7230966
car 180.49257 204.434 12.42911 32.876324 0.7412643
car 586.77893 643.73694 112.035995 134.92604 0.83953744
--
car 319.27097 345.4047 23.515915 42.437405 0.4230648
car 182.74951 204.32837 14.121473 33.233215 0.44693688
car 758.01154 795.2959 90.72671 110.28185 0.5512334
car 829.6796 853.2068 75.15976 101.1231 0.6925084
car 589.08496 636.05835 112.40342 134.70761 0.8774512
--
car 183.83318 205.04161 14.442793 32.98613 0.3099119
car 317.95673 343.66766 22.595537 41.173897 0.4496208
car 758.23914 794.8935 90.79562 110.27504 0.4690785
car 828.88336 853.6463 73.95329 101.68589 0.71552205
car 586.61365 634.4884 111.95933 135.21515 0.8346528
--
car 191.58759 210.28624 21.188421 38.423904 0.42685887
car 758.9556 794.62695 90.64653 110.295494 0.43209806
car 582.9165 637.06793 111.63607 135.2781 0.48814708
car 311.57108 339.13058 21.338045 39.768417 0.4922035
car 785.17474 851.592 326.1166 374.23004 0.4982531
car 828.2746 853.9917 73.97549 102.07941 0.77970725
--
car 310.37262 337.5559 20.539673 38.81478 0.30056566
car 759.6333 794.22595 90.86288 110.30875 0.41935235
car 192.89801 211.89536 21.93665 40.17522 0.5381357
car 776.1549 851.6758 322.1956 371.57678 0.62356234
car 577.6913 627.8205 113.3151 139.39084 0.7598611
car 827.94995 854.0847 74.048256 102.10225 0.77340937
--
car 760.00055 794.1255 90.94357 110.3221 0.38262704
car 776.11426 841.8922 319.12625 368.39764 0.47410613
car 193.56438 213.69188 23.394022 41.363617 0.47733194
car 828.14233 853.91833 73.79717 101.96994 0.6981378
car 574.18994 630.3138 114.92725 139.47366 0.72459686
--
car 759.633 794.1954 90.87554 110.36144 0.3681714
car 776.25775 841.6329 319.0665 368.3916 0.4613784
car 193.5097 213.64955 23.398983 41.403923 0.4686616
car 828.05634 853.99915 73.62532 102.15348 0.7012258
car 574.25256 629.85614 115.06351 139.41647 0.707885
--
car 758.2778 794.76587 90.68863 110.3273 0.44633034
car 305.42673 333.06305 14.902827 34.476063 0.45209423
car 759.53516 834.09283 312.24988 358.9995 0.53802574
car 194.75244 215.5069 24.109838 41.960106 0.6479936
car 826.84595 854.1902 73.46468 102.0268 0.73715657
car 571.9385 627.8032 116.168526 139.09026 0.78166336
--
car 758.5811 794.60626 90.89019 110.43717 0.42141035
car 196.70511 217.82924 26.220055 42.771442 0.5784162
car 759.95807 823.3399 307.22162 353.09802 0.6130224
car 301.56458 331.22183 14.150188 34.978817 0.6219743
car 826.2355 854.246 73.91373 102.229774 0.7174532
car 568.5651 624.7024 117.060165 138.07663 0.74404573
--
truck 744.95905 809.94244 298.51566 349.74677 0.3736891
car 197.10463 219.69981 26.692617 43.825775 0.47042838
car 758.36145 794.7502 91.080956 110.28741 0.52760655
car 300.6201 329.8126 14.507635 34.561245 0.584831
car 744.95905 809.94244 298.51566 349.74677 0.5959594
car 565.0793 620.2701 114.678085 139.02605 0.8105024
car 824.843 855.0298 73.44489 102.594635 0.81749177
--
car 752.2657 779.66956 94.02804 110.17016 0.34175745
car 198.11427 222.0853 28.40617 45.07426 0.46131927
car 758.91595 794.0558 91.28448 110.2449 0.5132959
car 295.4836 323.67233 10.168788 29.75629 0.5380406
car 733.1528 802.2335 292.32318 342.51834 0.703245
car 564.2492 614.21783 115.588875 140.07306 0.7231539
car 824.29004 855.4895 73.32568 102.916374 0.81368333
--
car 199.07126 222.97476 29.751106 46.743343 0.3753935
car 752.24976 779.7605 94.109245 110.187996 0.38396403
car 759.10284 793.7612 91.47776 110.25483 0.5263138
car 293.57364 324.12204 8.969958 29.215315 0.72750646
car 823.9864 855.65485 73.0391 103.13497 0.7952246
car 560.7185 612.27075 115.19096 140.16629 0.83299106
car 729.2933 790.274 291.95172 337.34723 0.8463948
--
car 199.0777 222.9754 29.735363 46.698563 0.36709428
car 752.22345 779.2932 94.181526 110.26855 0.36792868
car 759.3783 793.6881 91.58247 110.35229 0.5077621
car 293.6046 324.02902 9.030827 29.259224 0.723566
car 823.81085 855.6799 72.96785 103.07717 0.785104
car 560.77826 612.3244 115.18501 140.14948 0.83571535
car 729.23254 790.28534 291.9327 337.48837 0.8414758
--
car 199.0669 222.99342 29.765575 46.841225 0.35465372
car 752.0084 778.89514 94.29581 110.3477 0.38977075
car 759.6388 793.60065 91.56681 110.36872 0.50311506
car 293.6362 323.95538 9.093165 29.242891 0.71296495
car 823.83923 855.585 73.16266 102.85561 0.7620924
car 560.7036 612.26984 115.225105 140.09793 0.82501477
car 729.4257 790.2921 292.03085 337.3661 0.82510674
--
car 751.21594 776.0565 94.541824 110.57608 0.43065408
car 761.3506 793.01337 91.91798 110.57358 0.45659044
car 725.003 779.98956 286.22595 330.05984 0.69067544
car 292.64325 322.79492 7.5519032 28.30775 0.7788062
car 823.82806 855.7471 73.12535 102.793526 0.78222394
car 554.9064 607.86993 114.947105 140.41774 0.8526053
--
car 751.1956 776.9429 94.44344 110.572525 0.46684977
car 760.23474 793.24896 91.74363 110.61508 0.5239746
car 292.53873 319.61676 7.5245924 27.5398 0.7562857
car 823.51465 855.90344 73.09356 102.612465 0.77104855
car 714.8681 771.74713 282.41763 322.33722 0.8277279
car 552.30145 603.6355 114.27113 141.1141 0.9239827
--
car 751.2065 776.8274 94.24071 110.4563 0.5022966
car 760.2801 793.1856 91.56391 110.47761 0.53029025
car 696.70764 762.4074 272.74747 317.9702 0.7305463
car 824.37195 855.13403 73.920525 102.42652 0.73824316
car 291.05017 316.0291 7.3159094 26.542835 0.8192371
car 550.21765 601.7009 115.06732 141.07333 0.8737066
--
car 831.8275 853.9801 316.55692 349.52545 0.41188705
car 209.71298 236.32584 35.114754 56.220135 0.4206258
car 751.053 776.8283 94.27254 110.456215 0.52134615
car 759.764 793.35376 91.44735 110.689705 0.5495069
car 825.3147 854.64655 74.15976 102.03374 0.69886696
car 695.5023 755.2411 268.29135 317.28464 0.7630877
car 548.4934 597.9679 115.781105 143.39664 0.8545345
car 289.89825 314.64655 6.618381 24.70552 0.8847743
--
car 212.40839 237.67531 39.022614 57.65687 0.437428
car 759.9987 793.1673 91.38116 110.75538 0.51932395
car 751.1216 776.3761 94.25653 110.4441 0.5287288
car 817.8639 852.3064 75.69371 99.43263 0.6044581
car 546.5186 596.0485 116.535034 142.80472 0.84180987
car 287.0326 313.02756 4.7679234 22.972174 0.8495026
car 683.1207 747.7544 263.90784 308.72888 0.87899554
--
car 212.44858 237.58012 39.08674 57.685627 0.42329744
car 759.6924 793.22015 91.44657 110.61306 0.50633466
car 751.2101 776.9654 94.166985 110.34438 0.51744854
car 817.94147 852.24817 75.746864 99.45221 0.5930478
car 546.52313 596.03894 116.51176 142.84229 0.8435941
car 287.04398 313.03284 4.7266808 22.885752 0.8474235
car 682.95654 747.73083 263.80783 308.7351 0.8792795
--
car 815.25006 855.4618 309.78494 351.5512 0.46376875
car 751.3327 777.14386 94.13189 110.36035 0.47538
car 759.09827 793.4406 91.48527 110.81969 0.48047572
car 212.46864 240.15866 40.774734 59.390873 0.6054334
car 817.3922 853.049 75.628426 99.89867 0.65514404
car 682.3257 739.42633 259.42773 304.56143 0.75997096
car 539.363 592.6151 116.53668 142.74608 0.7891895
car 285.97256 311.50995 5.4995613 22.008856 0.87250805
--
car 213.99785 239.9491 42.4638 60.212902 0.44403562
car 751.2125 777.45215 94.138084 110.42741 0.47530615
car 759.14246 793.3904 91.483826 110.83846 0.47544608
car 812.4539 854.2436 307.7559 350.58813 0.48448694
car 815.8794 854.1501 75.79326 100.406586 0.65824896
car 284.6885 310.30045 4.734629 20.739563 0.6783735
car 664.633 730.67224 256.43063 293.0167 0.80129266
car 536.96075 588.8604 116.96417 143.34373 0.83836
--
car 759.12054 793.12354 91.87549 110.91412 0.44766024
car 751.23016 777.8037 94.22928 110.50765 0.45841464
car 219.75941 246.26468 46.66244 64.207825 0.62051874
car 816.2184 853.9238 75.23186 100.861885 0.6420167
car 279.14404 307.88922 2.967969 20.374546 0.68428236
car 805.49286 853.37976 307.6513 346.8313 0.7314519
car 654.41077 718.67224 250.20738 289.42538 0.8224415
car 534.5495 585.83923 116.76237 143.2156 0.8754465
--
car 759.3225 792.9405 92.1618 111.00797 0.42560065
car 751.0091 777.7792 94.41802 110.68665 0.4398046
car 278.38516 305.32825 3.8141818 19.2522 0.47730124
car 826.33026 853.82874 74.9514 101.854324 0.54947007
car 800.09937 851.4976 306.34705 343.69083 0.6862815
car 532.3915 581.8426 117.20528 144.74261 0.7428976
car 220.2291 249.18515 47.083454 66.169716 0.75886244
car 649.4562 712.2684 246.88419 287.03012 0.9409521
--
car 751.09344 778.27356 94.40219 110.577354 0.41948622
car 758.96704 793.01166 91.921165 111.02786 0.44065687
car 816.1071 852.9003 75.021355 101.10744 0.49543965
car 275.5463 304.91956 1.1197999 16.883411 0.5590465
car 221.53563 250.85764 47.962337 66.69038 0.6772816
car 794.7624 850.49927 301.00565 338.6155 0.68620294
car 529.17834 580.1972 117.57272 144.92747 0.86716366
car 646.02356 705.2352 243.24352 284.45792 0.947938
--
car 751.2554 778.0755 94.37767 110.7975 0.41151872
car 759.2329 792.84235 91.990715 111.14649 0.42392308
car 816.13666 852.9306 74.95835 101.13722 0.49640167
car 275.57184 304.8688 1.1254156 16.863832 0.5616356
car 221.47849 250.83638 47.955273 66.68996 0.6778159
car 794.7885 850.5323 300.91837 338.955 0.7618307
car 529.15625 580.2672 117.49803 144.9393 0.8753256
car 646.04193 705.2764 243.25957 284.43088 0.9503582
--
car 759.1043 792.7327 92.38164 111.05341 0.41744047
car 751.40106 778.3272 94.50551 110.6456 0.4201193
car 814.9382 852.9245 75.25454 100.898155 0.5200775
car 274.73047 301.64813 1.8329005 15.870779 0.69684684
car 222.47958 251.75313 48.393196 67.211815 0.717408
car 787.3525 847.33905 298.19202 335.30377 0.80081695
car 522.87506 576.37213 116.95484 145.01802 0.8136978
car 635.3033 697.56805 237.96518 280.20853 0.8821404
--
car 759.24347 792.6858 92.48458 111.13403 0.40112162
car 751.4035 778.23114 94.54177 110.697945 0.41268453
car 813.6038 853.1678 75.30368 100.726944 0.5118907
car 226.58908 256.30908 51.11067 70.33948 0.7407311
car 780.9977 841.8918 295.54654 332.9931 0.7510265
car 272.44388 299.44336 1.8537707 15.409388 0.8328313
car 631.2678 687.84875 234.43352 274.0002 0.84134144
car 519.4976 573.0722 116.9904 145.55786 0.8786607
--
car 758.99243 792.69324 92.4131 111.09408 0.40165764
car 751.4188 778.6984 94.373085 110.714806 0.41391897
car 812.24896 854.0355 74.90407 100.762436 0.5332366
car 227.8647 258.3137 51.26677 72.76093 0.74934024
car 270.67422 299.60052 1.2046347 15.152965 0.7979934
car 774.14825 832.57275 293.16095 327.76553 0.81210005
car 623.2075 682.238 229.40353 270.87604 0.8519919
car 517.63025 569.6624 117.38408 146.25046 0.92368543
--
car 751.4811 779.59955 94.31714 110.73403 0.40843838
car 811.48566 854.5254 74.75138 100.873055 0.47114405
car 228.8363 258.89322 53.584515 74.68295 0.5440777
car 269.32413 297.1573 0.63189894 14.309558 0.8437662
car 772.9397 829.97345 290.93417 325.52783 0.85753036
car 513.8336 566.57135 117.79343 147.11879 0.8845318
car 616.22485 675.5263 226.44409 265.9072 0.92812896
--
car 751.52576 779.5686 94.471344 110.74777 0.3944637
car 237.30125 262.979 57.267807 76.756195 0.42426074
car 810.56586 855.0181 74.82481 100.57921 0.49922514
car 267.56412 294.7593 -0.0068999827 13.388604 0.692734
car 608.6355 668.4893 220.28194 263.4207 0.8545477
car 510.76233 564.03235 118.45774 147.56102 0.8784904
car 766.3272 823.0216 282.91968 323.37387 0.929608
--
car 751.48706 779.63434 94.42402 110.68503 0.4064451
car 237.3659 262.94202 57.23952 76.72293 0.42882806
car 810.2399 855.4491 74.66277 100.56514 0.54423374
car 267.51108 294.8618 -0.06966278 13.3384 0.7112891
car 608.72186 668.454 220.24034 263.35626 0.860674
car 510.68518 564.05566 118.37899 147.55481 0.88880867
car 766.1422 823.06177 282.9796 323.2646 0.93236893
--
car 751.4099 779.70337 94.39691 110.693985 0.39348006
car 237.92929 267.08316 57.992706 78.6228 0.4981944
car 809.7362 855.84204 74.80287 101.03906 0.60029584
car 265.82324 288.50894 -0.1029785 11.674991 0.73350936
car 762.9002 816.7817 282.41245 322.0072 0.76891416
car 604.3098 662.138 217.45648 256.94028 0.7985422
car 506.6954 559.7382 118.6226 148.17705 0.8349719
--
truck 755.9113 812.1015 277.0928 316.4148 0.309514
car 751.3975 779.68427 94.40638 110.69148 0.39371067
car 239.64813 270.79663 59.17817 80.639435 0.538182
car 809.5249 855.0666 75.45663 100.479866 0.5468047
car 598.4407 654.87317 215.1457 254.68695 0.66573966
car 264.08704 287.5911 -0.22016242 10.959528 0.68323064
car 755.9113 812.1015 277.0928 316.4148 0.7821211
car 503.55624 557.02704 118.57766 148.13855 0.9276608
--
car 759.13885 792.57446 92.617455 111.20761 0.3637465
car 751.4134 779.0857 94.5683 110.64238 0.39129585
car 241.94106 271.9582 60.84665 83.12685 0.40416825
car 809.56134 854.17834 76.0399 99.7208 0.491122
car 261.87985 285.85486 -0.8512303 10.539416 0.69122386
car 750.52356 806.1317 274.186 314.38324 0.8225327
car 592.60913 649.4473 209.91437 250.43074 0.8927233
car 502.0432 552.9682 119.10719 148.47456 0.91936046
--
truck 741.0635 799.4163 271.9673 312.0401 0.3148032
car 244.61 272.3087 62.209145 84.614075 0.3341607
car 758.98065 792.54285 92.66546 111.16532 0.38506597
car 751.43 779.0606 94.55874 110.62325 0.41490787
car 809.0939 854.13165 76.457466 100.0976 0.55801994
car 741.0635 799.4163 271.9673 312.0401 0.66155744
car 260.9997 283.84238 -0.2985339 9.985907 0.7010497
car 586.47296 644.6411 208.00919 247.33429 0.88033426
car 498.02658 549.26843 122.22731 149.2493 0.9528151
--
truck 581.29126 638.29407 204.40387 245.91852 0.31896153
truck 739.66455 792.9851 271.4494 308.98563 0.3726011
car 758.7536 792.5737 92.66132 111.12983 0.404471
car 751.37866 779.43805 94.5878 110.66565 0.44140175
car 259.30414 281.1163 0.024299473 9.45067 0.49226806
car 808.57794 854.3251 76.52556 100.30097 0.653716
car 740.9493 793.7498 269.6473 305.16733 0.8213861
car 582.71356 636.29724 202.62392 241.52899 0.85991395
car 495.61038 546.058 123.5108 148.92848 0.9543978
--
car 256.47998 279.33508 -1.287563 7.700984 0.3123778
car 759.1291 792.45447 92.71536 111.082954 0.40457618
car 751.41907 778.736 94.67119 110.636475 0.44513574
car 250.86694 283.64755 70.3161 90.92149 0.48950118
car 808.40924 852.73016 76.96673 100.06594 0.5641054
car 733.8906 787.53326 267.22708 303.6683 0.7178333
car 577.8018 632.9149 201.60307 239.13715 0.8353459
car 491.25458 541.8958 123.00568 149.09906 0.9417884
--
car 255.73235 279.86398 -1.0069431 7.9939423 0.30503997
car 759.0937 792.34894 92.69881 111.14594 0.39892933
car 751.4181 779.13434 94.71071 110.70224 0.4274422
car 808.59766 852.88434 76.88185 100.19365 0.4894916
car 250.46481 283.78244 70.409256 90.88464 0.49336457
car 733.2135 787.957 266.59717 303.71933 0.69685054
car 577.79614 633.2436 201.67903 239.45918 0.7384169
car 491.27396 541.9899 123.09885 149.1274 0.9333584
--
truck 571.3431 625.93964 200.1702 237.23247 0.34310392
car 571.3431 625.93964 200.1702 237.23247 0.36358356
car 759.08057 792.41223 92.673325 111.1461 0.37681878
car 751.36194 778.96466 94.71748 110.71943 0.4089562
car 808.33734 852.19556 76.8083 99.791534 0.42590073
car 252.49261 284.46265 71.56678 92.72627 0.556589
car 730.29236 784.188 262.2739 301.61026 0.601362
car 487.88815 537.19037 122.150986 149.51292 0.85639644
--
truck 566.7883 621.9382 196.53957 233.39757 0.38701144
car 758.8091 792.4085 92.543274 111.07602 0.38623127
car 751.4973 779.4497 94.70122 110.71961 0.41272184
car 566.7883 621.9382 196.53957 233.39757 0.48181987
car 253.51917 286.61227 73.21009 95.18295 0.5519204
car 807.65875 851.8697 77.1712 99.91326 0.56018716
car 725.0961 777.91364 260.79562 296.94647 0.81013393
car 486.33536 534.9067 123.33471 150.11246 0.90884465
--
truck 563.6926 615.6221 192.43593 228.66074 0.34283105
car 751.4118 779.57214 94.66249 110.7114 0.43925658
car 807.6707 851.7718 76.91857 100.036995 0.5929992
car 563.6926 615.6221 192.43593 228.66074 0.6258606
car 257.62866 288.42902 74.69286 97.40976 0.6406009
car 717.53845 772.31934 259.5499 292.50366 0.6653437
car 481.70172 532.2392 125.29401 150.88528 0.93434787
--
truck 558.6176 613.0234 190.59021 226.6922 0.37343857
car 751.22266 780.0469 94.56074 110.77445 0.46242803
car 258.05725 291.1147 74.6109 99.70439 0.5077945
car 807.0825 851.36017 76.88074 100.062836 0.6563447
car 558.6176 613.0234 190.59021 226.6922 0.66072893
car 477.85733 528.3251 126.61887 150.9739 0.94373494
--
car 758.791 792.6142 92.45109 110.94013 0.45787168
car 751.28546 779.60535 94.55563 110.664856 0.46517774
car 807.3933 850.8528 76.99568 100.01665 0.5834021
car 706.31335 759.42773 253.12428 286.90067 0.65843844
car 553.6147 605.579 188.3332 222.63432 0.8483096
car 474.17377 523.8632 126.104294 151.71902 0.95218027
--
car 759.11255 792.53455 92.45922 111.03001 0.4395426
car 751.2344 779.11505 94.54783 110.81132 0.44958612
car 807.4813 850.8206 76.95038 100.030624 0.57552224
car 706.3284 759.44055 253.16751 286.91187 0.64907306
car 553.63324 605.62195 188.32759 222.62802 0.84507394
car 474.11197 523.78345 126.09099 151.7527 0.947494
--
car 758.9143 792.5124 92.36174 111.11487 0.378578
car 751.3015 779.20905 94.50484 110.77516 0.40556285
car 807.8243 850.0641 76.84418 100.02299 0.5364572
car 550.49567 602.18164 186.8787 222.11026 0.6252932
car 698.61676 754.48773 248.90854 285.73117 0.7661447
car 470.39447 519.59973 126.207214 152.1811 0.9211793
--
car 751.2757 779.67035 94.497536 110.894 0.4060665
car 695.4364 752.2518 246.98616 284.4905 0.55062276
car 545.2886 598.1351 184.24844 219.47842 0.57953286
car 807.7602 849.8697 77.08454 100.478165 0.619734
car 466.1276 516.7593 126.17987 153.39557 0.8883778
--
car 759.16064 792.2486 92.633606 111.29573 0.34739098
car 274.98596 305.84506 86.88463 109.38806 0.3685014
car 751.3363 778.899 94.634926 110.92065 0.38260612
car 538.90765 593.5254 181.27765 217.31909 0.5487346
car 807.3677 849.7122 77.02985 100.931114 0.6364869
car 691.90265 744.02014 245.1725 278.0998 0.7019144
car 463.39728 514.5207 127.11656 153.19548 0.8979697
--
car 758.9806 792.28754 92.635704 111.15149 0.39307302
car 275.11005 307.89423 87.95934 112.48698 0.4167689
car 751.38696 779.0139 94.62907 110.842125 0.42108276
car 806.9868 849.6361 77.026085 100.930916 0.6291413
car 685.9762 738.91583 243.61044 275.22192 0.7065444
car 536.2798 588.27136 177.12457 214.79108 0.76191974
car 458.66055 509.75116 128.07275 152.8797 0.92941546
--
car 758.8207 792.44293 92.522644 111.192 0.39232618
car 751.3324 779.03076 94.58937 110.89331 0.41823816
car 282.7726 312.49112 91.001045 116.335075 0.5653451
car 807.9007 849.03296 77.5403 100.76699 0.57575756
car 534.9073 584.7264 173.72542 211.80283 0.6938992
car 454.0652 504.17807 127.632866 153.25911 0.9444826
--
car 683.1274 732.5737 237.69594 272.29684 0.40640718
car 751.6584 779.56805 94.44627 110.75672 0.48892003
car 807.1911 849.47363 77.66132 101.01813 0.5879723
car 281.94266 312.93063 90.49575 116.83019 0.63134676
car 535.0179 584.64526 173.74828 211.93848 0.70502734
car 453.64774 504.19064 127.72888 153.15897 0.9325529
--
car 678.6276 728.572 237.70557 269.82263 0.39294627
car 751.6473 779.6073 94.43338 110.79622 0.5085878
car 806.53357 849.7039 77.56821 101.276955 0.60406893
car 281.87582 316.03278 90.83534 119.9541 0.8468806
car 531.63617 580.6802 171.84737 206.7951 0.8730155
car 449.2546 500.27557 128.5291 156.6321 0.8984343
--
car 673.311 723.47833 234.99052 268.165 0.378115
car 751.692 779.5983 94.31712 110.82367 0.5171559
car 806.17487 850.0759 77.4567 101.45189 0.55858934
car 283.9902 318.68866 90.76231 122.48935 0.80080956
car 526.0094 576.016 171.4918 206.1965 0.8693439
car 444.9862 498.66428 128.99518 157.05519 0.95859396
--
car 286.85956 351.79245 68.93257 104.54364 0.31112516
car 806.1923 849.7551 77.89901 100.98421 0.45781165
car 751.64777 779.3134 94.405045 110.833755 0.48651615
car 669.09753 718.45105 230.28732 266.39554 0.51434314
car 290.84375 324.31363 97.1232 123.55734 0.65059525
car 522.5942 571.85486 170.42616 204.91983 0.71452737
car 439.40497 494.46634 130.20139 156.04988 0.9552961
--
car 286.5873 351.91162 68.82632 104.37065 0.3649273
car 805.4454 850.0274 77.64492 101.069176 0.4641002
car 751.51306 779.6398 94.379684 110.867516 0.49628824
car 663.46606 713.2309 228.59433 261.8309 0.51923484
car 519.36755 568.6271 167.73514 202.78238 0.6349777
car 290.63574 328.6094 98.87885 125.49071 0.6357857
car 434.9905 490.21805 129.94273 156.7742 0.9548023
--
car 285.2646 352.23022 69.14918 103.55672 0.38018167
car 805.8477 849.49304 77.1574 100.804474 0.47653487
car 751.4177 780.06366 94.31383 110.81847 0.5259116
car 660.0446 708.4981 227.13261 258.23615 0.66443807
car 299.3764 331.914 103.23218 127.975716 0.6818741
car 516.1676 564.2826 164.73042 198.93298 0.6960681
car 431.98956 484.86734 130.67688 158.23782 0.91809964
--
car 285.34982 352.23264 69.183945 103.522255 0.3777748
car 805.9225 849.4104 77.17646 100.80648 0.47099933
car 751.4358 779.9836 94.329666 110.81392 0.51965016
car 660.05304 708.4871 227.09755 258.26288 0.65755594
car 516.20306 564.293 164.64969 198.92393 0.67817974
car 299.28418 331.97394 103.19752 127.958954 0.6784731
car 432.07343 484.80585 130.58986 158.21976 0.9180863
--
car 806.7607 848.63477 77.79173 100.48834 0.4512814
car 751.40894 780.2163 94.33656 110.83616 0.5334643
car 655.6432 703.9989 221.77396 255.33652 0.5711594
car 514.22504 561.5465 162.27208 197.12524 0.7683043
car 303.7945 333.06366 106.4819 131.60683 0.7753895
car 428.3455 483.38858 130.97273 158.36269 0.9433632
--
car 807.5889 848.1557 77.646576 100.12467 0.45131075
car 751.3791 780.19574 94.32721 110.72914 0.5662801
car 651.20355 698.8794 220.7257 254.31476 0.6194606
car 508.31537 558.31604 159.76828 195.01245 0.78123134
car 306.38608 337.95493 107.67097 135.77513 0.79495615
car 421.98282 478.66125 132.1357 158.20883 0.9502575
--
car 803.01685 830.11505 86.76717 103.04555 0.3121973
car 808.0399 847.7649 77.492096 99.73131 0.44281924
car 646.9985 694.5787 219.07483 251.94568 0.5019884
car 751.2458 780.3665 94.31872 110.77035 0.58146834
car 306.5234 342.33002 107.5721 138.98137 0.8152891
car 505.98392 554.2818 158.17542 193.04774 0.87190545
car 417.59445 474.0353 132.53053 159.18709 0.96319246
--
car 808.2106 847.85254 77.74599 99.63306 0.3187804
car 751.2018 780.2681 94.45651 111.06259 0.5393043
car 315.51492 346.2964 113.86901 142.22911 0.55084217
car 642.10956 690.9391 215.84993 249.52786 0.6038365
car 504.26123 550.31976 157.57631 188.42691 0.79020405
car 414.0152 469.7301 133.18007 160.67622 0.91456866
--
car 805.85596 844.5373 84.44218 102.0307 0.3220048
car 751.32465 779.899 94.45645 110.98086 0.53002393
car 637.29395 686.38086 213.708 247.0247 0.6823393
car 316.76248 350.56628 115.603134 144.74065 0.791721
car 500.39542 547.06036 156.74117 187.69919 0.8369645
car 408.73993 467.22626 134.10606 161.03398 0.94531184
--
car 802.8389 830.36584 87.28698 103.5252 0.30336547
car 751.37646 779.2139 94.48659 111.003784 0.4746598
car 637.3183 686.2099 213.50772 247.41106 0.68753856
car 316.19455 350.49475 116.22803 144.40567 0.73035765
car 500.253 547.0246 156.97867 187.42845 0.78807783
car 408.5917 467.61893 133.8978 160.7631 0.92806256
--
car 802.62634 830.481 87.337616 103.63158 0.3086876
car 751.3506 779.3702 94.47289 110.996216 0.48160443
car 634.5488 682.0007 211.53024 243.86252 0.6675299
car 320.91116 352.3383 120.92923 146.65918 0.7605459
car 497.34238 544.6977 155.54039 186.0387 0.8180013
car 403.44693 461.10107 134.9296 162.91292 0.9652189
--
car 629.9929 677.18097 209.83395 240.6346 0.4292672
car 751.2802 779.503 94.49162 111.035675 0.4796009
car 321.20795 355.84464 122.05683 150.09735 0.6848794
car 492.16016 541.4495 154.08522 184.3118 0.76006085
car 401.66296 456.12408 135.34601 162.6761 0.94780695
--
car 751.28156 779.3668 94.51791 111.04071 0.4715575
car 625.76117 673.5818 205.48177 238.8199 0.47606304
car 322.68433 359.64658 123.560616 153.0707 0.60018575
car 489.66815 536.90454 150.57333 183.14198 0.8472576
car 397.13385 452.09674 137.6704 163.66968 0.9129893
--
car 751.25665 779.5385 94.46723 111.02141 0.49544904
car 336.50214 364.8808 131.02365 157.95071 0.70331335
car 621.54266 667.0159 204.24808 237.03642 0.7551133
car 487.98602 533.1521 148.56294 181.81006 0.91174054
car 391.1466 449.51117 138.66206 164.37256 0.9769781
--
car 618.5221 664.92755 200.73154 234.79306 0.47624868
car 751.26227 779.34686 94.516106 111.118164 0.48680383
car 331.98672 369.2896 129.83763 164.00034 0.824453
car 483.9308 530.9732 146.0535 178.44052 0.8450411
car 387.16116 442.734 138.97551 165.34395 0.98195577
--
car 751.2379 779.3977 94.53002 111.137344 0.48400998
car 618.3969 665.0776 200.69484 235.08525 0.5015734
car 332.11432 369.2955 129.72615 164.04637 0.8132499
car 483.90344 530.9501 146.12712 178.4198 0.8535601
car 387.1754 442.97784 138.93268 165.31831 0.9821537
--
car 613.4117 659.78455 199.28606 231.47205 0.4608876
car 751.25146 779.5391 94.43496 111.08775 0.48898283
car 338.4697 371.18576 135.64095 164.72781 0.8262503
car 482.6538 529.23865 143.76402 176.93854 0.8644572
car 386.05927 438.08777 139.29013 166.29224 0.95860386
--
car 338.98267 373.58694 138.21513 167.53842 0.4461845
car 751.296 779.1277 94.49218 111.12434 0.47713205
car 609.8835 656.8455 196.56934 229.2905 0.6055755
car 479.62973 526.7327 141.79848 176.49193 0.7942809
car 377.37863 437.391 140.98447 168.04514 0.9366223
--
car 758.4534 792.8204 92.687584 111.34959 0.4073305
car 751.27136 778.74255 94.58992 111.17756 0.45585445
car 605.59033 651.4177 193.33365 226.2563 0.6827694
car 475.8745 521.3911 140.6764 172.77051 0.7541607
car 366.1308 434.5897 141.40294 169.72653 0.8097054
--
car 758.813 792.6872 92.794075 111.22886 0.41264474
car 751.3019 778.3187 94.59594 111.02081 0.46844536
car 367.94348 429.25122 140.43344 170.40149 0.5909789
car 474.0175 516.85266 140.5248 171.77466 0.7946929
--
car 807.41254 843.2989 85.03699 101.97585 0.3140306
car 758.2787 792.92224 92.70374 111.28394 0.4429218
car 349.28128 386.57806 146.37651 180.12003 0.45533434
car 751.31104 778.72675 94.49808 111.077736 0.47488344
car 472.4165 515.73303 140.15115 170.29828 0.7929733
car 382.20422 428.3642 141.56686 167.06721 0.81549877
--
car 758.9204 792.62354 92.94651 111.35499 0.40617448
car 349.05243 386.26086 146.55789 180.09926 0.42014247
car 751.2114 778.23267 94.69488 111.149506 0.45955786
car 382.01068 428.18878 141.5173 167.03705 0.7346237
car 472.39444 515.7535 140.087 170.5798 0.76851517
--
car 349.4229 388.19345 150.35825 186.26392 0.37160775
car 595.3987 641.1428 189.25128 218.92937 0.38289306
car 758.81464 792.5932 92.998146 111.3236 0.4215271
car 751.237 778.4089 94.68032 111.12316 0.47674206
car 381.8984 424.88623 142.40663 166.90317 0.57124037
car 467.45 513.5537 138.56155 167.99937 0.7726454
--
car 382.04462 421.90015 143.81664 166.8507 0.3503442
car 758.4772 792.7757 92.897354 111.301765 0.42414793
car 751.2263 778.6608 94.61542 111.105865 0.46924236
car 589.6017 636.77625 185.84616 217.18329 0.4752851
car 346.38644 422.30774 141.65425 183.77438 0.6738061
car 464.55658 511.37393 136.18613 167.35254 0.7583663
--
car 758.6707 792.7255 92.92963 111.24035 0.42283782
car 751.23883 778.43665 94.624084 111.001785 0.4686052
car 586.7954 632.3628 182.00581 216.02118 0.58858466
car 348.57312 418.60434 141.37682 186.68643 0.66631186
car 465.33228 504.83 137.6566 162.2167 0.7556973
--
car 581.4557 628.2969 180.7583 211.85919 0.35583496
car 758.89 792.6686 92.93086 111.2675 0.41030946
car 351.07623 413.58575 142.29219 191.2558 0.4393295
car 751.2373 778.24646 94.6456 111.03723 0.4602285
car 458.22913 505.0206 132.18037 164.36525 0.74587286
--
car 758.84656 792.7438 92.88301 111.32536 0.40024364
car 353.47946 405.71906 156.96164 200.43425 0.44180942
car 751.2121 778.3265 94.65578 111.12217 0.4474137
car 578.6225 625.19104 178.12326 210.65005 0.60646766
car 456.87628 501.32065 129.96011 162.15575 0.74021006
--
car 758.81256 792.768 92.8597 111.31409 0.40003628
car 751.2097 778.3453 94.64727 111.11735 0.44630897
car 353.3871 405.81372 157.0443 200.45642 0.4529039
car 578.6372 625.2463 177.94559 210.53912 0.6119416
car 456.88138 501.2903 129.90987 162.11995 0.74354786
--
car 758.6833 792.7916 92.86698 111.33214 0.40727723
car 751.194 778.5638 94.64156 111.11934 0.4520722
car 574.0974 621.321 176.61641 208.50992 0.54014724
car 352.3347 408.37656 162.49953 203.6651 0.6993123
car 456.11578 499.04453 128.02107 159.50232 0.7216231
--
car 575.70233 615.8262 174.39893 204.53615 0.3495759
car 758.99286 792.67474 92.914856 111.33645 0.394183
car 751.18866 778.17316 94.68238 111.09069 0.44675544
car 451.25787 496.69067 126.94228 158.49849 0.7192875
car 352.6818 411.0006 167.31068 206.15443 0.7607857
--
car 759.05225 792.6516 92.89878 111.335526 0.39512908
car 751.1823 778.11584 94.65335 111.0775 0.44982094
car 353.87668 406.97693 143.49878 182.65569 0.5240254
car 450.24954 494.11682 124.28939 156.44202 0.765484
car 354.82776 417.0419 177.35498 210.26953 0.818181
--
car 758.9628 792.6995 92.849495 111.43935 0.3776522
car 751.13916 778.1923 94.667274 111.18636 0.4300278
car 353.9841 405.61603 143.3227 179.27136 0.45068148
car 446.77634 492.8773 125.08026 154.62302 0.78960365
car 359.29126 417.9855 182.40909 210.74393 0.80843204
--
car 347.1938 402.6376 143.91951 178.40141 0.34361473
car 759.2776 792.5199 92.980545 111.49537 0.35922572
car 751.15906 777.89813 94.76421 111.2005 0.41960418
car 360.2336 422.12646 182.40424 215.06287 0.77780914
car 442.5444 488.20596 124.64321 153.40768 0.80213946
--
car 759.22675 792.5578 93.01255 111.46672 0.34191734
car 347.32468 402.69226 143.88828 178.79736 0.39882708
car 751.1533 777.82385 94.78782 111.187935 0.4133628
car 360.05182 422.13614 182.4424 215.37509 0.77077246
car 442.62534 488.40845 124.563385 153.45998 0.77124053
--
car 759.4239 792.4739 93.11271 111.469864 0.3364212
car 751.20886 777.6023 94.856865 111.16151 0.4129558
car 347.5633 400.244 144.44562 178.85378 0.45628348
car 359.64026 424.11722 184.25708 219.29242 0.76154214
car 442.0921 485.81427 124.42088 150.2173 0.78760004
--
car 759.43555 792.4585 93.1044 111.46652 0.3397794
car 751.2131 777.5655 94.84746 111.15993 0.41873124
car 343.78345 398.28558 145.44481 178.50179 0.5774584
car 442.0725 484.03052 123.1903 148.80272 0.73500687
car 363.26987 429.03268 187.81075 223.35844 0.7743042
--
car 759.37976 792.4316 93.135445 111.45613 0.35067764
car 751.24097 777.5502 94.84274 111.15096 0.42906457
car 342.08643 397.84207 146.51791 178.60233 0.46165872
car 364.465 432.2794 194.31668 228.73447 0.5243012
car 434.8532 479.2475 121.61984 145.9045 0.7124153
--
car 371.72125 432.6937 199.67754 232.90111 0.3203023
car 340.39157 396.85928 147.0375 178.48413 0.3302797
car 759.50494 792.3341 93.177284 111.50483 0.33990327
car 751.2606 777.43616 94.87184 111.211586 0.4241116
car 434.14334 476.53625 120.37335 145.59506 0.6950288
--
car 338.77155 395.44327 147.94997 179.85355 0.3232602
car 759.201 792.4542 93.123436 111.50817 0.3544373
car 373.4342 436.6268 200.32259 238.86177 0.3730634
car 751.28015 777.7944 94.8313 111.22171 0.43100598
car 432.73105 472.7069 119.327965 144.32945 0.77191424
--
car 338.7569 395.57343 147.93294 179.89168 0.33080497
car 759.2722 792.4225 93.13938 111.49981 0.35090837
car 373.7048 436.32123 200.54851 238.85799 0.39092186
car 751.2818 777.7144 94.84713 111.21352 0.42928997
car 432.73935 472.6419 119.34628 144.33698 0.7720403
--
car 338.25702 394.1697 148.00674 179.94472 0.33092877
car 759.42175 792.081 93.04775 111.3568 0.34231344
car 751.4681 777.71576 95.00642 111.00646 0.4395218
car 429.87628 470.95013 116.87296 142.65955 0.81110716
--
car 759.51807 792.0733 93.10347 111.38379 0.352454
car 336.65286 393.38562 147.18808 180.33278 0.43530196
car 751.4729 777.63324 95.027214 111.01527 0.43910185
car 426.35757 471.3547 113.9212 142.02798 0.84725595
--
car 759.39026 792.1141 93.16725 111.435814 0.35280046
car 335.44556 393.25543 146.5009 180.91763 0.4382013
car 751.458 777.686 95.0507 111.06726 0.43927407
car 423.5504 469.77484 113.10333 141.38966 0.7091855
--
car 759.22327 792.19617 93.14102 111.46682 0.35863367
car 334.7666 392.55203 146.73575 181.84787 0.39904484
car 751.4633 777.9216 95.03136 111.083755 0.43364614
car 417.8529 463.12994 111.327194 135.84149 0.5009083
--
car 759.2535 792.1815 93.144356 111.49071 0.34969312
car 751.4654 777.8822 95.048355 111.09505 0.42688262
car 531.7845 572.3801 149.50081 176.41562 0.46346766
car 417.8828 461.8123 109.82331 136.54117 0.7159556
--
car 809.70715 847.2323 77.24786 99.94635 0.38419417
car 751.41705 779.3368 94.79012 111.43094 0.53165495
car 531.4278 572.9848 149.5536 176.40892 0.57188505
car 417.7313 462.05228 109.913345 136.46046 0.6914889
--
car 809.9401 847.26776 77.18272 99.910126 0.3823786
car 751.4383 779.1587 94.84644 111.44969 0.51795083
car 530.4887 568.6136 148.0186 174.81505 0.63365924
car 416.09772 458.73734 109.27042 135.46837 0.7598643
--
car 809.97345 847.2323 77.19322 99.92277 0.37637836
car 751.4564 779.0939 94.85135 111.4218 0.5148647
car 531.54956 564.7573 146.82599 174.39128 0.5520936
car 414.62744 455.5205 108.699394 133.18974 0.7286129
--
car 810.29663 847.142 77.37991 99.70592 0.34833157
car 759.0863 791.89154 93.19246 111.57998 0.38196096
car 751.523 778.74994 94.94855 111.43054 0.49758607
car 411.97824 453.55353 107.03698 132.01526 0.6678189
--
car 810.385 847.00885 77.5071 99.54749 0.32619432
car 759.1093 791.87634 93.18643 111.59105 0.376169
car 751.50134 778.8055 94.95061 111.46409 0.49307856
car 410.74292 451.45502 105.56075 130.53386 0.7903732
--
truck 325.50372 388.19254 146.94868 184.09918 0.31136835
car 810.2196 847.00836 77.593414 99.58106 0.32630068
car 759.10284 791.9224 93.16024 111.53565 0.3726922
car 751.45087 778.7893 94.94856 111.371216 0.4858968
car 515.8115 558.82745 141.99887 167.95566 0.6624617
car 409.748 448.99045 104.82392 129.37794 0.8061534
--
truck 325.38385 388.14923 146.87001 184.05879 0.32789922
car 810.25714 847.0162 77.619865 99.655426 0.3271861
car 759.0662 791.9394 93.12751 111.553375 0.38492882
car 751.546 778.7845 94.87528 111.35366 0.4952249
car 515.6772 558.9438 141.94795 167.84767 0.66954666
car 409.7976 448.9865 104.85037 129.34525 0.8209021
--
car 325.27728 388.511 147.47156 183.70247 0.31817085
car 810.12476 847.0624 77.54312 99.68914 0.342237
car 751.53955 778.95953 94.83764 111.40072 0.50310683
car 514.9037 552.3941 141.3122 165.17882 0.54577196
car 402.7208 445.9657 103.63195 127.55899 0.8833024
--
truck 326.34457 388.20636 147.34854 183.08395 0.30633134
car 810.24335 847.0427 77.46421 99.83976 0.3387723
car 751.5415 779.02057 94.81689 111.4234 0.5085511
car 516.9394 547.9186 139.6878 163.09673 0.6158406
car 401.02243 444.2381 101.87219 127.15115 0.9077616
--
truck 326.5143 388.41248 147.20776 182.47842 0.30972204
car 810.2001 846.77234 77.713844 99.93462 0.33495396
car 326.5143 388.41248 147.20776 182.47842 0.38817412
car 751.5183 779.18274 94.79384 111.4524 0.51343477
car 515.0729 545.0516 138.91565 160.8064 0.6590192
car 398.7154 442.0955 100.325554 125.686295 0.9445477
--
car 810.337 846.6938 77.760155 99.775856 0.35029492
car 327.608 388.53156 147.57503 181.55855 0.39930168
car 751.49506 779.3419 94.769295 111.44647 0.5188504
car 504.37112 542.18567 135.64845 158.6072 0.65416235
car 396.4873 441.40994 98.466774 124.99266 0.9055983
--
truck 327.83893 388.0091 147.33737 181.71074 0.31975377
car 809.98944 846.8318 77.59059 100.017395 0.32468566
car 327.83893 388.0091 147.33737 181.71074 0.36299548
car 751.4936 779.5085 94.75646 111.472275 0.5032679
car 501.4164 542.51556 132.28053 157.63382 0.84734875
car 394.77557 439.5583 96.81891 124.643456 0.90375096
--
car 751.253 779.63947 94.79005 111.59632 0.5144086
car 501.56165 542.51086 131.94698 157.66513 0.83672667
car 394.16754 439.67453 96.81339 124.59992 0.8884071
--
car 810.2278 846.7888 78.1284 99.958565 0.30388057
car 751.29193 779.612 94.806526 111.576584 0.5246415
car 501.04758 537.4339 131.54608 156.26509 0.71269125
car 392.3706 437.69464 96.65843 123.76877 0.8833413
--
car 751.34155 779.46155 94.83644 111.57276 0.5184286
car 502.1041 534.764 130.84923 154.93387 0.63053775
car 393.37326 433.61908 94.65039 120.53704 0.67539775
--
car 751.3179 779.4496 94.81548 111.55069 0.53192633
car 497.90384 530.884 127.278114 152.76105 0.6856836
car 386.1958 431.43283 94.18547 120.2193 0.7915638
--
car 751.3464 779.3891 94.86464 111.54782 0.53076303
car 496.32382 528.464 127.016945 151.98315 0.66447556
car 384.21158 430.9036 92.77702 120.107346 0.87554014
--
car 759.367 791.8465 93.07068 111.44135 0.42081335
car 751.4161 779.0674 94.8934 111.53401 0.514028
car 488.84937 525.43823 125.80243 149.86598 0.6519928
car 383.45728 427.59006 92.53537 118.274414 0.86912495
--
car 751.3612 779.20355 94.916534 111.49806 0.51756
car 488.9215 525.4815 125.741356 149.89403 0.6623214
car 383.6146 427.50714 92.50979 118.212105 0.87191176
--
car 759.312 791.8366 93.07935 111.4283 0.42302135
car 751.40485 779.09644 94.92578 111.46979 0.5154058
car 487.669 522.9204 124.54246 148.1841 0.7931958
car 382.345 422.8981 92.12914 116.6529 0.82988757
--
car 759.3771 791.802 93.11578 111.48189 0.41360265
car 751.43823 779.01166 94.94675 111.51343 0.5102991
car 486.56696 518.7563 123.70913 145.09991 0.7122809
car 380.50824 420.8392 90.60937 115.610016 0.8261992
--
car 759.30896 791.8352 93.10712 111.48059 0.41776398
car 751.39923 779.15247 94.93604 111.53699 0.51541245
car 485.7053 516.3257 122.96914 143.82277 0.77561
car 378.94882 417.85153 88.94647 113.57443 0.90153074
--
car 759.29877 791.8345 93.10112 111.45836 0.42113405
car 751.42487 779.1206 94.90348 111.51818 0.5199042
car 377.73346 416.36362 89.202385 111.67062 0.8759394
car 483.26352 514.6546 121.52877 142.33974 0.8771846
--
car 759.3586 791.7823 93.13176 111.46271 0.41791832
car 751.4768 779.0118 94.94177 111.513565 0.5199767
car 481.92752 510.43213 120.187195 141.295 0.7809439
car 372.2282 412.71378 87.08962 111.12795 0.8312585
--
car 751.6074 779.87354 94.77613 111.57778 0.5290368
car 482.21155 510.51947 120.070564 141.37077 0.7874093
car 371.95364 412.84348 87.02305 111.082375 0.80909175
--
car 751.55865 779.9835 94.75191 111.633286 0.54057837
car 472.30188 509.5328 114.98061 140.35275 0.6166726
car 370.94482 412.16812 86.65527 110.524445 0.8686087
--
car 751.60864 779.9357 94.776535 111.68567 0.50574666
car 470.5848 509.2987 114.391464 138.6752 0.80660075
car 370.59515 408.53577 85.13639 109.65883 0.93740726
--
car 751.5999 779.97424 94.820656 111.71936 0.49800038
car 469.84558 505.34866 114.68369 137.45111 0.6530001
car 368.86157 407.0799 83.25002 108.18949 0.91047007
--
truck 328.34125 387.8833 145.84981 181.6483 0.33060664
car 751.5603 780.13556 94.78982 111.74043 0.49913976
car 467.05707 500.7203 111.36423 135.61269 0.7967645
car 367.05975 405.93954 81.2702 107.98954 0.9138446
--
truck 329.07053 387.62128 145.68585 181.15573 0.32343888
car 751.5654 780.179 94.775734 111.74232 0.49997026
car 467.1729 497.9952 110.85727 134.66682 0.8134901
car 366.249 404.24182 79.921555 107.71196 0.8999739
--
truck 328.99823 387.64307 145.7007 181.1686 0.3142104
car 751.561 780.18695 94.76901 111.73419 0.50100064
car 467.29593 497.98438 110.8967 134.65016 0.7984714
car 366.19418 404.2947 79.88573 107.75497 0.8934459
--
car 751.55804 780.2284 94.74913 111.690994 0.5034767
car 363.48312 401.92987 80.344315 106.48486 0.77269065
car 465.23975 495.3032 110.9494 132.9459 0.7909684
--
car 751.45795 780.4325 94.705025 111.647156 0.5111709
car 361.77505 398.48538 78.11701 103.8912 0.7065892
car 465.12012 492.56473 110.93611 130.8249 0.7110247
--
car 751.4542 780.496 94.68348 111.66219 0.5192495
car 357.19894 395.60312 78.57574 102.07495 0.5243839
car 457.7528 490.10422 107.02464 127.955315 0.6935242
--
car 751.40344 780.5662 94.675644 111.69429 0.51935565
car 356.9034 395.62036 77.367096 102.24914 0.7537843
car 454.59122 489.22876 105.83168 126.21922 0.8636554
--
truck 328.2033 388.2735 146.09857 181.78381 0.30611172
car 751.4065 780.5206 94.69108 111.71462 0.51366377
car 356.13782 394.4246 76.43341 101.569214 0.8090478
car 452.97803 486.0728 104.58225 124.93322 0.91199344
--
truck 328.18335 388.32516 146.1246 181.83783 0.36306885
car 751.2923 780.85864 94.716606 111.56564 0.5147746
car 356.12045 394.67133 76.51771 101.49779 0.8370364
car 452.92255 485.93903 104.12866 124.724396 0.9255786
--
car 751.2978 780.7701 94.71807 111.532845 0.5128031
car 355.38885 391.93695 75.80135 99.780014 0.7362112
car 454.35474 483.04483 104.58167 123.5153 0.8029098
--
car 751.2802 780.84937 94.7009 111.556725 0.5132971
car 354.05832 388.6009 74.7276 98.51911 0.55940557
car 452.54745 480.38858 102.73588 122.46674 0.7677659
--
car 352.36038 385.94022 73.668274 96.74112 0.4664993
car 751.2537 780.92645 94.69325 111.58473 0.5102892
car 451.8326 476.5389 101.28747 121.96123 0.6292416
--
truck 328.79562 387.8386 146.09799 182.30867 0.3532303
car 450.60892 474.63138 99.65372 120.14964 0.46527344
car 751.2644 780.84 94.73758 111.6233 0.5049206
car 350.24683 384.66003 72.969574 95.37831 0.6202071
--
truck 329.06305 387.56357 145.98412 182.15344 0.37780812
car 751.345 780.9391 94.671326 111.63727 0.5075679
car 348.2304 383.82373 72.186035 94.25664 0.6772619
car 441.58038 472.79095 94.73865 119.48153 0.70258904
--
truck 329.2319 387.47958 145.98254 182.26218 0.4025379
car 751.3628 780.8689 94.67802 111.61394 0.50550556
car 348.12927 383.85724 72.19043 94.300705 0.6909632
car 441.5763 472.81436 94.75224 119.47638 0.71001995
--
truck 329.3923 387.45605 146.01454 182.27266 0.40572068
car 751.3238 780.9483 94.68807 111.63329 0.5055979
car 347.8813 381.46637 71.573654 93.07027 0.79040354
car 439.63525 469.80203 95.117805 117.45035 0.80037785
--
truck 328.97177 387.61163 145.95407 182.38759 0.42340204
car 751.3086 780.9196 94.70758 111.65499 0.50865066
car 348.5321 379.6874 70.965614 92.036865 0.7920671
car 439.01245 466.07593 94.63099 115.728775 0.8860697
--
truck 328.573 387.9613 145.82349 182.32349 0.40740272
car 751.349 780.78125 94.71703 111.62635 0.50491405
car 347.37122 378.90268 70.129684 90.98146 0.5680494
car 437.5949 464.16656 93.92178 114.1488 0.8759659
--
truck 328.6126 388.05603 146.00343 182.30003 0.4373032
car 751.30774 780.92957 94.69554 111.65212 0.5042466
car 341.98248 377.09503 68.44682 90.5966 0.7179448
car 436.12283 462.2005 93.40812 113.161354 0.8223434
--
truck 328.2525 388.16965 146.17998 182.4519 0.33201897
car 751.28894 781.0839 94.69066 111.679474 0.5082083
car 435.071 459.72754 91.46177 110.1075 0.72923875
car 340.37415 377.2822 66.57441 89.89827 0.7390048
--
truck 327.96356 388.24744 146.03519 182.50082 0.38905618
car 751.21564 781.6971 94.267166 111.615906 0.55398035
car 340.15414 377.58804 66.23095 89.84811 0.7254313
car 434.52582 459.85126 91.450775 110.32906 0.7463228
--
truck 327.57776 388.42526 145.81218 182.5678 0.35987324
car 751.2561 781.81024 94.19986 111.56033 0.57204187
car 435.28397 457.92023 90.29818 108.55008 0.62194514
car 339.52402 376.14435 65.53091 89.3484 0.7489143
--
truck 327.9614 388.2454 145.77562 182.42807 0.3871856
car 809.54266 847.0995 77.53664 99.93361 0.30197555
car 337.9753 373.51517 64.82732 89.156296 0.5401028
car 757.64197 792.3154 92.987495 111.27989 0.57622117
car 424.89804 455.5146 87.668594 107.75113 0.69371253
--
truck 327.9194 388.0966 145.91951 182.22334 0.4480085
car 809.2799 847.0374 77.483215 100.03515 0.31618404
car 751.24805 781.95496 94.2395 111.56022 0.58146113
car 337.36163 370.3719 62.75345 86.20723 0.62753737
car 424.32773 453.27133 86.832726 106.673134 0.8139524
--
truck 327.73505 388.29343 145.9192 182.16682 0.43448487
car 809.3688 847.08765 77.45011 100.14476 0.30864948
car 751.2888 782.0693 94.114975 111.58028 0.58106744
car 333.7117 368.47415 61.8851 86.63017 0.7677641
car 423.73312 451.2049 85.88586 105.79735 0.8682601
--
truck 328.2036 388.07773 145.76613 182.12802 0.4128017
car 809.31274 847.0975 77.484604 100.134766 0.30664775
car 757.46423 792.3459 92.92622 111.27635 0.5785511
car 423.3059 448.97964 84.128395 104.6298 0.87958896
car 332.77243 367.3552 61.504013 86.23012 0.8899259
--
truck 328.02298 388.15506 145.7942 182.20811 0.39641938
car 809.315 847.1036 77.4772 100.14249 0.30761358
car 751.3156 782.0549 94.10082 111.58613 0.57887757
car 423.4294 448.86694 84.19765 104.486946 0.8790991
car 332.83328 367.3407 61.53325 86.179 0.88932186
--
truck 327.6521 388.21564 145.82697 182.2777 0.42269066
car 809.21704 847.2303 77.38384 100.19998 0.31494513
car 751.31256 782.098 94.0875 111.56806 0.58123296
car 422.46704 446.15985 83.65618 103.49821 0.7727639
car 332.1907 366.56964 60.017323 86.01488 0.8021899
--
truck 327.32516 388.47318 146.02972 182.17085 0.42823052
car 809.18567 847.2562 77.35434 100.28696 0.31386063
car 751.303 782.2042 94.07857 111.6006 0.5838172
car 415.24826 444.8095 78.73898 103.21013 0.8109494
car 330.97144 365.4862 58.484528 85.00267 0.815055
--
truck 327.37048 388.4799 146.02824 182.22173 0.43076584
car 809.1074 847.2456 77.347626 100.32576 0.32297745
car 757.3071 792.4253 92.88363 111.28476 0.59331435
car 329.93573 364.90988 57.789257 84.21478 0.7802876
car 415.0858 443.40298 78.40867 102.16644 0.81482965
--
truck 327.32117 388.51465 146.09872 182.2046 0.4320807
car 809.22656 847.19073 77.44019 100.26977 0.31764174
car 757.3806 792.37756 92.91322 111.28345 0.5938977
car 329.9796 363.9268 56.331604 83.012276 0.6898457
car 410.32986 440.282 77.09264 100.69605 0.83103716
--
truck 326.9195 388.57196 146.12769 182.28296 0.4742016
car 809.2983 847.1386 77.50078 100.27078 0.3057098
car 757.38434 792.3743 92.90747 111.28544 0.59055996
car 331.07755 362.08 56.576912 80.82065 0.630318
car 409.75613 438.84772 75.961105 99.768616 0.88883513
--
truck 326.5494 388.74805 145.9532 182.41304 0.45774597
car 806.606 843.4746 84.80706 101.87609 0.3107185
car 330.4725 362.5284 56.545013 81.49881 0.6009635
car 751.35803 782.1807 94.13877 111.6294 0.60167736
car 409.7684 439.4027 75.83278 99.659676 0.907162
--
truck 326.3048 388.8287 145.92888 182.37405 0.46100014
car 806.54144 843.46783 84.80239 101.87186 0.31963426
car 327.35123 354.99274 54.112442 78.96623 0.49895668
car 751.3593 782.2037 94.15135 111.64242 0.6035816
car 407.7389 434.8752 75.31931 96.923485 0.917431
--
truck 326.01666 388.8617 145.92657 182.53174 0.45213032
car 806.49603 843.4444 84.943634 101.79628 0.3234804
car 326.1237 355.11777 54.123787 78.356384 0.5754064
car 751.37915 782.11224 94.164955 111.64234 0.59826463
car 406.9083 432.19373 74.870735 94.784424 0.83956015
--
truck 326.4638 388.73526 145.97098 182.44023 0.4570186
car 806.47217 843.4851 84.928566 101.80556 0.32201573
car 325.25812 354.3545 53.47363 77.60867 0.5020323
car 751.3758 782.145 94.1518 111.63357 0.5943973
car 405.5085 429.8686 75.03175 93.34441 0.8798208
--
truck 326.31207 388.75323 145.98642 182.62015 0.44421652
car 806.4467 843.4775 84.95274 101.78773 0.3284018
car 323.91327 352.67142 52.08256 76.74607 0.5844194
car 751.3333 782.1881 94.157394 111.60306 0.5947349
car 403.20453 428.7156 73.73097 92.48057 0.8927382
--
truck 325.4709 388.93854 146.11322 182.76826 0.45114413
car 806.24994 843.6433 84.81395 101.89051 0.33444723
car 323.73975 352.04196 52.63702 76.49258 0.5827946
car 751.2718 782.3772 94.07387 111.60429 0.59330773
car 400.43433 427.22815 72.65619 91.660934 0.8478507
--
truck 325.84885 388.8898 146.04422 182.666 0.44196478
car 806.2562 843.63544 84.84073 101.86031 0.32797045
car 323.70987 352.01666 52.622223 76.487335 0.566727
car 751.2683 782.3557 94.17424 111.608025 0.5849348
car 400.44553 427.31586 72.53722 91.64414 0.84724295
--
truck 325.15042 388.9372 145.96542 182.84796 0.4567887
car 806.2986 843.67426 84.78908 101.8842 0.31108615
car 320.97488 351.10287 51.08202 75.55566 0.45692757
car 751.26587 782.31036 94.16997 111.63646 0.5762136
car 400.23117 425.34164 71.00193 90.732025 0.7230357
--
truck 325.42606 388.92288 145.93927 182.8636 0.45408675
car 806.2508 843.68365 84.77714 101.888916 0.31192744
car 319.5557 349.39258 50.516106 74.280045 0.45186025
car 751.2688 782.26276 94.200554 111.632065 0.57153267
car 393.45285 422.38693 69.91688 89.36729 0.68743217
--
truck 325.38965 388.96664 145.90579 182.90225 0.43040982
car 806.1908 843.6808 84.73696 101.91068 0.31072122
car 317.7376 348.4973 49.78944 73.51832 0.34179854
car 393.24768 420.653 69.286736 87.87065 0.5699716
car 751.2818 782.29944 94.21895 111.629135 0.57781434
--
truck 325.36853 388.98297 145.954 182.88466 0.4269901
car 806.14026 843.71924 84.729904 101.89979 0.3179355
car 751.2936 782.2147 94.29198 111.599594 0.5706906
car 391.4012 418.40298 68.80995 86.78362 0.6261354
--
truck 325.99313 388.5973 146.04413 182.83455 0.43424734
car 806.04706 843.77203 84.63524 101.9769 0.32435966
car 751.2669 782.32135 94.26864 111.595726 0.57254153
car 381.48373 417.49777 59.999382 86.03491 0.5808982
--
truck 325.1266 389.13318 146.3 182.836 0.39741558
car 805.7919 843.62225 84.56817 101.938484 0.31515405
car 381.7253 417.4761 60.27523 86.254005 0.50144875
car 751.23395 781.6623 94.40118 111.74959 0.57001853
--
truck 325.30508 389.05734 146.25632 182.94951 0.37326276
car 805.7955 843.62744 84.60842 101.9083 0.3128283
car 751.2416 781.59406 94.40928 111.73926 0.5668889
car 380.9304 415.16446 60.563 86.493835 0.7435073
--
truck 325.27457 389.00455 146.21437 182.86899 0.39861822
car 805.8151 843.61304 84.6029 101.89882 0.31731242
car 751.2476 781.53076 94.405594 111.71766 0.56999445
car 380.5075 412.76337 60.453766 85.749954 0.75743765
--
truck 325.35535 388.85464 146.16417 182.85999 0.40756914
car 805.7839 843.64874 84.58269 101.92091 0.31575397
car 306.385 338.9097 46.688572 68.57378 0.3896696
car 751.2235 781.6137 94.38051 111.694786 0.5697388
car 381.0579 411.14716 61.61437 84.19445 0.74171954
--
truck 325.07587 388.91064 146.1593 182.9204 0.409308
car 805.843 843.615 84.63577 101.903435 0.3177901
car 306.3148 337.79642 46.404205 68.39453 0.50001734
car 751.216 781.55707 94.37967 111.674965 0.57211804
car 380.96204 411.00137 60.976555 82.954575 0.6946254
--
truck 325.11118 388.81696 146.3138 182.87982 0.44568917
car 805.71466 843.7312 84.64195 101.92019 0.32916796
car 305.04816 336.3949 46.341396 68.45896 0.50293547
car 751.1898 781.6627 94.35919 111.653534 0.5787027
car 377.07288 405.81396 57.689716 79.542694 0.83743554
--
truck 325.2252 388.82047 146.2643 182.85472 0.44480976
car 805.75507 843.7128 84.64235 101.93317 0.32268733
car 305.0452 336.54288 46.377365 68.432816 0.5260142
car 751.2196 781.9148 94.32627 111.67088 0.5845425
car 377.27545 405.81314 57.790005 79.59083 0.8507569
--
truck 325.24878 388.8394 146.32982 182.84615 0.43127048
car 805.74915 843.7195 84.648964 101.9231 0.32494995
car 304.84244 334.72018 45.791656 68.3208 0.48512658
car 751.233 781.8828 94.354744 111.66729 0.5841605
car 376.13696 404.4084 56.103355 78.513916 0.8841762
--
truck 325.2091 388.8249 146.32468 182.81708 0.4634509
car 805.78864 843.6828 84.66985 101.90435 0.32337555
car 305.50317 334.84808 45.369156 68.12388 0.5585828
car 751.2629 781.8213 94.357124 111.60373 0.58194196
car 374.81113 402.6027 55.921432 77.55941 0.89688015
--
truck 324.66003 388.98743 146.25333 182.90384 0.44892594
car 805.7989 843.673 84.67616 101.92072 0.31937408
car 751.2574 781.8376 94.34841 111.60293 0.5806364
car 305.63867 334.44275 45.060898 67.08149 0.6756226
car 372.68747 400.47137 55.384697 77.0653 0.8601833
--
truck 323.56015 389.36392 146.39975 183.07048 0.47770005
car 805.79926 843.65796 84.68337 101.914474 0.31666338
car 304.52115 334.935 44.580585 67.36878 0.514933
car 751.1947 781.97 94.27895 111.58018 0.5815931
car 372.40454 398.52356 55.46154 76.34378 0.8503044
--
truck 323.5964 389.28967 146.418 183.16367 0.5139946
car 805.7931 843.6767 84.66478 101.9518 0.32119167
car 302.51266 334.69003 44.195915 67.50081 0.44796082
car 751.172 781.9339 94.26562 111.61522 0.58903587
car 371.15698 397.3737 54.987816 75.521164 0.786217
--
truck 324.86462 388.89236 146.19565 183.01013 0.50841933
car 302.40466 335.0772 44.12068 67.68118 0.46815082
car 751.47284 780.9505 94.45159 111.7126 0.5534711
car 371.48322 397.55356 54.734272 75.81113 0.7583546
--
truck 324.60352 388.84055 146.23482 183.0521 0.53169584
car 751.4943 780.85693 94.461655 111.71327 0.5494436
car 370.62857 394.9149 55.225445 74.35997 0.5819398
--
truck 324.75302 388.88605 146.33046 182.96884 0.53737813
car 368.1212 394.51303 54.681877 73.967674 0.5005005
car 751.523 780.7872 94.50601 111.73529 0.5419358
--
truck 324.6205 388.95468 146.30777 182.97844 0.5300826
car 160.56557 183.2271 -0.34104913 12.036224 0.3012636
car 362.3528 389.7599 52.81249 71.954506 0.3085756
car 751.5115 780.85114 94.48165 111.74206 0.54482454
--
truck 324.65027 388.895 146.32425 182.94391 0.5440525
car 161.09717 183.38762 0.037854463 12.389717 0.34625354
car 360.68472 389.81677 51.06904 71.234886 0.34946558
car 751.54395 780.74536 94.49671 111.72257 0.539834
--
truck 324.7001 388.837 146.31746 182.99875 0.57000536
car 360.99506 387.6622 50.707653 70.502525 0.38078037
car 751.52167 780.8155 94.48146 111.72515 0.5421263
car 161.25455 183.33702 0.1484634 12.640564 0.58683413
--
truck 324.80096 388.83194 146.32637 183.00072 0.56989354
car 360.97055 387.6559 50.77386 70.51536 0.36701602
car 751.5394 780.75366 94.49001 111.721535 0.5431838
car 161.23003 183.40274 0.17332524 12.670734 0.5890429
--
truck 324.83282 388.89624 146.27783 182.9996 0.5580684
car 161.97205 183.37932 0.46278164 12.533918 0.49749154
car 751.557 780.7366 94.47824 111.705734 0.544118
--
truck 324.93472 388.9187 146.29947 183.0229 0.5499993
car 355.83652 383.30246 46.79701 67.95677 0.4028309
car 162.3022 183.35962 0.43398634 12.90306 0.5132341
car 751.5631 780.72144 94.489914 111.70811 0.5466192
--
truck 325.2684 388.8039 146.18216 183.00531 0.55830735
car 354.11603 379.8879 46.73584 67.34263 0.34997934
car 163.76613 182.94685 0.942201 13.104837 0.40202326
car 751.5642 780.7653 94.45774 111.6913 0.55109566
--
truck 325.58282 388.7539 146.10928 182.97264 0.557905
car 352.47897 379.3587 46.813366 67.39424 0.4590849
car 163.91495 183.69106 0.9362912 13.694549 0.4627569
car 751.5558 780.7021 94.45261 111.649635 0.5522104
--
truck 325.462 388.84668 146.1349 182.93349 0.53121424
car 352.01312 377.28183 46.64035 66.17683 0.4251756
car 751.5585 780.72107 94.43872 111.65492 0.5523736
car 163.98335 185.14201 0.34234866 14.210519 0.5989335
--
truck 326.12073 388.5119 146.02296 183.08838 0.5359873
car 352.26285 377.32153 46.24555 66.0539 0.3973531
car 751.49915 780.6892 94.42849 111.5975 0.546532
car 164.26756 185.02135 0.39403707 14.318742 0.57317543
--
truck 326.089 388.4706 146.02695 183.0711 0.55190283
car 352.1103 376.5796 46.785004 65.09163 0.40217188
car 751.504 780.7234 94.41266 111.61529 0.54496413
car 164.10239 186.81746 0.32403857 14.55117 0.66671044
--
truck 325.89365 388.69568 146.07204 183.03748 0.5202763
car 807.15045 843.3828 84.94702 101.869286 0.30235505
car 751.5256 780.63617 94.43101 111.5958 0.5431945
car 164.45906 186.91759 0.25334984 14.576006 0.594572
--
truck 325.53796 388.71182 146.08624 183.0086 0.5448568
car 806.97784 843.4952 84.94402 101.827576 0.30931404
car 345.69452 371.06598 42.47522 62.358414 0.49434006
car 751.5032 780.6386 94.42873 111.61976 0.53845066
car 165.36821 187.05682 0.42534918 14.508885 0.5995909
--
truck 325.8013 388.57446 146.05887 182.96875 0.5469402
car 806.9612 843.45575 84.950935 101.82127 0.31061307
car 751.4953 780.69543 94.39459 111.60547 0.54159856
car 344.58823 369.64426 41.28922 61.098682 0.5819467
car 165.60423 187.74916 0.599252 14.976666 0.60473716
--
truck 325.91168 388.4717 146.11107 182.91364 0.55461013
car 806.89465 843.469 84.93056 101.82747 0.31567273
car 751.50916 780.69934 94.37444 111.59586 0.5391074
car 165.6032 188.7996 0.9252173 15.27013 0.6282675
car 342.79773 368.82224 40.7573 60.12304 0.7443684
--
truck 326.09726 388.40714 146.06122 182.92561 0.56342334
car 806.8899 843.4561 84.9547 101.801186 0.31306034
car 751.50653 780.6745 94.39137 111.60239 0.537824
car 165.60777 188.83482 0.9051324 15.257358 0.63269556
car 342.7807 368.84445 40.754566 60.115387 0.74464506
--
truck 326.05295 388.39062 146.05243 182.92392 0.57807606
car 806.84106 843.50836 84.93491 101.82971 0.3209518
car 751.493 780.73596 94.38811 111.61094 0.542463
car 165.44913 189.33601 0.8984998 15.571099 0.69996464
car 341.88596 367.77826 40.64053 59.92969 0.8114835
--
truck 326.00302 388.3768 146.00659 182.90186 0.57454
car 806.8708 843.49786 84.99755 101.79831 0.30564338
car 751.5041 780.64233 94.36412 111.61835 0.52755207
car 165.43105 189.60481 1.1507249 15.776893 0.6855983
car 339.96765 366.17197 40.06123 59.251263 0.7956473
--
truck 326.14792 388.36423 145.97952 182.89824 0.5886675
car 751.4644 780.62244 94.37095 111.614265 0.5190151
car 166.25941 189.96191 1.6141838 15.6621475 0.61082464
car 337.77808 365.24658 38.576622 58.40962 0.84449214
--
truck 326.38092 388.35364 146.04123 182.90002 0.5818842
car 751.45 780.80347 94.3648 111.6196 0.52810824
car 166.31041 190.01534 1.7081143 15.638789 0.5960246
car 335.24783 363.5877 37.244537 57.27303 0.70728993
--
truck 326.53192 388.31345 146.05276 182.8359 0.5972986
car 167.41487 189.65614 1.9691693 15.576862 0.46149114
car 751.4775 780.81305 94.345856 111.6065 0.5275324
car 333.37213 362.26456 36.45308 56.117363 0.62552565
--
truck 325.3176 388.4703 146.11739 182.95477 0.5892369
car 167.84294 189.21924 2.0218835 15.551995 0.40095448
car 751.3871 780.4691 94.5232 111.43893 0.5048859
car 333.13824 362.42242 36.21558 55.928795 0.64477783
--
truck 325.42282 388.4001 146.07826 182.92111 0.6073242
car 173.5225 193.12054 4.036226 19.423069 0.34201175
car 333.81857 360.52908 35.398636 54.80904 0.42016783
car 751.398 780.4641 94.5278 111.43635 0.5077307
--
truck 325.54138 388.39243 146.12537 182.97517 0.592643
car 173.9021 193.91072 4.0395184 19.740007 0.30306235
car 751.3756 780.44794 94.55665 111.45252 0.49711353
--
truck 325.3711 388.4522 146.13538 182.9362 0.6121018
car 276.21683 306.84473 26.679033 49.282936 0.3801036
car 174.06505 194.6234 3.9032917 20.003239 0.42556974
car 751.3924 780.39044 94.56591 111.44656 0.4977518
--
truck 325.23114 388.52167 146.18398 182.88696 0.60860246
car 275.2079 305.68558 26.385118 48.434322 0.3435896
car 751.39984 780.3787 94.56872 111.44468 0.4963988
car 174.14116 194.80798 4.2277684 20.373495 0.5056264
--
truck 325.4605 388.57782 146.12938 182.88675 0.5965527
car 274.57095 304.79703 26.372192 47.85113 0.38133338
car 328.51163 351.3059 30.252846 51.239464 0.42632428
car 751.4195 780.29315 94.58014 111.43477 0.4945933
car 173.75201 195.74998 4.0807567 21.204483 0.7564448
--
truck 325.30533 388.60318 146.1231 182.88036 0.59672374
car 274.53345 304.8232 26.365353 47.83554 0.37983066
car 328.48935 351.30588 30.208347 51.202732 0.42339084
car 751.4344 780.2831 94.60872 111.42989 0.48965308
car 173.83739 195.81122 4.0072722 21.265783 0.7621997
--
truck 325.2251 388.61212 146.13896 182.90405 0.58798337
car 326.5838 348.39944 29.509558 50.090153 0.4257081
car 751.4258 780.2792 94.60805 111.429504 0.48993263
car 174.21098 196.1736 4.0357876 21.851002 0.8290478
--
truck 325.44254 388.51865 146.13101 182.94182 0.58909404
car 751.419 780.33215 94.575165 111.40872 0.49251804
car 325.12628 347.32327 29.739004 49.444347 0.5571025
car 174.6657 196.27666 4.266018 22.130417 0.858677
--
truck 325.22647 388.56647 146.1356 182.92683 0.58174807
car 751.42444 780.2421 94.61592 111.41135 0.48469332
car 174.78526 196.90718 4.636443 23.230352 0.8463422
--
truck 325.32846 388.51077 146.12001 182.91966 0.5765007
car 751.4136 780.31744 94.58905 111.4133 0.4885964
car 174.79291 197.15959 4.8423305 23.74707 0.8612415
--
truck 325.26108 388.54483 146.16798 182.91629 0.5778278
car 751.4224 780.2854 94.59567 111.40972 0.4864529
car 175.59691 197.63812 5.4563026 24.055466 0.86188406
--
truck 325.1758 388.56882 146.16891 182.79955 0.5694246
car 751.44366 780.34674 94.459564 111.30511 0.49235898
car 175.53561 197.24225 5.3757296 24.087824 0.8638366
--
truck 325.5132 388.48212 146.18321 182.66629 0.583715
car 270.14502 300.3112 25.005606 45.423473 0.3647864
car 751.4274 780.402 94.45478 111.31234 0.49363828
car 175.9064 197.49068 5.406651 24.112137 0.88411075
--
truck 325.82068 388.38583 146.10713 182.71223 0.57532316
car 751.4469 780.35333 94.47069 111.30883 0.49170372
car 269.365 299.43262 24.661865 43.646034 0.5928224
car 176.29625 197.75645 5.844513 24.57808 0.8779617
--
truck 325.68002 388.47552 146.18819 182.71756 0.58355397
car 312.57547 338.72922 25.437136 44.335922 0.36778075
car 268.30704 298.7358 24.168077 42.36635 0.49049237
car 751.46265 780.44104 94.44768 111.33256 0.49122998
car 176.25209 198.46524 5.9641047 24.966122 0.90629464
--
truck 325.40274 388.44385 145.9512 182.8723 0.5801881
car 751.4523 780.5839 94.38577 111.49374 0.49891898
car 311.68958 338.46585 24.541637 43.37254 0.5410712
car 266.00162 297.72723 23.658567 41.451706 0.57344604
car 176.1696 199.03815 6.2384524 25.037539 0.8973241
--
truck 325.3567 388.51865 145.91397 182.84471 0.5770712
car 261.40085 293.697 19.64484 38.31557 0.46938038
car 751.4826 780.5273 94.436844 111.522934 0.49549115
car 310.5194 337.66946 23.229275 42.81982 0.5240888
car 176.16518 199.42827 6.4309306 25.305471 0.86135775
--
truck 325.16794 388.55176 145.92091 182.86595 0.58136463
car 261.32498 293.7487 19.598276 38.320934 0.46289593
car 751.46405 780.5813 94.41371 111.50837 0.4984265
car 310.51706 337.64447 23.20483 42.805862 0.522693
car 175.93835 199.51317 6.2832875 25.420992 0.86922467
--
truck 325.1172 388.6121 145.9518 182.86906 0.57720953
car 260.97345 293.6136 18.713425 37.602493 0.47193563
car 751.48175 780.52454 94.42997 111.50519 0.4956069
car 309.4134 335.6848 22.71648 42.1081 0.700855
car 176.12589 199.51321 5.9568033 25.477903 0.8944761
--
truck 324.7047 388.7032 145.92921 182.92043 0.5810465
car 751.47015 780.5561 94.42393 111.512764 0.49635053
car 260.5095 293.1217 18.214148 37.583427 0.55207783
car 307.31335 334.23187 22.116665 41.047195 0.71061003
car 176.73062 199.63795 5.8377066 25.803505 0.9190709
--
truck 324.54156 388.74152 145.96744 182.96133 0.56800115
car 751.47107 780.5502 94.42239 111.52004 0.49523163
car 259.63565 292.4356 17.51964 38.028103 0.5507994
car 304.78732 333.0502 20.712519 39.66814 0.64704007
car 176.81363 199.56633 6.2066927 25.793406 0.9318585
--
truck 324.37534 388.8773 145.99036 182.90805 0.5386047
car 258.80084 287.43738 15.738669 35.486637 0.32972655
car 751.4765 780.4809 94.43681 111.517075 0.49008328
car 304.41806 330.7292 20.080788 39.011772 0.5712528
car 176.53108 199.99721 6.631879 26.096237 0.92114514
