--
--
--
--
--
car -0.006134659 13.885855 225.72339 275.5251 0.7291264
--
car 1.6587728 30.401459 224.6766 275.90576 0.94385576
--
car 1.6744933 30.383106 224.48706 275.9952 0.94512135
--
car 0.29456913 45.674744 215.73482 274.02557 0.9573202
--
car 1.4620239 59.613327 214.18375 274.3024 0.9667669
--
car 1.5222824 59.398014 214.30095 274.41934 0.9654513
--
car -2.2026408 79.27231 207.28879 270.7551 0.9871924
--
car -1.0753369 87.011055 203.88458 269.2296 0.9912524
--
car -0.7230842 86.77079 204.56575 268.63837 0.9892031
--
car 14.59401 100.04803 198.3709 259.63306 0.9963667
--
car 25.930824 109.62603 195.66208 251.87457 0.9969388
--
car 26.081106 109.61718 195.54282 251.94852 0.9971067
--
car 36.88898 124.16944 192.5909 247.21036 0.99760795
--
car 48.262814 133.20232 187.97908 240.0166 0.9973549
--
car 48.31464 133.27031 188.09096 240.01732 0.99751115
--
car 63.255188 144.14998 183.9495 237.63849 0.9946
--
car 74.46724 155.76622 178.8748 232.32681 0.9941749
--
car 74.288925 155.91573 178.86873 232.2958 0.99427843
--
car 85.19065 167.06122 176.76143 227.23688 0.9929293
--
car 94.61726 174.31366 173.92155 225.23505 0.9951251
--
car 94.67076 173.9853 173.49481 225.87827 0.99430263
--
car 107.50886 183.01657 169.11774 219.59653 0.98924613
--
car 114.4314 192.08064 165.56065 216.42758 0.99552214
--
car 114.47051 192.00687 165.68953 216.44525 0.9958982
--
car 124.40177 202.14392 162.93275 211.21594 0.9920814
--
car 132.99219 210.67409 160.33232 209.56215 0.98198193
--
car 133.07445 210.45973 160.15025 209.55702 0.98266745
--
car 142.4552 216.52634 158.88162 204.84172 0.99409163
--
car 149.71864 224.1223 153.31245 202.22414 0.98445714
--
car 149.6157 224.11063 153.29716 202.2671 0.9842477
--
car 159.22739 229.54446 152.00336 198.97948 0.9923589
--
car 165.3653 237.38368 148.458 196.43486 0.992084
--
car 165.36995 237.5545 149.023 196.64703 0.9884261
--
car 171.11217 243.78241 145.93108 192.9991 0.9923932
--
car 179.95966 249.88252 144.48386 189.28755 0.99332756
--
car 180.06955 249.82004 144.54102 189.08131 0.99393976
--
car 184.42003 256.2654 143.43011 185.65807 0.99046713
--
car 191.44508 260.14355 142.2911 182.91306 0.99176955
--
car 191.54443 260.1256 142.17082 183.05865 0.9922979
--
car 198.51244 263.99106 139.34718 180.93388 0.98941064
--
car 469.29874 480.4626 98.35695 118.85147 0.30641633
car 204.15756 270.7054 138.58983 180.03665 0.9909237
--
car 469.2992 480.463 98.35725 118.8516 0.30611566
car 204.19386 270.60724 138.61519 180.00342 0.9902285
--
car 208.61061 275.12396 136.05254 178.7777 0.97959304
--
car 214.9278 278.5109 135.68565 176.8407 0.9831548
--
car 214.31088 278.74585 135.39732 176.95085 0.9857184
--
car 220.51654 282.75702 132.86032 173.06432 0.99438083
--
car 224.39812 286.47678 131.38136 173.02422 0.992729
--
car 224.49278 286.43686 131.41707 172.96542 0.99198735
--
car 229.63382 288.92844 129.64032 169.10342 0.9957274
--
car 469.30005 480.45697 98.37485 118.839005 0.30016336
car 232.11021 290.20312 129.07385 167.31291 0.9966982
--
car 469.29974 480.45712 98.37346 118.84106 0.30199248
car 232.12766 290.2174 129.03368 167.2037 0.9967033
--
car 469.30182 480.45435 98.35371 118.85268 0.3035219
car 237.06241 295.16766 128.42397 165.26552 0.9957668
--
car 241.26085 297.40375 127.2175 164.72252 0.9903792
--
car 241.25797 297.39673 127.21133 164.75859 0.9905053
--
car 245.00725 300.73993 126.01012 163.54253 0.98061556
--
car 248.77095 306.25537 125.60144 162.7856 0.9593221
--
car 248.60948 306.39047 125.72679 162.73012 0.9583776
--
car 249.0849 307.26883 125.49156 162.61131 0.97462475
--
car 251.96754 308.91888 125.78199 161.93636 0.9741332
--
car 252.05145 308.9157 125.78277 161.93346 0.97687954
--
car 255.44775 309.89575 123.07273 160.58902 0.98584
--
car 256.92133 310.79565 123.10032 159.85239 0.98350745
--
car 257.07843 310.6625 123.08697 159.88959 0.9813416
--
car 259.14816 312.937 122.19936 159.6942 0.9837455
--
car 260.78247 317.3643 124.522446 157.0223 0.9697711
--
car 260.75012 317.31506 124.59656 157.08156 0.96902454
--
car 262.95767 318.95288 124.36738 156.02414 0.96629244
--
car 266.42642 318.84235 123.66385 155.36569 0.9776317
--
car 467.93622 479.98535 86.97935 119.23847 0.3182469
car 266.4608 318.95767 123.41676 155.32137 0.96915734
--
car 467.89786 479.9876 87.07706 119.1351 0.34977472
car 268.37784 320.05106 118.24665 156.67966 0.9673946
--
car 467.87558 479.99106 87.11208 119.070435 0.37423941
car 269.80212 322.693 116.2131 155.03448 0.9770723
--
car 467.88943 479.96176 87.27428 119.03856 0.4335874
car 269.7658 322.7589 116.2635 155.0449 0.9772695
--
car 467.88846 479.9562 87.23157 119.02755 0.44437435
car 270.5226 323.19284 116.005936 154.68642 0.9687828
--
car 467.89597 479.94858 87.15891 118.99253 0.46456522
car 270.91162 324.13092 116.22946 154.98882 0.9728664
--
car 467.89227 479.9492 87.17723 118.98677 0.46546835
car 270.93402 324.0746 116.32589 154.92874 0.96950406
--
car 467.8819 479.9439 87.210205 118.970375 0.4665514
car 271.58557 324.2491 115.44069 155.3511 0.97258395
--
car 467.88068 479.94028 87.256714 118.94512 0.473927
car 271.49005 326.07922 115.23493 154.70139 0.971536
--
car 467.88016 479.94183 87.26572 118.94129 0.47446102
car 273.83206 324.58237 120.98717 150.57356 0.97071844
--
car 467.87463 479.93872 87.255165 118.94448 0.4774205
car 271.75714 326.7351 114.832275 154.251 0.9670164
--
car 467.84796 479.938 87.32359 118.90778 0.48018494
car 272.19714 327.1633 113.71884 153.35588 0.9625114
--
car 467.69125 479.9152 87.23893 119.00822 0.45346707
car 271.94754 327.25632 114.040565 153.38503 0.9690992
--
car 467.69965 479.9194 87.2213 119.01326 0.4535863
car 272.7316 327.15356 113.90847 153.6814 0.96871334
--
car 467.7166 479.9191 87.25249 119.00868 0.45189065
car 272.74673 327.65485 113.69869 153.06421 0.9646491
--
car 467.6971 479.9154 87.28229 118.98529 0.45517802
car 272.65723 327.74966 113.715935 152.9976 0.96494406
--
car 467.68997 479.9171 87.31157 118.97198 0.4543319
car 273.4912 327.97202 113.36497 152.99081 0.966922
--
car 467.69006 479.91998 87.31892 118.97143 0.4517197
car 273.71368 327.8225 113.22485 152.98984 0.95855856
--
car 467.69437 479.91913 87.31909 118.969025 0.45424786
car 273.68713 327.6906 113.26403 153.00371 0.95939106
--
car 467.69577 479.91827 87.3203 118.972984 0.45348573
car 273.92877 327.7161 113.195015 153.1816 0.95847136
--
car 467.6919 479.9188 87.32701 118.971245 0.4520981
car 273.9865 327.66504 113.16003 153.25667 0.95710915
--
car 467.6879 479.9194 87.32894 118.96854 0.45288116
car 273.86548 327.82642 113.26072 153.15744 0.95680606
--
car 467.68808 479.9181 87.32464 118.96801 0.45448712
car 273.67563 327.88968 113.15208 152.86859 0.96150523
--
car 467.69006 479.91583 87.29758 118.96069 0.46057233
car 273.50543 327.6686 113.21855 153.1895 0.96662664
--
car 467.78424 479.89905 87.123604 119.1011 0.46791652
car 272.97052 328.00784 113.391525 152.81482 0.95807046
--
car 467.78403 479.91025 87.22547 119.06172 0.4643049
car 272.85037 327.9498 113.401955 152.85326 0.9613537
--
car 467.79846 479.91293 87.26421 119.048195 0.4655716
car 273.07288 327.8636 113.40791 152.99619 0.9621114
--
car 467.86768 479.93317 87.36951 119.10006 0.46142474
car 273.27536 327.75775 113.23065 153.07503 0.9601869
--
car 467.86154 479.93408 87.38928 119.105484 0.45820364
car 273.3696 327.22647 113.12785 153.11603 0.94365555
--
car 467.8578 479.93744 87.339005 119.10337 0.45721856
car 272.78262 326.91644 113.43098 153.04701 0.9465503
--
car 467.8819 479.94553 87.378265 119.07242 0.46483752
car 272.68042 327.01834 113.574265 153.02002 0.9482684
--
car 467.87875 479.94022 87.346855 119.0608 0.47105283
car 272.95087 326.9146 113.422424 153.21268 0.94628304
--
car 467.87668 479.94138 87.37018 119.05769 0.47045127
car 272.3664 326.76486 113.57849 153.00291 0.9447172
--
car 467.8941 479.95084 87.32004 119.12817 0.46528018
car 272.06842 326.86133 113.65724 152.90236 0.9478972
--
car 467.8633 479.94107 87.21859 119.16979 0.4638347
car 272.07068 326.85873 113.71327 152.87642 0.947735
--
car 467.8616 479.9386 87.19197 119.18508 0.46579915
car 271.92313 326.79028 113.86003 153.13104 0.944959
--
car 468.28058 480.0639 87.177155 119.143036 0.45164174
car 272.30835 326.9992 113.834366 152.96448 0.94691384
--
car 468.28098 480.06717 87.18622 119.1473 0.4516431
car 272.5207 326.85242 113.76922 153.169 0.9414471
--
car 468.28204 480.06534 87.17031 119.14654 0.45185316
car 272.39896 326.99628 113.93266 153.17914 0.93863255
--
car 468.28073 480.06494 87.16704 119.15096 0.45137873
car 272.46292 327.02753 113.962326 153.26834 0.9395459
--
car 468.28397 480.06488 87.1488 119.15268 0.451897
car 272.37982 326.78058 113.971085 153.16953 0.9452634
--
car 468.28558 480.06226 87.05022 119.18668 0.45496303
car 271.76013 326.74643 114.305214 153.23325 0.9420016
--
car 468.2757 480.05682 87.073845 119.17751 0.45901912
car 271.95184 326.78625 114.13081 153.28598 0.947302
--
car 468.28345 480.0575 87.06289 119.18121 0.45947662
car 271.9197 326.7483 114.0876 153.28528 0.9465326
--
car 468.2823 480.0575 87.0682 119.17887 0.4588875
car 272.00443 326.78513 114.12222 153.3765 0.9482684
--
car 468.30066 480.0642 87.144135 119.181145 0.45578334
car 271.9976 326.73538 114.1202 153.4019 0.94638926
--
car 468.29807 480.062 87.129906 119.18368 0.45569655
car 271.82047 326.7718 114.2417 153.45744 0.9459613
--
car 468.29495 480.0633 87.146904 119.180504 0.45412922
car 271.93268 326.65582 114.259056 153.69394 0.9427041
--
car 468.2823 480.09692 87.45923 119.15412 0.43109414
car 271.31662 327.05472 114.6814 153.68266 0.95902675
--
car 468.2822 480.09967 87.48978 119.15496 0.4277133
car 271.4292 326.90872 114.54353 153.68834 0.95266324
--
car 468.27948 480.09952 87.49462 119.154045 0.4277797
car 271.37302 326.91827 114.565544 153.6711 0.9527054
--
car 468.2798 480.09998 87.501045 119.161385 0.42497438
car 271.22415 327.01517 114.52262 153.51984 0.95002544
--
car 468.2808 480.0992 87.49646 119.163895 0.42430496
car 271.0835 326.95694 114.55733 153.45964 0.94692487
--
car 468.28146 480.0983 87.486145 119.16374 0.42495826
car 271.18896 326.84622 114.482735 153.52818 0.947266
--
car 468.276 480.099 87.5131 119.15883 0.4231157
car 271.05362 326.76233 114.40438 153.4148 0.9483726
--
car 468.27655 480.0963 87.509155 119.161514 0.4235798
car 270.8769 326.80875 114.51866 153.29716 0.94948775
--
car 468.27875 480.0952 87.48537 119.16853 0.42081422
car 270.86783 326.95242 114.71898 153.47484 0.94493586
--
car 468.28018 480.09692 87.46868 119.16979 0.4210806
car 270.93256 326.97598 114.67329 153.57898 0.9453694
--
car 468.28308 480.0971 87.43981 119.19059 0.41500214
car 271.03366 326.77863 114.72725 153.63628 0.935748
--
car 468.259 480.08777 87.52053 119.15922 0.4168978
car 271.01733 326.68146 114.84379 153.72865 0.9258723
--
car 468.1857 480.00378 87.37155 119.22789 0.47780174
car 271.57043 326.53006 114.74377 154.20811 0.93149483
--
car 468.18213 480.00223 87.39029 119.223625 0.478101
car 271.4615 326.62558 114.83649 154.1969 0.9284998
--
car 468.1804 480.0011 87.39434 119.23943 0.47334203
car 271.44778 326.6945 114.63426 153.98021 0.92239606
--
car 468.1758 479.99933 87.40137 119.23683 0.474233
car 271.41293 326.6911 114.66288 154.01384 0.92190975
--
car 468.17545 479.99875 87.40885 119.236916 0.47408226
car 271.21994 326.77786 114.68788 153.91351 0.92624533
--
car 468.17783 480.00485 87.41863 119.22519 0.4732917
car 271.1835 326.63962 114.77349 153.93831 0.90940595
--
car 468.1751 480.0023 87.39876 119.232445 0.4740184
car 271.07416 326.74228 114.885956 153.97876 0.90990573
--
car 468.17627 480.0024 87.394806 119.23069 0.47542068
car 271.13303 326.59308 114.86154 154.08453 0.9089795
--
car 468.177 480.0027 87.40923 119.23311 0.47339
car 271.05414 326.59415 114.83822 154.04854 0.9115822
--
car 468.17514 480.00208 87.418045 119.226295 0.47486693
car 271.06592 326.60983 114.815025 154.0454 0.91056365
--
car 468.1743 480.00208 87.41692 119.223076 0.4740268
car 271.06042 326.62778 114.79889 154.03188 0.91521716
--
car 468.17322 480.00177 87.42625 119.21585 0.475511
car 271.08704 326.70328 114.8473 154.11678 0.92309797
--
car 468.22394 479.9993 87.730515 119.168785 0.46893552
car 271.41602 326.20667 114.52164 153.91269 0.93600255
--
car 468.23514 480.00647 87.727776 119.179924 0.46872038
car 271.38586 326.17633 114.64964 154.10805 0.93532366
--
car 468.2779 480.01672 87.784424 119.14168 0.48819444
car 271.3928 326.09064 114.704865 154.10834 0.93128765
--
car 468.2822 480.01642 87.778 119.13872 0.48827767
car 271.41956 326.13776 114.74357 154.2153 0.9344148
--
car 468.271 480.0115 87.81135 119.108826 0.49357244
car 271.39325 326.08212 114.766556 154.24498 0.9328531
--
car 468.27255 480.01166 87.80685 119.112366 0.4926619
car 271.3942 326.07858 114.76727 154.24216 0.93282354
--
car 468.274 480.01035 87.81329 119.09727 0.4933437
car 271.39514 326.07977 114.76899 154.25398 0.9330956
--
car 468.27982 480.01007 87.839516 119.0797 0.48940223
car 271.38968 326.08856 114.77193 154.24956 0.9331141
--
car 468.2844 480.01126 87.834175 119.087654 0.48903194
car 271.3928 326.0835 114.77935 154.2514 0.93331385
--
car 468.28915 480.01523 87.82342 119.08879 0.4872012
car 271.38278 326.10678 114.803925 154.26788 0.93298036
--
car 468.29224 480.0182 87.82671 119.08404 0.48842704
car 271.39114 326.07684 114.77519 154.2411 0.93213433
--
car 468.27753 480.0013 87.80244 119.10366 0.4891583
car 271.4096 326.2174 114.85813 154.26906 0.9375998
--
car 468.0448 479.9548 87.62079 119.118515 0.4963629
car 271.6594 326.3405 114.70912 154.52104 0.9338825
--
car 468.04413 479.95303 87.60673 119.12533 0.49630737
car 271.66766 326.2969 114.7195 154.54156 0.93155515
--
car 468.03568 479.95007 87.57286 119.162025 0.4957203
car 271.64984 326.45404 114.742195 154.46799 0.93199676
--
car 468.03598 479.94934 87.58114 119.16231 0.49557108
car 271.63602 326.43 114.73558 154.43425 0.9332455
--
car 468.00922 479.92926 87.55126 119.16609 0.5078834
car 271.64337 326.43152 114.75568 154.45023 0.933856
--
car 467.9923 479.92816 87.5598 119.15122 0.50619435
car 271.59866 326.44006 114.78627 154.42337 0.9335532
--
car 468.04773 479.93878 87.468124 119.22625 0.4995229
car 271.58905 326.4294 114.81518 154.41273 0.93441266
--
car 468.00293 479.9214 87.5524 119.20317 0.5138989
car 271.52728 326.44965 114.79944 154.32591 0.9333984
--
car 467.9902 479.9228 87.58999 119.150604 0.51692384
car 271.52362 326.432 114.85213 154.4299 0.93178445
--
car 468.00662 479.9285 87.541855 119.17184 0.5151899
car 271.47256 326.45193 114.87463 154.37915 0.9315585
--
car 468.00958 479.93015 87.546844 119.174484 0.51360893
car 0.4836005 27.344662 224.88464 276.40906 0.6044761
car 271.4749 326.47864 114.92729 154.44147 0.93211
--
car 468.01147 479.93384 87.59272 119.14955 0.51328975
car 1.6496515 45.969353 218.09773 277.54248 0.82315576
car 271.4996 326.5418 114.93196 154.52516 0.93428224
--
car 468.01123 479.98233 86.73436 119.46726 0.49050003
car 1.5969229 46.171906 217.15942 276.61572 0.811346
car 271.2562 325.94843 114.570786 154.2522 0.9477557
--
car 468.01135 479.98215 86.71004 119.47354 0.49228033
car 0.44985652 65.12483 212.81125 274.2195 0.9216827
car 271.24835 325.94406 114.606636 154.27524 0.9459319
--
car 468.01346 479.98175 86.70974 119.47634 0.49065477
car 0.7833338 85.05793 206.39783 271.24136 0.8476906
car 271.15833 325.9148 114.7495 154.4278 0.9470552
--
car 468.01318 479.98157 86.710976 119.477394 0.49025828
car 0.6313884 85.058655 206.5845 271.03134 0.8576459
car 271.1306 325.92566 114.70239 154.37311 0.9474762
--
car 468.0134 479.9815 86.710304 119.48123 0.48929015
car 271.09735 325.85703 114.701035 154.27032 0.9503815
car 14.296854 101.32341 204.17648 260.79514 0.95207113
--
car 468.0194 479.98102 86.73983 119.484406 0.48461416
car 271.19934 325.88104 114.76622 154.27626 0.95094645
car 31.225616 120.024864 198.56479 252.58174 0.9876466
--
car 468.02005 479.98117 86.738144 119.48408 0.48484915
car 271.22314 325.86432 114.730995 154.2724 0.9508523
car 31.224648 120.11903 198.57797 252.54346 0.9882029
--
car 468.0114 479.9792 86.73023 119.4964 0.48536116
car 271.21017 325.8876 114.76588 154.26007 0.9543421
car 44.445984 132.82483 194.2297 243.03827 0.99045104
--
car 468.01797 479.97684 86.71844 119.51529 0.48381484
car 271.18677 325.84628 114.69716 154.28 0.9554438
car 66.63568 146.26305 187.366 238.239 0.9886571
--
car 468.07 479.98566 86.64551 119.58602 0.47896716
car 271.36987 325.5384 114.665184 154.38217 0.9493789
car 66.78316 146.23059 187.33769 238.08054 0.98827827
--
car 468.06912 479.98456 86.65234 119.589096 0.47922644
car 271.3248 325.62976 114.70432 154.44312 0.9567994
car 80.61941 161.1755 180.81091 230.61893 0.99140495
--
car 468.0411 479.98044 86.618805 119.58204 0.48452276
car 271.3554 325.49805 114.65749 154.43309 0.95966417
car 93.13911 174.97813 177.8141 224.78589 0.9864307
--
car 468.0773 479.97964 86.73674 119.31936 0.4758137
car 271.8885 325.9555 114.25358 154.19298 0.9564878
car 93.482285 174.40512 177.96928 224.72702 0.9914188
--
car 468.07367 479.9781 86.7106 119.33733 0.4756846
car 107.8941 190.78113 171.69905 218.23195 0.92422473
car 272.0159 325.84915 114.25041 154.11595 0.9592364
--
car 468.0665 479.9766 86.70823 119.337135 0.47700593
car 122.03193 197.8466 164.98933 213.28925 0.95213217
car 271.9549 325.90833 114.333664 154.21535 0.9593185
--
car 468.08316 479.97928 86.71141 119.34297 0.47485757
car 122.0832 197.86217 165.1343 213.02824 0.95000845
car 271.94052 325.93375 114.34879 154.23448 0.95964384
--
car 468.0711 479.9772 86.72298 119.337616 0.47573325
car 271.88623 326.0634 114.39456 154.22021 0.96118796
car 136.82239 209.05206 161.09743 208.08054 0.9800852
--
car 468.0557 479.97495 86.7248 119.34942 0.4754912
car 148.79181 218.12947 156.46715 200.23221 0.84124684
car 271.93097 326.0907 114.37428 154.19801 0.9573677
--
car 468.05765 479.97543 86.72542 119.351105 0.47465575
car 148.72739 218.22195 156.40298 200.23508 0.84306556
car 271.9189 326.08347 114.37798 154.19136 0.957607
--
car 468.05743 479.97458 86.73573 119.354485 0.4725281
car 159.27628 229.28299 151.81905 199.2593 0.6955313
car 271.87646 325.95825 114.48069 154.15652 0.95943516
--
car 468.0613 479.9748 86.76016 119.34506 0.4751277
car 168.92418 235.1686 148.14848 193.21808 0.67255175
car 271.83035 326.005 114.49774 154.29391 0.9642631
--
car 468.0608 479.9746 86.76217 119.3435 0.47530764
car 168.92383 235.14319 148.13156 193.3252 0.6710944
car 271.83807 325.99402 114.49642 154.30473 0.96404165
--
car 468.06567 479.97543 86.757545 119.34369 0.47815052
car 181.83783 244.28653 143.65569 188.3429 0.71575433
car 272.09528 325.89886 114.32305 154.3383 0.96865904
--
car 468.06302 479.97736 86.80931 119.33862 0.47575444
car 193.90302 251.62782 136.50186 183.39948 0.8969833
car 272.06348 325.67395 114.246506 154.45984 0.96947134
--
car 468.06546 479.96442 86.78841 119.52282 0.43426567
car 194.3898 251.40735 136.77751 183.21309 0.87506914
car 272.10672 325.72583 114.38233 154.30925 0.97067463
--
car 468.06296 479.96756 86.78824 119.50692 0.4409554
car 202.14496 257.391 136.70244 180.60399 0.8870783
car 271.85687 326.06204 114.32368 154.32613 0.96830076
--
car 468.05685 479.96896 86.815475 119.48364 0.4509574
car 212.44794 263.42288 133.49805 176.80939 0.55150676
car 272.05774 326.15247 114.30843 154.31525 0.96329117
--
car 468.05862 479.96805 86.799515 119.493385 0.44995078
car 212.45523 263.3641 133.53041 176.97935 0.5499379
car 272.0679 326.13806 114.29608 154.3138 0.9634821
--
car 468.06924 479.9707 86.770004 119.51239 0.43975767
car 222.78598 267.58102 131.4616 168.80647 0.9000541
car 271.99582 326.09897 114.48506 154.44162 0.9650391
--
car 468.0819 479.96738 86.791145 119.54995 0.42823455
car 233.20985 271.74567 128.61003 168.6367 0.90844053
car 274.91257 325.25858 119.78031 151.38028 0.96889055
--
car 468.08472 479.96857 86.780655 119.55347 0.42810598
car 233.2248 271.6909 128.46402 168.57564 0.90114737
car 274.8973 325.237 119.72446 151.37616 0.9686656
--
car 468.10046 479.97748 86.6945 119.55784 0.43071684
car 241.3706 277.65524 126.01254 164.20273 0.5329201
car 273.865 325.07513 119.43671 151.99722 0.93948287
--
car 468.09872 479.97025 86.63268 119.52393 0.44804415
car 250.49632 326.30286 115.34963 157.9557 0.8845325
--
car 468.0965 479.96933 86.6404 119.523346 0.44806165
car 250.33597 326.2935 115.43309 157.90465 0.87982243
--
car 468.12936 479.97617 86.556946 119.59524 0.42956385
car 256.67288 326.56564 115.74197 157.10483 0.6739638
--
car 468.114 479.98087 86.61019 119.54591 0.43382043
car 257.14093 327.99222 113.621796 153.62497 0.89516604
--
car 468.14215 479.986 86.60649 119.492516 0.4417255
car 257.21155 327.83612 113.12215 154.39447 0.9039721
--
car 468.13898 479.98938 86.62772 119.55038 0.4272721
car 262.41736 331.459 110.509865 153.27672 0.51939553
--
car 468.14886 479.9906 86.687164 119.53017 0.43723917
car 261.9956 332.93204 109.39559 152.3123 0.50613177
--
car 468.1197 479.9999 86.75871 119.441795 0.44685367
car 262.13846 332.9324 109.429855 152.18343 0.50978935
--
bus 261.32986 333.79233 108.767975 151.37459 0.3212662
car 468.09344 480.0034 86.52963 119.34605 0.48127595
car 261.32986 333.79233 108.767975 151.37459 0.6422998
--
car 468.02734 479.98087 86.798454 119.24522 0.50268877
car 263.32608 333.56198 107.73447 147.27826 0.7465602
--
car 468.02927 479.98257 86.79674 119.247856 0.50153536
car 263.1106 333.63583 107.73424 147.20795 0.7543637
--
car 468.0162 479.9675 86.6517 119.30963 0.5068354
car 264.45303 335.10913 103.38455 144.10214 0.7073922
--
car 265.2804 299.67792 109.38733 144.44174 0.6676757
car 468.06128 479.97644 86.82801 119.469894 0.43315464
car 293.9052 339.21603 112.7558 143.10579 0.7165853
--
car 265.30438 299.7079 109.52178 144.68297 0.6951243
car 468.05756 479.97348 86.84272 119.46203 0.43568447
car 294.20898 339.17767 113.02219 143.22292 0.7554061
--
car 267.08478 291.30072 107.10612 139.59613 0.33321363
car 467.9809 479.95578 86.89841 119.2268 0.5054166
car 292.65292 340.0374 111.21371 142.17036 0.8842616
--
car 267.90796 292.04538 106.478386 140.34914 0.39048526
car 467.9757 479.96066 86.97759 119.20309 0.50260043
car 291.85388 343.67065 107.78505 140.26793 0.7064844
--
car 266.44202 291.9367 108.37836 145.0411 0.6400894
car 468.03345 479.97675 87.08525 119.1828 0.4924813
car 291.95938 343.9587 107.719315 140.37518 0.69042933
--
car 268.58575 297.0059 106.88902 139.92308 0.30129597
car 468.02206 479.97232 87.09723 119.20606 0.48933968
car 291.81387 344.70984 107.64903 140.34561 0.7860151
--
car 268.44446 294.25662 105.37883 140.56004 0.3887667
car 468.01495 479.9745 87.13568 119.231636 0.48987806
car 291.90424 346.35995 108.72525 139.02792 0.84262514
--
car 268.6905 297.83246 106.35431 140.31807 0.5141588
car 468.18826 479.95135 86.774345 119.39109 0.5608656
car 291.64944 347.1646 108.23194 139.47513 0.8654264
--
car 468.24924 479.94315 86.69748 119.355804 0.57006335
car 269.2914 298.22653 105.875305 140.40045 0.7001425
car 292.66534 346.9815 108.041824 139.36252 0.94846636
--
car 468.21808 479.90192 86.46583 119.45217 0.60428685
car 268.73257 298.81924 104.97386 140.79596 0.7282497
car 283.81372 351.24026 104.690865 140.9558 0.91539687
--
car 468.24103 479.90112 86.362946 119.52097 0.57990766
car 268.69604 298.93323 105.084114 140.88326 0.7225137
car 284.0111 351.28574 104.58799 140.97533 0.90391207
--
car 468.24103 479.90222 86.34674 119.53679 0.57594836
car 269.19812 299.26364 104.109055 140.7724 0.6784436
car 282.1811 353.15118 104.26846 140.14433 0.863781
--
car 468.25357 479.88748 86.16308 119.58171 0.582471
car 268.85168 300.37555 103.49206 139.32886 0.67953825
car 299.10104 351.8572 108.37901 137.49489 0.9675992
--
car 468.2422 479.88644 86.1557 119.58233 0.5817799
car 268.88773 300.3057 103.49914 139.31981 0.66134155
car 299.0251 351.86508 108.37936 137.53662 0.9687273
--
car 468.2631 479.90796 86.34239 119.542496 0.58648646
car 268.9476 300.68378 102.75814 138.25684 0.73633
car 300.76553 353.1685 108.03854 137.06375 0.98037905
--
car 468.2245 479.88412 86.28117 119.54252 0.5876358
car 269.67337 305.32245 102.57234 137.30006 0.7080876
car 301.35474 354.37573 108.33444 137.04587 0.9851612
--
car 467.89697 479.78607 87.14866 118.84637 0.5486307
car 269.7758 304.97083 102.05931 137.28813 0.6789141
car 301.4672 355.05176 108.2938 136.6698 0.99092424
--
car 467.90237 479.77246 87.07489 118.840485 0.5661618
car 270.10193 304.46518 101.53045 136.54729 0.6711592
car 303.27188 355.40427 107.66062 136.16632 0.99054295
--
car 467.91504 479.76904 87.04293 118.89781 0.56273115
car 269.61 305.63074 101.828415 135.16513 0.7892685
car 305.98947 354.945 107.42303 136.00299 0.98002625
--
car 467.91345 479.77036 87.06089 118.89017 0.5622615
car 269.7048 305.55994 101.71212 135.31546 0.7288679
car 305.89673 355.0161 107.46168 136.02486 0.97931576
--
car 467.92703 479.77774 87.24082 118.83922 0.5597451
car 269.97937 305.69244 101.17243 135.12898 0.72027224
car 309.27573 359.1611 107.14676 134.59567 0.9875967
--
car 467.9095 479.7681 87.284515 118.80922 0.56473875
car 270.48895 305.32236 100.91997 135.20364 0.7151499
car 310.7072 359.14124 105.380615 132.95593 0.98364615
--
car 467.92343 479.7782 87.355286 118.8052 0.5584708
car 270.4742 305.3144 100.4489 135.09348 0.6422564
car 311.05142 359.0979 105.41047 133.05464 0.9775779
--
car 467.92526 479.76944 87.37697 118.799225 0.5627427
car 271.66455 305.83087 99.43044 128.8273 0.5861462
car 312.9233 359.41406 105.45364 132.37822 0.98386663
--
car 467.936 479.77225 87.3797 118.825935 0.55628306
car 270.86737 305.83618 100.14249 134.46304 0.79956526
car 314.03613 360.80417 104.99798 132.4108 0.9792194
--
car 467.97247 479.78854 87.43091 118.81928 0.5503627
car 270.86273 305.8431 100.12818 134.44972 0.804028
car 313.99136 360.7881 104.99274 132.39441 0.97847503
--
car 467.9564 479.80627 87.57096 118.823685 0.5365904
car 271.76038 306.70892 99.22081 129.57469 0.7410752
car 315.75137 361.5305 104.54464 132.1096 0.9846002
--
car 467.95364 479.82642 87.678955 118.8191 0.5214289
car 271.77786 306.55835 99.014145 129.93648 0.72483844
car 317.70633 361.66602 103.54837 132.31236 0.98211956
--
car 467.88333 479.7571 87.21579 119.01585 0.5363908
car 271.53192 306.82538 98.84909 130.20502 0.7124811
car 317.83118 361.54074 103.38273 132.48567 0.98405415
--
car 467.88123 479.7617 87.30026 119.027275 0.520235
car 271.50354 307.0732 98.746124 130.25012 0.7325141
car 317.83405 362.40833 101.941216 133.12207 0.9633969
--
car 467.93213 479.76834 87.33545 119.0135 0.5184918
car 271.36548 307.01926 98.21621 130.81938 0.7387576
car 321.26065 363.75287 101.78812 131.87387 0.9419717
--
car 467.9326 479.76584 87.30168 119.02992 0.5198663
car 271.35953 306.95197 98.24925 130.78897 0.7514214
car 321.35873 363.69077 101.86994 131.87833 0.9442813
--
car 468.1083 479.81857 87.15822 119.160805 0.5309485
car 271.3098 307.29993 98.23151 130.8121 0.78738314
car 320.7003 365.2269 98.43341 130.69075 0.9640232
--
car 476.2063 480.4537 32.10579 44.927124 0.3556569
car 468.20734 479.83508 87.11126 119.20578 0.52524984
car 271.2558 307.28598 98.25155 130.7116 0.8002542
car 321.05167 365.7018 98.83494 130.3025 0.9782676
--
car 476.2062 480.45422 32.100582 44.929543 0.35732585
car 468.2046 479.83185 87.10601 119.20279 0.5282997
car 271.25592 307.31793 98.17718 130.76588 0.8258042
car 321.083 365.62805 98.854935 130.27614 0.98006135
--
car 475.8323 480.49426 31.643112 44.992268 0.45520377
car 468.2065 479.8432 87.06713 119.22725 0.5246357
car 271.47598 307.1615 97.927376 130.92303 0.8124908
car 322.12997 366.02774 98.788666 130.25488 0.9828667
--
car 468.1602 479.8391 87.18549 119.22047 0.51321816
car 474.43448 480.4902 32.034946 45.027954 0.6040296
car 271.30603 306.8084 98.10337 130.78185 0.8040695
car 323.83783 367.22168 98.16424 130.0241 0.9800885
--
car 468.1414 479.8298 87.05779 119.241585 0.5242619
car 474.31268 480.49622 32.02991 44.817024 0.6155504
car 271.32983 306.96857 98.10006 130.78357 0.81753975
car 323.693 367.23254 98.09274 130.00237 0.9809349
--
car 468.10632 479.80792 87.06461 119.173805 0.54494554
car 472.68045 480.26172 32.06155 44.606 0.77407676
car 271.48962 307.34143 98.428116 130.56404 0.8343092
car 325.87616 367.5904 98.528564 129.51799 0.989325
--
car 468.02496 479.78604 86.96236 119.242165 0.5374963
car 271.4676 307.19122 98.157845 130.79868 0.7967706
car 472.16702 479.9314 31.461931 44.894867 0.85159475
car 326.4116 367.6812 97.72415 129.51077 0.98688173
--
car 468.16043 479.83963 86.634186 119.4433 0.5560116
car 271.9809 307.04056 98.370125 130.59508 0.80316603
car 472.28625 480.06964 31.22117 44.738018 0.83343965
car 326.5864 368.03415 98.14404 129.35883 0.99142015
--
car 468.13727 479.84152 86.76978 119.388725 0.5511606
car 272.01755 307.06918 98.508835 130.38013 0.7875855
car 471.69308 479.98877 31.165215 45.413372 0.8743452
car 328.1871 368.86023 97.89305 129.66362 0.99250156
--
car 468.00696 479.7661 86.587265 119.40439 0.561748
car 271.98367 306.80276 98.62529 130.13817 0.82362115
car 471.46173 480.0471 32.50273 45.89701 0.85616493
car 329.49896 368.6145 97.964516 129.41115 0.98968095
--
car 468.02252 479.76624 86.611305 119.38379 0.56525457
car 271.8179 306.87927 98.62492 130.16463 0.83084357
car 471.4342 480.04904 32.46759 45.931778 0.8518122
car 329.46823 368.60483 98.00797 129.40813 0.9893767
--
car 467.97934 479.78442 86.623215 119.388115 0.55642784
car 271.7202 307.1925 98.62496 130.22667 0.8145982
car 470.66052 480.29263 32.822254 46.554394 0.8499778
car 330.9465 368.28955 98.51961 128.2406 0.98885244
--
car 468.0593 479.7723 86.5127 119.44675 0.5627185
car 271.70792 307.18225 98.5563 130.30286 0.8155515
car 470.63126 480.47168 32.93842 46.799263 0.85437053
car 331.4193 368.59888 98.557556 127.78874 0.9882527
--
car 468.05353 479.77295 86.52111 119.451385 0.5619185
car 271.64447 307.0542 98.58011 130.40866 0.8238769
car 470.63205 480.477 33.081467 46.748875 0.84031874
car 331.58972 368.48965 98.527794 127.943344 0.9885673
--
car 467.9971 479.71652 86.32278 119.427956 0.5825111
car 271.73557 307.22293 98.34543 130.66045 0.8215408
car 469.44397 480.6236 32.899826 47.2157 0.91772115
car 333.77563 369.82687 98.137856 126.829185 0.98582256
--
car 467.95642 479.73398 86.483406 119.447075 0.53729516
car 271.7402 307.17706 98.33743 130.6167 0.81631887
car 468.3592 480.42154 33.07404 47.39723 0.9310653
car 334.74872 369.82675 96.996185 125.06394 0.979831
--
car 467.9529 479.7329 86.48419 119.45573 0.53558546
car 271.6671 307.0677 98.47331 130.43248 0.83149624
car 468.35715 480.39532 33.131447 47.370975 0.93051845
car 334.71893 369.86295 97.05005 125.30731 0.980515
--
car 467.91965 479.75735 86.61886 119.40887 0.5274572
car 271.75992 307.12476 98.54316 130.42477 0.82121027
car 467.63516 480.33246 32.393806 47.86033 0.9248407
car 335.49945 370.02274 96.34514 124.730034 0.9790978
--
car 467.8988 479.76047 86.73192 119.38531 0.50541633
car 271.7305 306.97244 98.60814 130.3468 0.79976445
car 466.8443 480.64008 32.469234 47.98263 0.92799747
car 335.82956 370.19778 96.215324 124.33931 0.9754893
--
car 467.733 479.7408 87.13959 119.17435 0.5474625
car 271.72882 307.01218 98.27539 130.55667 0.76061845
car 466.36676 480.71353 32.44173 48.287025 0.94408244
car 335.83884 370.1736 96.76526 124.39757 0.97545415
--
car 467.7524 479.72385 87.1041 119.22888 0.5480525
car 271.83014 307.15817 98.075806 130.77539 0.75455284
car 465.69876 480.56226 32.46371 48.44931 0.9360205
car 336.56744 370.58707 96.457405 123.901085 0.9731104
--
car 467.757 479.70972 86.99868 119.30323 0.5434525
car 271.78662 307.16797 98.10768 130.75279 0.75046134
car 465.34824 480.0674 31.91032 48.90335 0.9322796
car 336.9733 370.4505 96.12039 124.06532 0.96268374
--
car 467.71973 479.70038 86.96507 119.26338 0.5433397
car 271.80283 307.1399 98.0904 130.78484 0.7290037
car 465.35583 480.04297 31.867035 48.926067 0.932395
car 336.8596 370.47873 96.11685 124.04296 0.9531183
--
car 467.70773 479.6678 87.11836 119.27174 0.5487
car 271.80295 307.10403 98.0779 130.82945 0.7398308
car 465.11615 479.34207 32.03502 49.115253 0.8829557
car 337.05807 370.61606 95.841484 123.83791 0.9350381
--
car 467.76624 479.6609 86.99613 119.31945 0.5520861
car 465.43167 478.69458 32.396133 48.520317 0.717604
car 271.7866 307.126 98.098595 130.79146 0.75324374
car 336.90274 370.54562 95.94978 123.753044 0.9507246
--
car 467.7556 479.66296 87.044235 119.29119 0.55530155
car 465.40308 478.664 32.406216 48.5575 0.69776005
car 271.7754 307.26276 98.055115 130.80345 0.7607615
car 336.83188 370.50964 96.114746 123.77144 0.95766866
--
car 467.765 479.65778 86.97785 119.295944 0.55624497
car 271.83582 307.17706 98.05609 130.83296 0.75809133
car 461.87344 477.68375 35.00437 49.598953 0.8425255
car 336.68036 370.4927 96.232475 123.75016 0.95893633
--
car 467.7577 479.66824 87.07208 119.2679 0.5526231
car 271.881 307.32678 98.108284 130.78624 0.7418507
car 461.38394 477.56104 34.945095 49.88558 0.8866318
car 336.68448 370.4332 96.14844 123.87244 0.9468454
--
car 467.76648 479.67014 87.05452 119.28057 0.5515958
car 271.84793 307.41193 98.114784 130.76634 0.7597884
car 461.35205 477.56577 35.007 49.8507 0.8843666
car 336.72437 370.4151 96.15301 123.94844 0.947993
--
car 467.74594 479.66833 87.3186 119.144714 0.55490583
car 271.75394 307.3457 98.16936 130.67867 0.7788559
car 460.35104 477.47723 35.137436 49.976658 0.891096
car 336.6886 370.30243 96.20143 123.83309 0.95297074
--
car 467.79822 479.69772 87.34807 119.137566 0.5498192
car 271.78952 307.38806 98.31887 130.4791 0.7801188
car 459.76706 477.1761 35.247158 49.982944 0.92645144
car 336.3631 370.3736 95.96647 123.94821 0.9625194
--
car 467.43707 479.62384 87.10038 119.16947 0.52688205
car 271.48566 307.6769 98.139885 130.7841 0.77727807
car 336.61508 369.8979 95.782394 124.20559 0.9067005
car 459.34262 477.43527 35.288624 50.07609 0.91909575
--
car 467.45587 479.62936 87.123405 119.17868 0.5202801
car 271.49692 307.73996 98.13524 130.77603 0.7836354
car 336.54547 369.8931 95.74936 124.29688 0.9055963
car 458.74454 476.49463 35.77582 49.92203 0.9355468
--
car 467.38858 479.62433 87.085 119.15779 0.5143645
car 271.48663 307.68018 98.25304 130.62029 0.7833677
car 336.3583 369.78433 95.54284 124.51389 0.84257454
car 458.07034 475.62192 35.782593 49.983067 0.95122033
--
car 467.38016 479.6233 87.09523 119.15091 0.5128916
car 271.47638 307.72336 98.161255 130.70056 0.78458166
car 336.3722 369.75037 95.55229 124.49944 0.83109266
car 457.98962 475.6447 35.762306 49.99334 0.95130587
--
car 467.39276 479.64822 87.11898 119.19271 0.49759182
car 271.4908 307.6458 98.15914 130.6777 0.7839107
car 336.42572 369.80017 95.55438 124.46551 0.83521515
car 456.6889 474.1851 35.41828 50.34778 0.9637921
--
car 467.42282 479.6224 87.16087 119.171844 0.5230881
car 271.42862 307.64255 98.15022 130.73608 0.77140933
car 336.34976 369.8106 95.50452 124.67232 0.84655666
car 455.3752 474.1988 35.29426 50.56664 0.94486344
--
car 467.4248 479.62518 87.16283 119.15962 0.51957387
car 271.4101 307.64432 98.20861 130.67175 0.7709618
car 336.28494 369.80762 95.44098 124.718124 0.84496117
car 455.394 474.14377 35.30874 50.577095 0.945019
--
car 467.3465 479.6136 87.198746 119.1145 0.5059098
car 271.30783 307.68848 98.14604 130.72081 0.8000676
car 336.34427 369.866 95.31989 124.70806 0.8609738
car 454.18933 473.48785 35.178196 50.779995 0.95641077
--
car 467.35718 479.63748 87.36185 119.051476 0.4981439
car 271.44464 307.6695 98.25349 130.62515 0.8200816
car 336.22202 369.86295 95.269 124.91228 0.8598732
car 452.75397 473.39288 35.386063 50.824375 0.9608017
--
car 467.34784 479.63403 87.379364 119.04048 0.4975642
car 271.45105 307.66382 98.25578 130.627 0.81701636
car 336.24365 369.8504 95.32071 124.92921 0.8539643
car 452.81204 473.37817 35.421898 50.763306 0.9610133
--
car 467.36688 479.644 87.464195 119.03568 0.50126773
car 336.1388 369.92648 95.21669 124.971016 0.8277105
car 271.41568 307.56467 98.39794 130.48785 0.8407577
car 451.69315 473.59378 35.229378 50.68531 0.9474024
--
car 467.41306 479.66068 87.46049 119.02384 0.4905123
car 271.5129 307.7373 98.479904 130.34776 0.8353155
car 336.07712 369.98865 95.18307 124.92462 0.85316855
car 451.56406 473.16678 34.89851 51.014015 0.91741747
--
car 467.9592 479.74643 87.46661 119.09636 0.5063206
car 451.46722 473.17633 34.715405 51.066963 0.86937904
car 271.57806 308.1766 98.37542 130.3598 0.87411773
car 336.03665 370.3605 94.9807 125.12686 0.916397
--
car 467.98428 479.7868 87.60376 119.03796 0.5060188
car 271.58356 308.06198 98.28987 130.48007 0.86368996
car 335.95493 370.3692 94.889755 125.29289 0.9096926
car 450.99908 470.26315 35.969734 52.08333 0.94102657
--
car 467.98846 479.79373 87.64718 119.06582 0.4913159
car 271.61496 307.92642 98.423035 130.42986 0.8515344
car 335.94836 370.3038 94.97026 125.364044 0.90568423
car 450.35223 469.7275 35.51238 52.294773 0.95951015
--
car 467.98663 479.7921 87.638794 119.07352 0.48858228
car 271.64627 307.88998 98.49977 130.3576 0.845624
car 335.95767 370.30176 95.01729 125.273674 0.90958935
car 450.29965 469.70914 35.529907 52.274464 0.9587831
--
car 467.99936 479.79697 87.53062 119.12202 0.4826221
car 271.65076 307.98615 98.49962 130.34363 0.8593235
car 336.05884 370.25195 94.909 125.40962 0.9065373
car 449.54993 468.77606 35.936596 52.1425 0.9706203
--
car 468.0211 479.79147 87.41721 119.18151 0.4834882
car 271.46692 308.02084 98.55602 130.16975 0.86380225
car 336.15344 370.27948 94.91833 125.32046 0.91185915
car 448.68414 467.76517 36.61705 52.16134 0.97516894
--
car 468.03146 479.79684 87.390854 119.22118 0.47852367
car 271.47614 308.01828 98.51441 130.21877 0.8605954
car 336.18076 370.28854 94.867584 125.34285 0.91078335
car 448.73203 467.73157 36.55308 52.13415 0.9745313
--
car 467.98532 479.78632 87.414825 119.23213 0.47296685
car 271.52197 307.97336 98.52093 130.22058 0.86129135
car 336.26358 370.2503 94.923485 125.40149 0.904968
car 447.5097 466.99167 36.79741 52.283596 0.9762967
--
car 467.98505 479.7903 87.28418 119.316536 0.45225507
car 271.58282 308.16766 98.466606 130.25526 0.84804
car 336.24414 370.28854 94.87637 125.49714 0.90884733
car 445.83618 466.86063 36.503304 52.510414 0.97163063
--
car 467.99127 479.78918 87.259926 119.31879 0.4554061
car 271.6125 308.05222 98.53718 130.15642 0.8415145
car 336.2452 370.27817 94.82907 125.675804 0.91202843
car 445.81885 466.84232 36.446903 52.522675 0.9722773
--
car 468.01517 479.80106 87.33916 119.31363 0.4449767
car 271.66653 308.0203 98.480446 130.2487 0.83873147
car 336.2361 370.211 94.737114 125.712204 0.92268586
car 443.9132 466.4384 35.904537 53.16775 0.9645923
--
car 468.04428 479.82785 87.34343 119.39366 0.43021554
car 271.66434 308.03436 98.45576 130.33571 0.83741295
car 336.18137 370.28687 94.74609 125.630615 0.924598
car 442.3911 465.7183 36.112247 53.208588 0.96954733
--
car 467.95877 479.81253 87.54695 119.28805 0.4255076
car 271.87512 307.56924 98.22015 130.75594 0.8204031
car 336.03043 370.16336 94.77532 125.3819 0.9234699
car 442.45554 465.44064 36.34125 53.24556 0.9691147
--
car 468.00845 479.82425 87.311874 119.461525 0.40638816
car 271.86984 307.56305 98.21172 130.74823 0.82147753
car 336.03204 370.18344 94.78458 125.39053 0.9210554
car 442.0032 464.9968 36.09736 53.478592 0.95899993
--
car 467.99445 479.8189 87.17784 119.51035 0.41061983
car 271.88324 307.53165 98.23766 130.73476 0.82837456
car 336.1004 370.17194 94.7879 125.466156 0.91824406
car 442.41827 464.1185 36.53623 53.56358 0.92110306
--
car 467.9918 479.82184 87.19797 119.5052 0.40967685
car 271.92957 307.5279 98.27716 130.67787 0.83116215
car 442.39874 464.14368 36.516003 53.566654 0.9233669
car 336.0861 370.21088 94.76558 125.47979 0.92557377
--
car 468.01245 479.81915 87.06821 119.60005 0.38632792
car 271.99564 307.6246 98.277534 130.66673 0.8197013
car 336.0464 370.19598 94.733604 125.53626 0.9304521
car 441.59024 461.15643 36.996693 54.541424 0.9663762
--
car 468.00024 479.82364 87.026276 119.65005 0.3612208
car 271.88904 307.64154 98.305504 130.59099 0.805445
car 336.02887 370.18707 94.74998 125.52453 0.9291619
car 440.71198 460.6545 37.51265 54.703583 0.9743521
--
car 468.02008 479.82904 87.014565 119.6569 0.36242744
car 271.85095 307.64023 98.24164 130.67343 0.8032503
car 336.04172 370.1713 94.78001 125.56359 0.929503
car 440.7588 460.66748 37.46092 54.710964 0.9731479
--
car 467.9209 479.80652 86.915184 119.69935 0.3288446
car 271.8315 307.72797 98.23613 130.6507 0.812958
car 336.0213 370.20105 94.71126 125.595474 0.9292438
car 439.53592 460.20703 37.741184 54.400322 0.968635
--
car 467.93414 479.80356 86.91538 119.72292 0.31934416
car 271.80777 307.81512 98.21417 130.60834 0.80915165
car 336.028 370.23795 94.73193 125.57285 0.9326137
car 438.3927 458.75537 38.080658 53.99185 0.96566623
--
car 467.93027 479.7965 86.92904 119.72169 0.32031268
car 271.75925 307.802 98.23872 130.57349 0.81913114
car 336.07443 370.25925 94.781715 125.535194 0.93398875
car 438.37665 458.76416 38.105164 53.96239 0.9657313
--
car 467.94858 479.79468 86.88116 119.72301 0.33810452
car 271.7128 307.87912 98.21701 130.5604 0.81986696
car 336.00064 370.17633 94.83552 125.61086 0.9317239
car 437.33215 458.05896 38.083344 53.910416 0.96205187
--
car 467.98932 479.8058 86.797554 119.774315 0.33912525
car 271.7424 307.985 98.28092 130.35063 0.82409614
car 336.02213 370.17593 94.82586 125.636314 0.9317799
car 435.487 457.2507 38.083862 54.35298 0.95209485
--
car 468.17242 479.91086 86.85225 119.87112 0.36445302
car 271.9655 307.9485 98.35695 130.277 0.74766487
car 336.08047 370.31622 94.82558 125.47176 0.9151964
car 435.24832 457.41287 38.2395 54.52938 0.94792074
--
car 468.11386 479.889 86.96898 119.76149 0.38502648
car 271.99402 307.92252 98.396164 130.14496 0.726053
car 336.0844 370.34695 94.86044 125.24805 0.89977425
car 434.66257 456.2851 36.67401 55.495403 0.94639885
--
car 468.0888 479.90472 87.0784 119.70339 0.37168258
car 271.92868 307.76242 98.30191 130.26942 0.71091753
car 336.24457 370.33084 94.767044 125.504196 0.8710601
car 434.05957 455.8532 36.886475 55.501842 0.9564313
--
car 468.12326 479.9025 87.02756 119.7487 0.3819953
car 271.89044 307.7683 98.32624 130.2887 0.7335712
car 336.1428 370.3133 94.77591 125.62455 0.88991517
car 434.037 455.82635 36.890137 55.48469 0.95613855
--
car 468.1679 479.91663 87.08479 119.73747 0.37137705
car 271.81595 307.67984 98.18184 130.48148 0.72007066
car 336.17154 370.29205 94.79252 125.60593 0.88454926
car 433.33917 455.0651 37.02548 55.443043 0.9377895
--
car 468.14325 479.9116 87.28221 119.57485 0.3990939
car 271.7586 307.64905 98.14802 130.52544 0.72028637
car 336.23163 370.2232 94.78761 125.6799 0.88012457
car 432.89914 454.5389 36.87154 55.289738 0.9270604
--
car 468.1313 479.908 87.25892 119.6075 0.39068684
car 271.68362 307.65808 98.12769 130.50089 0.7182772
car 336.24402 370.20734 94.83655 125.71463 0.8809108
car 432.89835 454.5622 36.86856 55.305435 0.9285362
--
car 468.179 479.91055 87.2588 119.62183 0.3920982
car 271.59692 307.6223 98.17187 130.48503 0.7455377
car 336.30554 370.23242 94.85326 125.71179 0.88826734
car 431.46738 452.92184 37.853386 56.798023 0.9353837
--
car 468.06055 479.87543 87.26551 119.537506 0.4109053
car 271.71655 307.82056 98.23298 130.26926 0.7572157
car 336.2815 370.2341 94.8749 125.69812 0.89844763
car 432.18674 452.1121 38.113087 55.735413 0.9539905
--
car 468.04773 479.87302 87.27071 119.52713 0.41153872
car 271.65094 307.74905 98.21318 130.29132 0.74971086
car 336.2156 370.23734 94.86898 125.70187 0.89779425
car 432.21393 452.1061 38.055798 55.695377 0.95370144
--
car 468.0681 479.8658 87.44931 119.418564 0.4197872
car 271.71017 307.75534 98.17243 130.32692 0.7232859
car 336.28143 370.2197 94.90046 125.76412 0.89418644
car 430.39288 452.6396 37.922985 57.50224 0.9689534
--
car 468.01382 479.82556 87.66783 119.33159 0.41230133
car 271.64023 307.6814 98.06405 130.46686 0.7400815
car 336.35895 370.0985 94.80525 125.82811 0.89638656
car 429.1244 451.41977 38.947407 56.854553 0.97248995
--
car 468.00085 479.76883 87.88144 119.22694 0.43627924
car 271.9771 308.0506 98.25165 130.32904 0.77991205
car 336.13818 370.14334 94.84727 125.88287 0.917806
car 429.33426 451.5853 38.905376 56.784554 0.969003
--
car 468.03784 479.77838 87.79936 119.29764 0.44927144
car 272.03128 308.0821 98.2953 130.2754 0.77193713
car 336.14932 370.14703 94.834305 125.875854 0.91951096
car 428.55832 450.04547 39.135635 56.469753 0.94456035
--
car 468.07034 479.7915 87.709015 119.33656 0.45838907
car 272.0202 308.1288 98.29758 130.26007 0.7754858
car 426.51483 449.47266 39.209667 56.570362 0.91660607
car 336.14 370.15024 94.80298 125.870384 0.92550343
--
car 468.07278 479.79224 87.71679 119.338745 0.45748147
car 272.00842 308.13712 98.27117 130.31389 0.7766434
car 426.53253 449.416 39.16654 56.59566 0.91562957
car 336.1275 370.14972 94.793015 125.889084 0.9258778
--
car 468.03384 479.79156 87.51131 119.356834 0.47794268
car 271.96448 308.09714 98.2394 130.39679 0.7755086
car 336.12384 370.17798 94.776695 125.88002 0.9275717
car 425.38336 448.41504 38.961967 56.99357 0.9281711
--
car 467.96832 479.78702 87.59643 119.34324 0.45645902
car 272.04538 307.9914 98.20304 130.38695 0.7660636
car 336.13235 370.1455 94.79508 125.88644 0.9298242
car 424.56213 447.66986 39.231384 57.010212 0.948994
--
car 467.97598 479.784 87.528786 119.362976 0.46522716
car 271.99826 308.00412 98.156586 130.52542 0.7622516
car 336.1375 370.15936 94.77781 125.90118 0.929916
car 424.56125 447.59442 39.1266 57.083366 0.94550407
--
car 467.96112 479.78305 87.53851 119.358894 0.4553438
car 271.99155 307.9208 98.15634 130.45366 0.7646074
car 336.2066 370.17435 94.78668 125.88546 0.9289777
car 423.84143 447.07986 39.234066 57.317432 0.95821655
--
car 467.9426 479.78424 87.48443 119.315384 0.47066036
car 271.9142 307.954 98.10928 130.54657 0.7596829
car 336.11093 370.20352 94.77953 125.89709 0.93012136
car 423.39572 446.3707 39.137413 57.4316 0.94606775
--
car 467.94348 479.7853 87.479996 119.3128 0.47144067
car 271.92636 307.88925 98.116104 130.53015 0.7624417
car 336.10837 370.20242 94.79136 125.887794 0.9287723
car 423.42984 446.3507 39.11776 57.408657 0.94833285
--
car 467.88376 479.779 87.46359 119.28672 0.4737444
car 271.7866 307.84946 98.00794 130.74887 0.7626369
car 336.06097 370.20676 94.796165 125.942406 0.9274466
car 423.10333 445.92352 39.466892 57.72807 0.9305761
--
car 467.86642 479.75558 87.432785 119.304794 0.48906225
car 271.71454 307.75433 98.01224 130.77779 0.7706051
car 421.59967 444.08334 39.689762 57.89895 0.9215624
car 336.08905 370.28754 94.805855 125.921814 0.9289541
--
car 467.90878 479.79666 87.77765 119.252495 0.45085528
car 271.65298 307.76486 98.11761 130.7652 0.76131934
car 336.1014 370.19217 94.77991 125.776375 0.9172725
car 421.84442 444.1438 39.957214 57.85668 0.9276666
--
car 467.87897 479.7815 87.782936 119.25448 0.43381935
car 271.68427 307.77573 98.12972 130.73781 0.76799905
car 336.11496 370.1811 94.78499 125.84733 0.9164448
car 421.1685 443.93973 40.33648 57.921932 0.9663691
--
car 467.82764 479.77664 87.77792 119.21471 0.43617076
car 271.56085 307.8662 98.176414 130.73605 0.7550986
car 336.1206 370.14563 94.797516 125.87413 0.9145846
car 420.303 443.49377 40.515526 57.88368 0.9504423
--
car 467.82782 479.77545 87.77054 119.21967 0.43322
car 271.4801 307.93564 98.20875 130.7244 0.75138694
car 336.12515 370.11908 94.811775 125.88002 0.9150098
car 420.27023 443.47083 40.509117 57.92785 0.9513168
--
car 467.8223 479.78177 87.552345 119.22861 0.46005607
car 271.4888 307.95218 98.24197 130.67273 0.7511439
car 419.12646 442.60095 40.487114 58.124172 0.8482054
car 336.11462 370.19302 94.793755 125.909996 0.9196292
--
car 467.84982 479.76978 87.39826 119.29412 0.45069566
car 271.5129 307.88446 98.26161 130.6473 0.75889647
car 417.7331 441.8022 40.67823 58.46162 0.8779043
car 336.10333 370.19208 94.78518 125.91917 0.91536325
--
car 467.85388 479.77032 87.357544 119.32014 0.4460484
car 271.6003 307.8026 98.28675 130.66222 0.74400645
car 417.694 441.79736 40.667957 58.459854 0.8826086
car 336.25317 370.2619 94.79182 125.869675 0.9132079
--
car 467.80197 479.76306 87.350426 119.255585 0.46338847
car 271.5534 307.76202 98.25221 130.7212 0.7509826
car 416.6883 440.8304 40.11744 58.90279 0.8754918
car 336.24866 370.23108 94.74936 125.98038 0.9196654
--
car 467.75385 479.75916 87.544495 119.168205 0.44346592
car 271.60855 307.6199 98.20185 130.72514 0.75899386
car 336.24014 370.3192 94.79484 125.911354 0.9192944
car 415.95648 440.03113 40.339947 58.623512 0.9411853
--
car 467.7601 479.76147 87.511444 119.19392 0.43815053
car 271.60828 307.57883 98.19418 130.72174 0.75201154
car 336.24808 370.3181 94.79025 125.92214 0.91842127
car 415.95465 440.0411 40.37674 58.629765 0.94471556
--
car 467.75 479.76212 87.420876 119.213936 0.42675427
car 271.58878 307.5678 98.1723 130.7408 0.7585998
car 336.2773 370.28973 94.82051 125.90982 0.91457915
car 415.55093 439.1022 39.978664 59.02196 0.9485464
--
car 467.8067 479.7708 87.29012 119.310234 0.4221111
car 271.6455 307.6845 98.20256 130.71634 0.7552574
car 336.28513 370.33 94.85511 125.87683 0.9092533
car 415.07013 438.13086 40.17881 59.597393 0.95715046
--
car 467.73718 479.774 87.41801 119.184784 0.42739612
car 271.6463 307.45084 97.99455 130.94926 0.7571096
car 336.151 369.95404 94.78085 125.57854 0.90829784
car 415.0707 438.25912 40.22777 59.46787 0.965363
--
car 467.705 479.7575 87.39124 119.18338 0.4294585
car 271.63644 307.48215 98.02261 130.93706 0.75165755
car 336.12564 369.93292 94.76101 125.591606 0.90644854
car 415.08154 437.10046 40.145416 59.59128 0.9401187
--
car 467.6931 479.74664 87.40096 119.13947 0.43697816
car 271.58945 307.45288 98.03555 130.89522 0.7656181
car 336.17368 369.97708 94.708435 125.62587 0.9125148
car 414.9552 436.60553 40.44493 59.631054 0.9218611
--
car 467.6946 479.74734 87.39798 119.137505 0.43692324
car 271.58478 307.36203 98.03486 130.93657 0.7738099
car 336.16373 369.98685 94.71302 125.63416 0.9119582
car 414.9883 436.56906 40.450462 59.621716 0.9195567
--
car 467.62 479.73877 87.41133 119.07534 0.4374238
car 271.57776 307.31372 98.032166 130.94995 0.7724466
car 415.2466 435.64233 40.507442 59.462414 0.8741986
car 336.16434 370.01086 94.74152 125.60806 0.9041236
--
car 467.66006 479.7207 87.19678 119.18637 0.4442083
car 271.57364 307.37173 98.03969 130.94359 0.77128106
car 413.56635 433.9899 40.93932 59.30246 0.87682843
car 336.1136 369.99982 94.74807 125.57755 0.9115258
--
car 467.6523 479.7219 87.23926 119.171 0.44396797
car 271.574 307.37708 98.038155 130.94894 0.77163666
car 413.60077 433.96686 40.92732 59.295246 0.8788502
car 336.1173 370.01877 94.733574 125.592514 0.91211534
