--
--
--
--
--
car -0.006135106 13.885854 225.72339 275.5251 0.7291266
--
car 1.6587692 30.401459 224.6766 275.90576 0.9438559
--
car 1.674495 30.383102 224.48706 275.9952 0.9451212
--
car 0.29456913 45.674744 215.73482 274.02557 0.9573202
--
car 1.4620256 59.613327 214.18375 274.3024 0.9667669
--
car 1.5222806 59.398006 214.30095 274.41934 0.9654513
--
car -2.2026336 79.27231 207.28879 270.7551 0.9871924
--
car -1.0753441 87.011055 203.88458 269.2296 0.9912525
--
car -0.72307706 86.77079 204.56575 268.63837 0.98920304
--
car 14.594003 100.04803 198.3709 259.63306 0.9963666
--
car 25.930832 109.62602 195.66208 251.87457 0.9969389
--
car 26.081106 109.61718 195.54282 251.94852 0.9971066
--
car 36.888985 124.16944 192.5909 247.21036 0.997608
--
car 48.26281 133.20232 187.97908 240.0166 0.997355
--
car 48.31465 133.27032 188.09096 240.01732 0.9975111
--
car 63.255188 144.14998 183.9495 237.63849 0.9946
--
car 74.46725 155.76622 178.8748 232.32681 0.9941749
--
car 74.28891 155.91574 178.86873 232.2958 0.99427867
--
car 85.19065 167.06122 176.76144 227.23688 0.99292934
--
car 94.61728 174.31367 173.92155 225.23505 0.9951251
--
car 94.67076 173.9853 173.49481 225.87827 0.99430263
--
car 107.50887 183.01659 169.11774 219.59653 0.9892462
--
car 114.43139 192.08064 165.56065 216.42758 0.99552226
--
car 114.47051 192.00687 165.68953 216.44525 0.9958982
--
car 124.40177 202.14392 162.93275 211.21591 0.99208134
--
car 132.99219 210.67409 160.33232 209.56215 0.9819821
--
car 133.07445 210.45973 160.15027 209.557 0.98266757
--
car 142.4552 216.52634 158.88162 204.84172 0.9940915
--
car 149.71866 224.12231 153.31247 202.22414 0.9844572
--
car 149.61574 224.11063 153.29718 202.26712 0.9842478
--
car 159.22739 229.54446 152.00336 198.97948 0.992359
--
car 165.3653 237.38368 148.458 196.43486 0.9920841
--
car 165.36995 237.5545 149.023 196.64703 0.98842627
--
car 171.11218 243.78241 145.93109 192.9991 0.99239326
--
car 179.95967 249.88252 144.48386 189.28755 0.9933276
--
car 180.06955 249.82004 144.54102 189.08131 0.9939399
--
car 184.42003 256.2654 143.43011 185.65807 0.9904672
--
car 191.4451 260.14355 142.2911 182.91306 0.9917695
--
car 191.5444 260.12558 142.17082 183.05865 0.99229777
--
car 198.51244 263.99106 139.34718 180.93385 0.9894106
--
car 469.29874 480.4626 98.35695 118.85147 0.30641535
car 204.15756 270.7054 138.58983 180.03665 0.9909237
--
car 469.2992 480.463 98.35725 118.8516 0.30611452
car 204.19386 270.60724 138.61519 180.00342 0.99022853
--
car 208.61058 275.12396 136.05254 178.7777 0.97959304
--
car 214.92778 278.5109 135.68565 176.8407 0.9831547
--
car 214.31088 278.74585 135.39734 176.95084 0.98571837
--
car 220.51654 282.75702 132.86032 173.06432 0.99438095
--
car 224.39812 286.4768 131.38136 173.02422 0.992729
--
car 224.49278 286.43686 131.41707 172.96542 0.99198735
--
car 229.6338 288.92844 129.64032 169.10341 0.99572736
--
car 469.30005 480.45697 98.37485 118.839005 0.3001633
car 232.11021 290.20312 129.07385 167.31291 0.9966981
--
car 469.29974 480.45712 98.37346 118.84106 0.30199316
car 232.12766 290.2174 129.03368 167.2037 0.9967033
--
car 469.30182 480.45435 98.35371 118.85268 0.30352262
car 237.06241 295.1677 128.42398 165.2655 0.9957668
--
car 241.26085 297.40375 127.2175 164.72252 0.9903792
--
car 241.25797 297.39673 127.21132 164.75859 0.9905053
--
car 245.00725 300.73993 126.01012 163.54253 0.98061556
--
car 248.77095 306.25537 125.60144 162.7856 0.959322
--
car 248.60948 306.39047 125.72679 162.73012 0.95837766
--
car 249.08492 307.2688 125.49156 162.61131 0.9746247
--
car 251.96754 308.91888 125.78199 161.93636 0.9741332
--
car 252.05145 308.9157 125.78277 161.93346 0.9768794
--
car 255.44775 309.89575 123.07273 160.58902 0.9858399
--
car 256.92133 310.79565 123.10032 159.85239 0.98350745
--
car 257.07843 310.6625 123.08697 159.88959 0.9813414
--
car 259.14816 312.937 122.19936 159.6942 0.98374546
--
car 260.78247 317.3643 124.522446 157.0223 0.96977115
--
car 260.75012 317.31506 124.59657 157.0816 0.9690245
--
car 262.95767 318.95288 124.36738 156.02414 0.96629244
--
car 266.42642 318.84235 123.66385 155.36569 0.9776317
--
car 467.93622 479.98535 86.97936 119.23846 0.31824762
car 266.4608 318.95767 123.41676 155.32137 0.9691574
--
car 467.89786 479.9876 87.07706 119.1351 0.34977496
car 268.37784 320.05106 118.246666 156.67966 0.9673944
--
car 467.87558 479.99106 87.11208 119.070435 0.37423983
car 269.80212 322.693 116.21311 155.03448 0.97707224
--
car 467.88943 479.96176 87.27428 119.03856 0.43358824
car 269.7658 322.7589 116.2635 155.0449 0.9772695
--
car 467.88843 479.95618 87.231575 119.02755 0.44437551
car 270.5226 323.19284 116.005936 154.68642 0.96878254
--
car 467.89597 479.94858 87.15892 118.99253 0.46456584
car 270.9116 324.13095 116.22946 154.98882 0.97286636
--
car 467.89227 479.9492 87.17723 118.98677 0.46546894
car 270.93402 324.0746 116.32591 154.92876 0.96950406
--
car 467.8819 479.9439 87.21022 118.97037 0.4665521
car 271.58557 324.2491 115.44069 155.3511 0.97258383
--
car 467.88068 479.94028 87.256714 118.945114 0.47392774
car 271.49008 326.0792 115.23493 154.70139 0.97153616
--
car 467.88016 479.94183 87.26572 118.94129 0.4744617
car 273.8321 324.58234 120.987175 150.57355 0.9707187
--
car 467.87463 479.93872 87.255196 118.94449 0.47742087
car 271.75714 326.7351 114.832275 154.251 0.9670163
--
car 467.84796 479.938 87.32361 118.907776 0.48018506
car 272.19714 327.1633 113.71884 153.35588 0.9625114
--
car 467.69125 479.9152 87.23893 119.00822 0.45346707
car 271.94754 327.25632 114.040565 153.38503 0.96909904
--
car 467.69965 479.9194 87.221306 119.013275 0.45358709
car 272.7316 327.15356 113.90847 153.6814 0.96871334
--
car 467.7166 479.9191 87.25249 119.00867 0.45188978
car 272.74673 327.65485 113.6987 153.0642 0.9646491
--
car 467.6971 479.9154 87.282295 118.98528 0.45517796
car 272.65723 327.74966 113.715935 152.9976 0.9649441
--
car 467.68997 479.9171 87.31158 118.97197 0.4543316
car 273.4912 327.97202 113.36497 152.99081 0.96692216
--
car 467.69006 479.91998 87.31892 118.97143 0.45171908
car 273.71368 327.8225 113.22485 152.98984 0.95855856
--
car 467.69437 479.91913 87.31909 118.969025 0.45424798
car 273.6871 327.69064 113.264046 153.0037 0.9593909
--
car 467.69577 479.91827 87.320305 118.972984 0.4534863
car 273.92877 327.7161 113.195 153.18161 0.9584713
--
car 467.6919 479.9188 87.32702 118.971245 0.45209786
car 273.9865 327.66504 113.16003 153.25667 0.95710915
--
car 467.6879 479.9194 87.32894 118.96852 0.4528809
car 273.86548 327.82642 113.2607 153.15742 0.9568061
--
car 467.68808 479.9181 87.32464 118.967995 0.45448706
car 273.67566 327.88965 113.15208 152.86859 0.9615053
--
car 467.69006 479.91583 87.29759 118.96068 0.4605729
car 273.50543 327.6686 113.21855 153.1895 0.96662664
--
car 467.78424 479.89905 87.123604 119.10111 0.46791673
car 272.97052 328.00784 113.391525 152.81482 0.95807034
--
car 467.78403 479.91025 87.22547 119.06172 0.46430466
car 272.85037 327.9498 113.40196 152.85324 0.9613536
--
car 467.79846 479.91293 87.26421 119.048195 0.465572
car 273.07288 327.8636 113.40791 152.99619 0.96211135
--
car 467.86768 479.93317 87.36951 119.100044 0.4614253
car 273.27536 327.75775 113.230675 153.07504 0.9601867
--
car 467.86157 479.9341 87.38929 119.105484 0.45820498
car 273.3696 327.22647 113.12785 153.116 0.94365555
--
car 467.8578 479.93744 87.339005 119.10337 0.45721868
car 272.78256 326.91644 113.43098 153.04701 0.9465504
--
car 467.8819 479.94553 87.37826 119.07242 0.46483645
car 272.68042 327.01834 113.574265 153.02002 0.9482684
--
car 467.87875 479.94022 87.34686 119.06079 0.47105208
car 272.95087 326.9146 113.42243 153.21266 0.9462829
--
car 467.87668 479.94138 87.3702 119.05771 0.4704513
car 272.36642 326.76483 113.57849 153.00291 0.94471735
--
car 467.8941 479.95084 87.32004 119.12817 0.46527943
car 272.06842 326.86133 113.65724 152.90236 0.94789714
--
car 467.8633 479.94107 87.21859 119.16979 0.46383494
car 272.07068 326.85873 113.71327 152.87642 0.94773495
--
car 467.8616 479.9386 87.19197 119.18508 0.4657988
car 271.92313 326.79028 113.86004 153.13104 0.9449591
--
car 468.28058 480.0639 87.177155 119.143036 0.4516415
car 272.30835 326.9992 113.834366 152.96448 0.94691396
--
car 468.28098 480.06717 87.18622 119.1473 0.45164257
car 272.5207 326.85242 113.76922 153.169 0.9414472
--
car 468.28204 480.06534 87.17031 119.14654 0.45185292
car 272.39896 326.99628 113.932686 153.17915 0.9386324
--
car 468.28073 480.06494 87.16703 119.15098 0.45137864
car 272.46292 327.02753 113.962326 153.26834 0.939546
--
car 468.2839 480.06482 87.1488 119.15268 0.45189705
car 272.37982 326.78058 113.971085 153.16953 0.94526315
--
car 468.28558 480.06226 87.05022 119.18668 0.45496324
car 271.76013 326.74643 114.305214 153.23325 0.9420017
--
car 468.2757 480.05682 87.07385 119.1775 0.45901906
car 271.95184 326.78625 114.13081 153.28598 0.947302
--
car 468.28345 480.0575 87.06289 119.18121 0.45947745
car 271.9197 326.7483 114.0876 153.28528 0.94653255
--
car 468.2823 480.0575 87.06821 119.17886 0.45888725
car 272.00443 326.78513 114.12222 153.3765 0.9482686
--
car 468.30066 480.0642 87.14414 119.181145 0.45578358
car 271.9976 326.73538 114.1202 153.4019 0.9463891
--
car 468.29807 480.062 87.1299 119.18369 0.455696
car 271.8205 326.77182 114.24171 153.45743 0.9459613
--
car 468.29492 480.06323 87.14691 119.18049 0.45412943
car 271.93268 326.65582 114.259056 153.69397 0.94270426
--
car 468.2823 480.09692 87.45923 119.15412 0.43109474
car 271.31665 327.0547 114.6814 153.68266 0.95902693
--
car 468.2822 480.09967 87.48978 119.15497 0.42771408
car 271.4292 326.90872 114.54353 153.68834 0.95266336
--
car 468.27948 480.09952 87.49462 119.154045 0.42778078
car 271.37302 326.91827 114.565544 153.6711 0.95270556
--
car 468.2798 480.09998 87.50104 119.161385 0.4249752
car 271.22415 327.01517 114.52262 153.51984 0.95002514
--
car 468.2808 480.0992 87.49646 119.163895 0.42430642
car 271.08353 326.9569 114.55733 153.45964 0.9469251
--
car 468.28146 480.0983 87.48614 119.16376 0.4249586
car 271.18896 326.84622 114.482735 153.52818 0.94726634
--
car 468.276 480.099 87.5131 119.15883 0.42311606
car 271.05362 326.76233 114.40438 153.4148 0.948373
--
car 468.27655 480.0963 87.50915 119.161514 0.42358077
car 270.87692 326.80872 114.51866 153.29716 0.94948775
--
car 468.27875 480.0952 87.48537 119.16854 0.42081514
car 270.86783 326.95242 114.71898 153.47484 0.94493586
--
car 468.28018 480.09692 87.46868 119.16979 0.42108083
car 270.93253 326.976 114.673294 153.579 0.94536936
--
car 468.28308 480.0971 87.43981 119.19059 0.4150027
car 271.03366 326.77863 114.72724 153.63629 0.93574786
--
car 468.259 480.08777 87.52052 119.15922 0.41689906
car 271.01733 326.68146 114.84379 153.72865 0.92587227
--
car 468.1857 480.00378 87.37155 119.22789 0.4778029
car 271.57043 326.53006 114.74377 154.20811 0.9314951
--
car 468.18213 480.00223 87.39029 119.223625 0.4781007
car 271.4615 326.62558 114.83649 154.1969 0.9285002
--
car 468.1804 480.0011 87.39434 119.23943 0.47334298
car 271.44778 326.6945 114.63426 153.98021 0.9223964
--
car 468.1758 479.99933 87.40137 119.23683 0.47423273
car 271.41293 326.6911 114.66288 154.01384 0.92190987
--
car 468.17545 479.99875 87.40885 119.236916 0.4740826
car 271.21994 326.77786 114.68788 153.91351 0.92624557
--
car 468.17783 480.00485 87.41863 119.22519 0.4732913
car 271.1835 326.63962 114.77349 153.93831 0.90940636
--
car 468.1751 480.0023 87.39876 119.232445 0.47401887
car 271.07416 326.7423 114.88596 153.97879 0.9099056
--
car 468.17627 480.0024 87.394806 119.23069 0.47542083
car 271.1331 326.59308 114.86154 154.08453 0.9089795
--
car 468.177 480.0027 87.40923 119.23311 0.47339028
car 271.05414 326.59415 114.83822 154.04854 0.91158223
--
car 468.17514 480.00208 87.418045 119.226295 0.4748668
car 271.06592 326.60983 114.815025 154.0454 0.91056406
--
car 468.1743 480.00208 87.41692 119.223076 0.47402698
car 271.06042 326.62778 114.79889 154.03188 0.9152176
--
car 468.17322 480.00177 87.426216 119.21584 0.4755112
car 271.08704 326.70328 114.847305 154.11676 0.923098
--
car 468.22394 479.9993 87.730484 119.16876 0.46893588
car 271.416 326.20663 114.52162 153.91269 0.93600297
--
car 468.23514 480.00647 87.727776 119.179924 0.4687202
car 271.38586 326.17633 114.64964 154.10805 0.93532366
--
car 468.2779 480.01672 87.7844 119.14168 0.48819447
car 271.3928 326.09064 114.70487 154.10832 0.93128777
--
car 468.28217 480.01642 87.778015 119.13875 0.48827755
car 271.41956 326.13776 114.74357 154.2153 0.93441486
--
car 468.271 480.0115 87.81135 119.108826 0.49357265
car 271.39325 326.08212 114.766556 154.24498 0.932853
--
car 468.27255 480.01166 87.80685 119.112366 0.4926626
car 271.3942 326.07858 114.76728 154.24214 0.9328238
--
car 468.274 480.01035 87.813286 119.09727 0.49334395
car 271.39517 326.07974 114.76899 154.25398 0.93309563
--
car 468.27982 480.01007 87.839516 119.0797 0.48940322
car 271.38968 326.08856 114.77194 154.24954 0.93311447
--
car 468.2844 480.01126 87.83417 119.087654 0.4890322
car 271.3928 326.0835 114.77935 154.2514 0.93331385
--
car 468.28915 480.01523 87.82341 119.088806 0.48720133
car 271.38278 326.10678 114.80393 154.2679 0.9329804
--
car 468.29224 480.0182 87.82671 119.08404 0.48842737
car 271.39114 326.07684 114.77519 154.2411 0.9321344
--
car 468.27753 480.0013 87.80244 119.10366 0.48915726
car 271.40958 326.21738 114.85813 154.26906 0.9375999
--
car 468.0448 479.9548 87.62079 119.118515 0.49636298
car 271.6594 326.3405 114.70912 154.52104 0.9338823
--
car 468.04413 479.95303 87.60673 119.12533 0.49630746
car 271.66766 326.2969 114.71948 154.54155 0.93155533
--
car 468.03568 479.95007 87.57286 119.162025 0.49571946
car 271.64984 326.45404 114.742195 154.46799 0.93199694
--
car 468.03598 479.94934 87.581154 119.162315 0.49557072
car 271.63602 326.43 114.73561 154.43428 0.9332454
--
car 468.00922 479.92926 87.55126 119.16609 0.5078832
car 271.64337 326.43152 114.75568 154.45023 0.93385625
--
car 467.9923 479.92816 87.5598 119.15122 0.50619483
car 271.59866 326.44006 114.78627 154.42337 0.9335536
--
car 468.04773 479.93878 87.46811 119.226265 0.49952325
car 271.58905 326.4294 114.81518 154.41273 0.9344127
--
car 468.00293 479.9214 87.5524 119.20317 0.51389986
car 271.5273 326.44962 114.79944 154.32591 0.9333983
--
car 467.9902 479.9228 87.58999 119.150604 0.5169237
car 271.5236 326.43204 114.85213 154.4299 0.9317847
--
car 468.00662 479.9285 87.54187 119.171814 0.5151905
car 271.47256 326.45193 114.87463 154.37915 0.9315585
--
car 468.00958 479.93015 87.546844 119.17448 0.51360923
car 0.48360318 27.34466 224.88464 276.40906 0.6044754
car 271.4749 326.47864 114.92729 154.44147 0.9321098
--
car 468.01147 479.93384 87.59272 119.149536 0.5132898
car 1.6496569 45.969357 218.09775 277.54245 0.8231559
car 271.4996 326.5418 114.931946 154.52515 0.93428224
--
car 468.01123 479.98233 86.734375 119.46724 0.49049988
car 1.5969229 46.171906 217.15942 276.61572 0.8113461
car 271.2562 325.94843 114.570786 154.2522 0.9477556
--
car 468.01135 479.98215 86.71004 119.473526 0.49228054
car 0.44985652 65.12483 212.81125 274.2195 0.92168283
car 271.24835 325.94406 114.606636 154.27524 0.9459321
--
car 468.01346 479.98175 86.70975 119.47634 0.4906551
car 0.78333735 85.05794 206.39783 271.24136 0.847691
car 271.15833 325.9148 114.7495 154.4278 0.9470552
--
car 468.01318 479.98157 86.710976 119.47738 0.4902583
car 0.63138485 85.058655 206.58449 271.03137 0.8576464
car 271.13065 325.9257 114.70239 154.37311 0.9474763
--
car 468.0134 479.9815 86.71031 119.481224 0.48929024
car 271.09735 325.85703 114.701035 154.27032 0.9503815
car 14.296854 101.32341 204.17648 260.79514 0.95207113
--
car 468.0194 479.98102 86.739845 119.484406 0.484615
car 271.19934 325.88104 114.76621 154.27626 0.9509463
car 31.225616 120.024864 198.56479 252.58174 0.98764646
--
car 468.02005 479.98117 86.738144 119.48408 0.4848495
car 271.2231 325.86432 114.730995 154.2724 0.9508522
car 31.224636 120.11903 198.57797 252.54346 0.98820287
--
car 468.0114 479.9792 86.73024 119.4964 0.48536053
car 271.21017 325.8876 114.76587 154.26009 0.954342
car 44.44597 132.82483 194.22968 243.03828 0.990451
--
car 468.01797 479.97684 86.71844 119.51529 0.4838155
car 271.18677 325.84628 114.69718 154.28001 0.9554435
car 66.63567 146.26305 187.366 238.239 0.9886572
--
car 468.07 479.98566 86.64551 119.58602 0.4789677
car 271.36987 325.5384 114.6652 154.38217 0.94937885
car 66.78315 146.2306 187.33769 238.08054 0.9882784
--
car 468.06915 479.98453 86.65234 119.589096 0.4792266
car 271.3248 325.62976 114.70432 154.44312 0.95679915
car 80.61941 161.1755 180.81091 230.61893 0.991405
--
car 468.0411 479.98044 86.61881 119.58203 0.4845234
car 271.3554 325.49805 114.65749 154.43309 0.9596639
car 93.1391 174.97815 177.81415 224.78593 0.9864307
--
car 468.0773 479.97964 86.73674 119.31936 0.4758133
car 271.8885 325.9555 114.25358 154.19298 0.95648766
car 93.48229 174.40512 177.96928 224.72702 0.9914187
--
car 468.07367 479.9781 86.7106 119.33733 0.47568417
car 107.8941 190.78113 171.69904 218.23193 0.9242245
car 272.0159 325.84915 114.25041 154.11595 0.9592362
--
car 468.0665 479.9766 86.708244 119.33712 0.4770062
car 122.03193 197.8466 164.98933 213.28926 0.952132
car 271.9549 325.90833 114.333664 154.21535 0.9593186
--
car 468.08316 479.97928 86.71141 119.34297 0.47485954
car 122.08318 197.86218 165.1343 213.02824 0.95000833
car 271.94052 325.93375 114.34879 154.23448 0.9596438
--
car 468.0711 479.9772 86.72298 119.33762 0.4757342
car 271.88623 326.0634 114.39456 154.22021 0.9611881
car 136.82239 209.05206 161.09743 208.08054 0.9800852
--
car 468.0557 479.97495 86.72481 119.34942 0.4754916
car 148.79181 218.12947 156.46713 200.23221 0.8412468
car 271.93097 326.0907 114.37428 154.19798 0.95736766
--
car 468.05765 479.97543 86.72542 119.351105 0.4746567
car 148.72739 218.22195 156.403 200.23508 0.84306556
car 271.9189 326.08347 114.37798 154.19136 0.95760703
--
car 468.05743 479.97458 86.73573 119.354485 0.4725296
car 159.27628 229.28299 151.81905 199.2593 0.6955316
car 271.87646 325.95825 114.48069 154.15652 0.95943516
--
car 468.0613 479.9748 86.76016 119.34507 0.47512832
car 168.92418 235.1686 148.14848 193.21808 0.6725515
car 271.83035 326.005 114.49774 154.29391 0.9642631
--
car 468.06076 479.9746 86.76215 119.343506 0.47530746
car 168.92383 235.14319 148.13153 193.32516 0.6710942
car 271.83807 325.99402 114.49643 154.30473 0.96404177
--
car 468.06567 479.97543 86.757545 119.3437 0.47815096
car 181.83783 244.28653 143.65569 188.3429 0.7157535
car 272.09528 325.89886 114.32305 154.3383 0.968659
--
car 468.06302 479.97736 86.809296 119.33864 0.47575507
car 193.90303 251.62782 136.50186 183.39948 0.8969832
car 272.0635 325.67398 114.246506 154.45984 0.96947145
--
car 468.06546 479.96442 86.78842 119.522804 0.4342668
car 194.38982 251.40735 136.7775 183.21312 0.87506884
car 272.10672 325.72583 114.38231 154.30927 0.97067463
--
car 468.06296 479.96756 86.78824 119.50692 0.44095594
car 202.14497 257.391 136.70245 180.60397 0.88707846
car 271.85687 326.06204 114.32368 154.32613 0.9683007
--
truck 213.38216 268.85956 132.07358 175.02975 0.6384439
car 468.0569 479.969 86.81549 119.483635 0.45095834
car 272.05774 326.15247 114.30843 154.31525 0.9632913
--
truck 213.42888 268.80164 132.07205 175.14717 0.6334085
car 468.05862 479.96805 86.799515 119.493385 0.44995072
car 272.0679 326.13806 114.2961 154.31384 0.963482
--
car 468.06924 479.9707 86.77001 119.512375 0.43975833
car 222.78598 267.58102 131.46155 168.80646 0.9000538
car 271.99582 326.09897 114.48506 154.44162 0.96503913
--
car 468.0819 479.96738 86.791145 119.54995 0.4282345
car 233.20982 271.74564 128.61003 168.6367 0.90844065
car 274.91257 325.25858 119.78031 151.38028 0.9688906
--
car 468.08472 479.96857 86.780655 119.55347 0.4281061
car 233.2248 271.6909 128.46402 168.57562 0.9011473
car 274.8973 325.237 119.72446 151.37616 0.9686657
--
car 468.10046 479.97748 86.6945 119.55784 0.4307164
car 241.3706 277.65524 126.01254 164.20273 0.53291994
car 273.865 325.07513 119.43671 151.99722 0.93948287
--
car 468.09872 479.97025 86.63269 119.52393 0.44804415
car 250.49632 326.30286 115.34963 157.9557 0.8845329
--
car 468.0965 479.96933 86.6404 119.523346 0.4480626
car 250.33597 326.2935 115.43309 157.90465 0.8798223
--
car 468.12936 479.97617 86.55694 119.59524 0.42956358
car 256.67288 326.56564 115.74197 157.10483 0.67396355
--
car 468.114 479.98087 86.61019 119.54591 0.4338211
car 257.14093 327.99222 113.62181 153.62495 0.89516646
--
car 468.14215 479.986 86.6065 119.492516 0.44172704
car 257.21155 327.83612 113.12215 154.39447 0.903972
--
car 468.13898 479.98938 86.62773 119.55037 0.42727408
car 262.41736 331.45905 110.509865 153.27672 0.5193955
--
truck 257.34674 331.37775 109.528824 152.72397 0.5315315
car 468.14886 479.9906 86.687164 119.53016 0.4372404
--
truck 257.2373 331.57205 109.51629 152.5261 0.5296252
car 468.1197 479.9999 86.75872 119.44178 0.44685468
--
car 468.09344 480.0034 86.52963 119.34605 0.48127696
car 261.32993 333.79236 108.768 151.37459 0.6422998
--
car 468.02734 479.98087 86.798454 119.24522 0.50268996
car 263.3261 333.56195 107.73447 147.27826 0.7465605
--
car 468.02927 479.98257 86.79674 119.24785 0.50153714
car 263.11053 333.6358 107.73424 147.20795 0.75436306
--
car 468.0162 479.9675 86.6517 119.30963 0.50683683
car 264.45303 335.10913 103.38457 144.10213 0.70739365
--
truck 266.77893 332.75424 106.87604 145.60385 0.40755138
truck 265.2804 299.67792 109.38734 144.44173 0.66767585
car 468.06128 479.97644 86.82801 119.46988 0.43315586
car 293.9052 339.21603 112.75578 143.10579 0.71658516
--
truck 266.88684 332.7372 106.91229 145.89478 0.3732545
truck 265.30438 299.7079 109.521774 144.68295 0.6951247
car 468.05756 479.97348 86.842735 119.462006 0.43568507
car 294.20898 339.17767 113.02219 143.22292 0.75540656
--
truck 265.4645 295.64642 109.71986 144.60797 0.6013531
car 467.9809 479.95578 86.898415 119.2268 0.5054181
car 292.65292 340.0374 111.21371 142.17036 0.8842617
--
truck 266.73526 291.66873 108.31346 144.64082 0.53623337
car 467.9757 479.96066 86.97763 119.20309 0.5026012
car 291.85388 343.67065 107.78505 140.26793 0.7064851
--
truck 266.44202 291.9367 108.37836 145.0411 0.6400889
car 468.03345 479.97675 87.085266 119.182785 0.49248242
car 291.95938 343.9587 107.719315 140.37518 0.6904298
--
truck 266.73245 296.4135 108.424805 143.95033 0.6285111
car 468.02206 479.97232 87.09723 119.20606 0.48934048
car 291.8139 344.70987 107.64903 140.34561 0.78601503
--
truck 267.98877 297.0866 105.8932 140.43141 0.66354454
car 468.01492 479.97452 87.13568 119.231636 0.4898792
car 291.90424 346.35995 108.72525 139.02792 0.8426254
--
truck 266.72903 297.59918 108.03801 142.9905 0.5290407
car 468.18826 479.95135 86.774345 119.3911 0.560865
car 291.64944 347.1646 108.23194 139.47513 0.8654264
--
car 468.24924 479.94315 86.69748 119.355804 0.57006395
car 269.2914 298.22653 105.875305 140.40045 0.7001423
car 292.66534 346.9815 108.041824 139.36252 0.9484663
--
car 468.21808 479.90192 86.46583 119.452156 0.6042869
car 268.73257 298.81924 104.97386 140.79596 0.72824913
car 283.81375 351.24023 104.690865 140.9558 0.91539687
--
car 468.24103 479.90112 86.36295 119.52096 0.579908
car 268.69604 298.93323 105.084076 140.88322 0.7225139
car 284.0111 351.28574 104.58799 140.97533 0.90391254
--
car 468.24103 479.90222 86.34673 119.5368 0.5759482
car 269.19812 299.26364 104.109055 140.7724 0.67844415
car 282.1811 353.15118 104.26847 140.14433 0.86378133
--
car 468.25357 479.88748 86.16308 119.58171 0.5824701
car 268.85168 300.37555 103.49206 139.32886 0.679538
car 299.10107 351.85718 108.37901 137.49489 0.96759933
--
car 468.2422 479.88644 86.155685 119.582344 0.5817795
car 268.88773 300.3057 103.49914 139.31981 0.6613407
car 299.0251 351.86508 108.37936 137.53662 0.96872747
--
car 468.2631 479.90796 86.34239 119.542496 0.58648676
car 268.9476 300.68378 102.75814 138.25684 0.7363303
car 300.76553 353.1685 108.03855 137.06375 0.98037916
--
car 468.2245 479.88412 86.28117 119.54252 0.58763635
car 269.67337 305.32245 102.57234 137.30006 0.7080882
car 301.35474 354.37573 108.33444 137.04587 0.9851612
--
car 467.89697 479.78607 87.14866 118.84637 0.5486305
car 269.7758 304.97083 102.05932 137.28812 0.6789153
car 301.4672 355.05176 108.2938 136.6698 0.99092424
--
car 467.90237 479.77246 87.07489 118.840485 0.56616145
car 270.10193 304.46518 101.53045 136.54729 0.67116
car 303.27188 355.40427 107.66063 136.1663 0.99054295
--
car 467.9151 479.7691 87.04293 118.8978 0.5627302
car 269.61 305.63074 101.828415 135.16513 0.78926855
car 305.98947 354.945 107.42303 136.00299 0.98002625
--
car 467.91345 479.77036 87.06089 118.89017 0.5622608
car 269.7048 305.55994 101.71211 135.31548 0.72886777
car 305.89673 355.0161 107.46168 136.02486 0.97931576
--
car 467.92703 479.77774 87.24083 118.83921 0.5597435
car 269.97937 305.69244 101.17242 135.129 0.72027016
car 309.27576 359.16107 107.14676 134.59567 0.9875967
--
car 467.9095 479.7681 87.28452 118.80921 0.56473845
car 270.48895 305.32236 100.91998 135.20363 0.71515024
car 310.7072 359.14124 105.380615 132.95593 0.9836463
--
car 467.92343 479.7782 87.35529 118.80518 0.5584703
car 270.4742 305.3144 100.44889 135.09348 0.6422565
car 311.05142 359.0979 105.41047 133.05464 0.9775781
--
car 467.92526 479.76944 87.376976 118.799225 0.5627424
car 271.66455 305.83087 99.43044 128.8273 0.5861459
car 312.9233 359.41406 105.45364 132.37822 0.98386663
--
car 467.936 479.77225 87.3797 118.82593 0.5562824
car 270.86737 305.83618 100.14249 134.46304 0.79956424
car 314.03613 360.80417 104.99798 132.4108 0.9792193
--
car 467.97247 479.78854 87.430916 118.81928 0.55036247
car 270.86273 305.8431 100.12818 134.44972 0.804028
car 313.99136 360.7881 104.99274 132.39441 0.978475
--
car 467.9564 479.80627 87.57096 118.823685 0.5365905
car 271.76038 306.70892 99.220825 129.57468 0.7410756
car 315.75137 361.5305 104.54464 132.1096 0.9846001
--
car 467.95364 479.82642 87.678955 118.8191 0.5214291
car 271.77786 306.55835 99.014145 129.93648 0.72483855
car 317.70633 361.66602 103.548386 132.31235 0.98211956
--
car 467.88333 479.7571 87.21579 119.01585 0.53638995
car 271.53192 306.82538 98.84909 130.20502 0.7124804
car 317.83115 361.54077 103.38273 132.48567 0.9840541
--
car 467.88123 479.7617 87.30026 119.027275 0.52023447
car 271.50354 307.0732 98.746124 130.25012 0.73251396
car 317.83405 362.40833 101.941216 133.12207 0.9633971
--
car 467.93213 479.76834 87.33546 119.0135 0.5184909
car 271.36548 307.01926 98.21619 130.81937 0.73875713
car 321.26065 363.75287 101.78812 131.87387 0.9419718
--
car 467.93256 479.7658 87.301674 119.02994 0.5198657
car 271.35953 306.95197 98.24925 130.78897 0.7514209
car 321.35873 363.69077 101.869934 131.87834 0.94428116
--
car 468.1083 479.81857 87.15821 119.160805 0.530948
car 271.3098 307.29993 98.23151 130.8121 0.78738284
car 320.7003 365.2269 98.43341 130.69075 0.9640233
--
car 476.2063 480.4537 32.10579 44.927124 0.35565695
car 468.20734 479.83508 87.11126 119.20578 0.5252503
car 271.25577 307.286 98.25155 130.7116 0.80025417
car 321.05167 365.7018 98.83494 130.3025 0.9782677
--
car 476.2062 480.45422 32.1006 44.929554 0.35732532
car 468.2046 479.83185 87.10602 119.20279 0.52829933
car 271.25592 307.31793 98.17718 130.76588 0.8258046
car 321.083 365.62805 98.854935 130.27614 0.9800615
--
car 475.83228 480.49426 31.643114 44.992264 0.45520374
car 468.2065 479.8432 87.06713 119.22726 0.5246353
car 271.47598 307.1615 97.927376 130.92303 0.812491
car 322.12997 366.02774 98.78867 130.25487 0.9828668
--
car 468.1602 479.8391 87.185486 119.22047 0.5132185
car 474.43448 480.4902 32.034954 45.02795 0.6040301
car 271.30603 306.8084 98.10337 130.78185 0.8040701
car 323.83783 367.22168 98.16424 130.0241 0.98008835
--
car 468.1414 479.8298 87.0578 119.241585 0.52426225
car 474.31268 480.49622 32.02991 44.817024 0.61555135
car 271.32983 306.96857 98.10006 130.78357 0.81754
car 323.693 367.23254 98.09274 130.00237 0.980935
--
car 468.10632 479.80792 87.06462 119.173805 0.5449447
car 472.68045 480.26172 32.061554 44.605995 0.7740773
car 271.48962 307.34143 98.4281 130.56406 0.83430904
car 325.87616 367.5904 98.52856 129.518 0.989325
--
car 468.02496 479.78604 86.96235 119.242165 0.537497
car 271.46762 307.19125 98.157845 130.79868 0.7967704
car 472.16702 479.9314 31.461931 44.894867 0.8515952
car 326.4116 367.6812 97.72412 129.51074 0.9868818
--
car 468.16043 479.83963 86.63418 119.44328 0.55601233
car 271.98087 307.04053 98.37013 130.59508 0.8031659
car 472.28625 480.06964 31.221191 44.73802 0.8334395
car 326.5864 368.03415 98.144035 129.35883 0.99142015
--
car 468.13727 479.84152 86.76979 119.388725 0.5511612
car 272.01755 307.06918 98.50885 130.38013 0.78758585
car 471.69308 479.98877 31.165215 45.413372 0.8743452
car 328.1871 368.86023 97.89305 129.66362 0.9925015
--
car 468.007 479.76614 86.587265 119.40439 0.5617479
car 271.98367 306.80276 98.625275 130.13818 0.82362145
car 471.46173 480.0471 32.50273 45.897007 0.8561647
car 329.49896 368.6145 97.964516 129.41115 0.98968095
--
car 468.02252 479.76624 86.611305 119.38378 0.5652544
car 271.8179 306.87927 98.62492 130.16463 0.83084357
car 471.4342 480.04904 32.46759 45.931778 0.8518123
car 329.46823 368.60483 98.00798 129.40811 0.9893767
--
car 467.97934 479.78442 86.62324 119.38814 0.5564281
car 271.72018 307.19254 98.624954 130.22667 0.81459844
car 470.66052 480.29263 32.82224 46.554382 0.84997815
car 330.9465 368.28955 98.519615 128.2406 0.98885256
--
car 468.0593 479.7723 86.512695 119.44675 0.56271875
car 271.70792 307.18225 98.55629 130.30287 0.81555206
car 470.63126 480.47168 32.938423 46.799263 0.8543706
car 331.4193 368.59888 98.557556 127.78874 0.98825264
--
car 468.05353 479.77295 86.5211 119.451385 0.5619177
car 271.64447 307.0542 98.58011 130.40866 0.8238771
car 470.63205 480.477 33.081467 46.748875 0.8403186
car 331.58972 368.48965 98.527794 127.943344 0.9885674
--
car 467.9971 479.71652 86.322784 119.42796 0.58250964
car 271.73557 307.22293 98.34543 130.66045 0.8215407
car 469.44397 480.6236 32.899826 47.2157 0.917721
car 333.77563 369.82687 98.13784 126.8292 0.98582244
--
car 467.95642 479.73398 86.483406 119.447075 0.5372947
car 271.7402 307.17706 98.33743 130.6167 0.8163191
car 468.3592 480.42154 33.07404 47.397224 0.9310653
car 334.74872 369.82675 96.996185 125.06394 0.9798309
--
car 467.9529 479.7329 86.48419 119.45573 0.53558445
car 271.6671 307.0677 98.47332 130.43246 0.83149576
car 468.35715 480.39532 33.131447 47.37097 0.9305183
car 334.7189 369.8629 97.05006 125.307304 0.98051494
--
car 467.91965 479.75735 86.61886 119.40887 0.527457
car 271.75992 307.12476 98.54316 130.42477 0.82120997
car 467.63516 480.33246 32.393806 47.860336 0.92484075
car 335.49945 370.02274 96.34514 124.730034 0.9790978
--
car 467.8988 479.76047 86.73192 119.38531 0.5054165
car 271.7305 306.97244 98.608154 130.3468 0.7997648
car 466.8443 480.64008 32.469234 47.98263 0.92799747
car 335.82962 370.1978 96.215324 124.33931 0.9754895
--
car 467.733 479.7408 87.139595 119.17433 0.5474625
car 271.72882 307.01218 98.27539 130.55667 0.7606193
car 466.36676 480.71353 32.44173 48.287025 0.9440824
car 335.83884 370.1736 96.76526 124.39757 0.9754542
--
car 467.7524 479.72385 87.1041 119.22888 0.5480522
car 271.83014 307.15817 98.0758 130.7754 0.7545528
car 465.69876 480.56226 32.46371 48.44931 0.9360206
car 336.56744 370.58707 96.457405 123.901085 0.9731102
--
car 467.757 479.70972 86.99869 119.30322 0.5434525
car 271.78662 307.16797 98.10767 130.75279 0.750461
car 465.34824 480.0674 31.91032 48.90335 0.93227965
car 336.9733 370.4505 96.12039 124.06532 0.96268374
--
car 467.71973 479.70038 86.96509 119.2634 0.543339
car 271.80283 307.1399 98.0904 130.78484 0.7290041
car 465.35587 480.04297 31.86704 48.926064 0.9323949
car 336.8596 370.47873 96.11685 124.04296 0.9531182
--
car 467.70773 479.6678 87.11836 119.27174 0.54870033
car 271.80295 307.10403 98.0779 130.82945 0.7398309
car 465.11615 479.34207 32.03502 49.115253 0.8829557
car 337.05804 370.6161 95.84148 123.83792 0.9350379
--
car 467.76624 479.6609 86.99613 119.31945 0.55208606
car 465.43167 478.69458 32.396133 48.520317 0.7176036
car 271.7866 307.126 98.098595 130.79146 0.7532438
car 336.90274 370.54562 95.949776 123.75306 0.9507248
--
car 467.75568 479.66302 87.044235 119.29119 0.5553013
car 465.40308 478.664 32.40622 48.5575 0.69775975
car 271.7754 307.26276 98.055115 130.80345 0.7607617
car 336.83188 370.50964 96.114746 123.77144 0.95766884
--
car 467.765 479.65778 86.97786 119.295944 0.5562451
car 271.83582 307.17706 98.05609 130.83296 0.7580919
car 461.87344 477.68375 35.004375 49.59895 0.84252536
car 336.68036 370.4927 96.232475 123.75016 0.95893633
--
car 467.7577 479.66824 87.07208 119.2679 0.5526232
car 271.881 307.32678 98.10828 130.78625 0.74185044
car 461.38394 477.56104 34.945095 49.88558 0.8866317
car 336.68448 370.4332 96.14844 123.87244 0.9468454
--
car 467.76648 479.67014 87.05452 119.28056 0.5515955
car 271.84793 307.41193 98.1148 130.76634 0.7597885
car 461.35205 477.56577 35.006996 49.850704 0.88436633
car 336.72437 370.4151 96.15301 123.94844 0.94799286
--
car 467.74594 479.66833 87.3186 119.144714 0.55490625
car 271.75394 307.3457 98.16934 130.67868 0.77885646
car 460.35104 477.47723 35.137436 49.97665 0.8910961
car 336.6886 370.30243 96.20143 123.83309 0.95297074
--
car 467.79822 479.69772 87.34806 119.137566 0.5498186
car 271.78952 307.38806 98.31888 130.47908 0.78011966
car 459.76706 477.1761 35.247158 49.98295 0.9264512
car 336.3631 370.3736 95.96647 123.94821 0.96251947
--
car 467.43707 479.62384 87.10037 119.16949 0.52688235
car 271.48566 307.6769 98.13989 130.78409 0.77727854
car 336.61508 369.8979 95.782394 124.20559 0.90670055
car 459.34262 477.43527 35.288624 50.07609 0.91909575
--
car 467.45587 479.62936 87.12341 119.178665 0.5202808
car 271.49692 307.73996 98.13524 130.77605 0.7836358
car 336.54547 369.8931 95.74936 124.29688 0.9055966
car 458.74454 476.49463 35.77582 49.922035 0.93554676
--
car 467.38858 479.62433 87.08501 119.15779 0.51436496
car 271.48663 307.68018 98.25305 130.62027 0.78336793
car 336.3583 369.78433 95.54284 124.51389 0.84257406
car 458.07034 475.62192 35.782593 49.983067 0.95122045
--
car 467.38016 479.6233 87.09523 119.15091 0.5128923
car 271.47638 307.72336 98.161255 130.70056 0.7845823
car 336.3722 369.75037 95.55229 124.49944 0.8310929
car 457.98965 475.64468 35.762306 49.99334 0.9513058
--
car 467.39276 479.64822 87.11898 119.19271 0.4975919
car 271.4908 307.6458 98.15914 130.6777 0.78391117
car 336.42572 369.80017 95.55438 124.46551 0.83521545
car 456.6889 474.1851 35.418285 50.34777 0.9637922
--
car 467.42282 479.6224 87.16088 119.171844 0.52308834
car 271.42862 307.64255 98.15022 130.73608 0.7714094
car 336.34976 369.8106 95.50452 124.67232 0.84655714
car 455.3752 474.1988 35.294262 50.56664 0.94486356
--
car 467.4248 479.62518 87.16284 119.15962 0.51957375
car 271.4101 307.64432 98.20861 130.67175 0.7709625
car 336.28494 369.80762 95.44098 124.718124 0.844962
car 455.394 474.14377 35.30874 50.577095 0.94501907
--
car 467.3465 479.6136 87.19877 119.11452 0.50591004
car 271.30783 307.68848 98.14604 130.72081 0.80006814
car 336.34427 369.866 95.31989 124.70806 0.8609734
car 454.18933 473.48785 35.178196 50.779995 0.9564106
--
car 467.35718 479.63748 87.36187 119.05149 0.49814394
car 271.44464 307.6695 98.25349 130.62515 0.82008195
car 336.22202 369.86295 95.26898 124.912285 0.859873
car 452.75397 473.39288 35.38608 50.824387 0.96080166
--
car 467.34784 479.63403 87.37937 119.04047 0.49756423
car 271.45105 307.66382 98.25578 130.627 0.8170168
car 336.24365 369.8504 95.32072 124.9292 0.8539643
car 452.81204 473.37817 35.421898 50.763306 0.96101326
--
car 467.36688 479.644 87.4642 119.03568 0.50126886
car 336.1388 369.92648 95.21668 124.97102 0.8277105
car 271.41568 307.56467 98.39794 130.48785 0.840758
car 451.69315 473.59378 35.22938 50.685307 0.94740254
--
car 467.41306 479.66068 87.4605 119.02384 0.49051318
car 271.5129 307.7373 98.47991 130.34778 0.8353154
car 336.07712 369.98865 95.18307 124.92462 0.8531684
car 451.56406 473.16678 34.89851 51.014015 0.9174175
--
car 467.9592 479.74643 87.46661 119.09636 0.5063202
car 451.4672 473.17633 34.7154 51.066963 0.86937934
car 271.57806 308.1766 98.37541 130.35982 0.87411726
car 336.03665 370.3605 94.9807 125.12686 0.91639674
--
car 467.98428 479.7868 87.60375 119.03796 0.5060188
car 271.58353 308.06195 98.28987 130.48007 0.86368924
car 335.95493 370.3692 94.889755 125.29289 0.90969247
car 450.99908 470.26315 35.969734 52.08333 0.9410266
--
car 467.98846 479.79373 87.64718 119.06582 0.49131495
car 271.61496 307.92642 98.423035 130.42986 0.85153466
car 335.94836 370.3038 94.97026 125.364044 0.9056843
car 450.35226 469.72748 35.512383 52.294773 0.9595101
--
car 467.98663 479.7921 87.638794 119.07352 0.48858193
car 271.64627 307.88998 98.499756 130.35762 0.845624
car 335.95767 370.30176 95.01729 125.273674 0.9095892
car 450.29965 469.70914 35.529907 52.274464 0.9587832
--
car 467.99936 479.79697 87.53062 119.12202 0.48262128
car 271.65076 307.98615 98.49962 130.34363 0.8593237
car 336.05884 370.25195 94.90899 125.40963 0.90653723
car 449.54993 468.77606 35.9366 52.142498 0.9706204
--
car 468.0211 479.79147 87.41721 119.1815 0.4834879
car 271.46692 308.02084 98.55602 130.16975 0.8638024
car 336.15347 370.27945 94.91833 125.32046 0.91185945
car 448.68414 467.76517 36.617046 52.16134 0.975169
--
car 468.03146 479.79684 87.39086 119.221176 0.4785238
car 271.47614 308.01828 98.514404 130.21878 0.8605952
car 336.18076 370.28854 94.867584 125.34285 0.9107833
car 448.73203 467.73157 36.55308 52.134155 0.9745315
--
car 467.98532 479.78632 87.414825 119.23213 0.47296682
car 271.52197 307.97336 98.52093 130.22058 0.86129194
car 336.26355 370.25034 94.923485 125.40149 0.904968
car 447.5097 466.99167 36.79741 52.283604 0.9762967
--
car 467.98505 479.7903 87.28418 119.316536 0.45225504
car 271.58282 308.16766 98.4666 130.25528 0.8480395
car 336.24414 370.28854 94.87637 125.49714 0.9088473
car 445.83618 466.86063 36.503307 52.51041 0.9716307
--
car 467.99127 479.78918 87.25993 119.31879 0.45540643
car 271.6125 308.05222 98.53718 130.15642 0.8415147
car 336.2452 370.27817 94.82908 125.6758 0.9120289
car 445.81885 466.84232 36.446903 52.522675 0.97227734
--
car 468.01517 479.80106 87.33916 119.31363 0.44497654
car 271.66653 308.0203 98.48048 130.24873 0.8387312
car 336.2361 370.211 94.737114 125.712204 0.92268616
car 443.9132 466.4384 35.90454 53.167744 0.96459234
--
car 468.04428 479.82785 87.34343 119.39366 0.43021533
car 271.66434 308.03436 98.45575 130.33571 0.8374129
car 336.1814 370.28683 94.74609 125.630615 0.924598
car 442.3911 465.7183 36.112247 53.208588 0.9695472
--
car 467.95877 479.81253 87.54695 119.28805 0.425508
car 271.87512 307.56924 98.22015 130.75594 0.8204036
car 336.03043 370.16336 94.77532 125.3819 0.92347026
car 442.45554 465.44064 36.34125 53.24556 0.9691147
--
car 468.00845 479.82425 87.311874 119.461525 0.40638906
car 271.86984 307.56305 98.21172 130.74823 0.8214777
car 336.03204 370.18344 94.78458 125.39053 0.92105573
car 442.0032 464.9968 36.09736 53.478592 0.959
--
car 467.99445 479.8189 87.17784 119.51035 0.4106202
car 271.8832 307.53168 98.23766 130.73476 0.8283746
car 336.1004 370.17194 94.7879 125.466156 0.9182437
car 442.41827 464.11847 36.536232 53.56358 0.921103
--
car 467.9918 479.82184 87.19797 119.5052 0.40967742
car 271.92957 307.5279 98.27716 130.67787 0.83116144
car 442.39877 464.14365 36.516003 53.566654 0.9233669
car 336.0861 370.21088 94.76558 125.47979 0.92557365
--
car 468.01245 479.81915 87.06821 119.60005 0.3863284
car 271.99564 307.6246 98.277534 130.66673 0.81970084
car 336.0464 370.19598 94.733604 125.53626 0.930452
car 441.59024 461.15643 36.996693 54.541424 0.9663762
--
car 468.00024 479.82364 87.02627 119.65004 0.3612216
car 271.88904 307.64154 98.305504 130.59099 0.8054453
car 336.02887 370.18707 94.74998 125.52453 0.9291621
car 440.71198 460.6545 37.51265 54.703583 0.9743521
--
car 468.02008 479.82904 87.014565 119.6569 0.3624281
car 271.85095 307.64023 98.24164 130.67343 0.8032503
car 336.04172 370.1713 94.78001 125.56359 0.929503
car 440.7588 460.66748 37.46092 54.710964 0.9731479
--
car 467.9209 479.80652 86.91519 119.69934 0.32884514
car 271.8315 307.72797 98.23613 130.6507 0.81295836
car 336.0213 370.20105 94.71126 125.595474 0.9292439
car 439.53592 460.20703 37.741184 54.400322 0.9686351
--
car 467.93414 479.80356 86.9154 119.72291 0.31934497
car 271.80777 307.81512 98.21417 130.60834 0.8091525
car 336.028 370.23795 94.73193 125.57285 0.93261385
car 438.3927 458.75537 38.080658 53.99185 0.9656661
--
car 467.93027 479.7965 86.92905 119.72168 0.32031336
car 271.75925 307.802 98.23872 130.57349 0.8191311
car 336.07443 370.25925 94.781715 125.535194 0.9339888
car 438.37665 458.76416 38.105164 53.96239 0.9657312
--
car 467.94858 479.79468 86.88117 119.72299 0.33810434
car 271.7128 307.87912 98.217026 130.56038 0.8198672
car 336.00064 370.17633 94.83552 125.61086 0.9317237
car 437.33215 458.05896 38.083344 53.910416 0.9620517
--
car 467.98932 479.8058 86.79759 119.774345 0.33912626
car 271.7424 307.985 98.28092 130.35063 0.82409626
car 336.02213 370.17593 94.82585 125.63632 0.93177986
car 435.487 457.2507 38.083862 54.35298 0.952095
--
car 468.17242 479.91086 86.85226 119.87111 0.36445415
car 271.9655 307.9485 98.35693 130.27701 0.7476647
car 336.08047 370.31622 94.825554 125.47174 0.91519624
car 435.24832 457.41287 38.2395 54.52938 0.94792074
--
car 468.11386 479.889 86.96898 119.76149 0.38502753
car 271.99405 307.9225 98.396164 130.14496 0.7260519
car 336.0844 370.34695 94.86045 125.24803 0.8997741
car 434.66257 456.2851 36.67401 55.495403 0.9463989
--
car 468.0888 479.90472 87.0784 119.70339 0.3716831
car 271.92865 307.76245 98.30191 130.26942 0.7109178
car 336.24457 370.33084 94.767044 125.504196 0.8710602
car 434.05957 455.8532 36.886475 55.501842 0.95643127
--
car 468.12326 479.9025 87.027565 119.74869 0.38199523
car 271.89044 307.7683 98.32624 130.2887 0.7335701
car 336.1428 370.3133 94.77591 125.62455 0.88991517
car 434.037 455.82635 36.890133 55.48469 0.95613855
--
car 468.1679 479.91663 87.0848 119.73746 0.37137663
car 271.81595 307.67984 98.18184 130.48148 0.720071
car 336.17154 370.29205 94.79252 125.60593 0.8845495
car 433.33917 455.0651 37.025475 55.443047 0.9377894
--
car 468.14325 479.9116 87.28221 119.57485 0.3990941
car 271.7586 307.64905 98.14802 130.52544 0.7202855
car 336.23163 370.2232 94.78761 125.6799 0.8801247
car 432.89914 454.5389 36.87154 55.28974 0.92706
--
car 468.1313 479.908 87.25893 119.60749 0.390687
car 271.68362 307.65808 98.12769 130.50089 0.71827775
car 336.24402 370.20734 94.83655 125.71463 0.8809107
car 432.89832 454.56223 36.86856 55.305435 0.928536
--
car 468.179 479.91055 87.2588 119.62183 0.39209804
car 271.59692 307.6223 98.17187 130.48502 0.7455373
car 336.30554 370.23242 94.85326 125.71179 0.88826764
car 431.46738 452.92184 37.85339 56.798023 0.9353837
--
car 468.06055 479.87543 87.26551 119.537506 0.41090453
car 271.71655 307.82056 98.23296 130.26927 0.757216
car 336.2815 370.2341 94.8749 125.69812 0.89844817
car 432.1868 452.11215 38.113087 55.735413 0.9539904
--
car 468.04773 479.87302 87.27071 119.52713 0.41153803
car 271.65094 307.74905 98.21318 130.29132 0.7497112
car 336.2156 370.23734 94.86898 125.70187 0.8977946
car 432.21393 452.1061 38.05579 55.695374 0.95370144
--
car 468.0681 479.8658 87.44931 119.41858 0.41978762
car 271.71017 307.75534 98.17243 130.32692 0.7232856
car 336.28143 370.2197 94.900475 125.764114 0.89418745
car 430.39288 452.6396 37.922985 57.50223 0.9689534
--
car 468.01382 479.82556 87.66783 119.33159 0.41229957
car 271.64023 307.6814 98.064064 130.46684 0.74008125
car 336.35895 370.0985 94.80525 125.82811 0.8963869
car 429.12442 451.4198 38.947407 56.854553 0.97248995
--
car 468.00085 479.76883 87.88145 119.22694 0.43627986
car 271.9771 308.0506 98.25163 130.32906 0.7799118
car 336.13818 370.14334 94.84727 125.88287 0.91780627
car 429.33426 451.5853 38.905365 56.784554 0.9690031
--
car 468.03784 479.77838 87.79936 119.29764 0.44927245
car 272.03128 308.0821 98.2953 130.2754 0.771938
car 336.1493 370.147 94.83432 125.87585 0.9195111
car 428.5583 450.04544 39.135647 56.469765 0.94456035
--
car 468.07034 479.7915 87.709015 119.336555 0.45838967
car 272.0202 308.1288 98.29756 130.26007 0.7754856
car 426.51483 449.47266 39.209667 56.570362 0.916606
car 336.14 370.15024 94.80298 125.870384 0.92550355
--
car 468.07275 479.79227 87.71679 119.338745 0.4574818
car 272.00842 308.13712 98.271164 130.3139 0.7766433
car 426.53253 449.416 39.166534 56.59567 0.9156297
car 336.1275 370.14972 94.793015 125.889084 0.9258777
--
car 468.03384 479.79156 87.51132 119.35684 0.47794235
car 271.96448 308.09714 98.23941 130.39679 0.7755088
car 336.12384 370.17798 94.7767 125.880005 0.92757183
car 425.38336 448.41504 38.961964 56.99357 0.9281712
--
car 467.96832 479.78702 87.59643 119.34322 0.45645908
car 272.04538 307.9914 98.20303 130.38696 0.7660626
car 336.13235 370.1455 94.79508 125.88644 0.9298242
car 424.56213 447.66986 39.23139 57.010212 0.9489939
--
car 467.97598 479.784 87.528786 119.362976 0.46522713
car 271.9983 308.0041 98.156586 130.52542 0.76225215
car 336.1375 370.15936 94.77781 125.90118 0.92991644
car 424.56125 447.59442 39.1266 57.083374 0.94550383
--
car 467.96112 479.78305 87.53851 119.358894 0.4553447
car 271.99155 307.9208 98.15634 130.45366 0.76460844
car 336.2066 370.17435 94.78668 125.88546 0.9289779
car 423.84143 447.07986 39.23407 57.317432 0.9582164
--
car 467.9426 479.78424 87.48443 119.315384 0.47066012
car 271.91418 307.95398 98.10928 130.54657 0.7596825
car 336.11093 370.20352 94.77953 125.89709 0.9301214
car 423.39572 446.3707 39.13741 57.4316 0.9460679
--
car 467.94348 479.7853 87.479996 119.31281 0.4714409
car 271.92636 307.88925 98.116104 130.53015 0.7624417
car 336.10837 370.20242 94.79137 125.88779 0.92877257
car 423.42984 446.3507 39.11776 57.408657 0.9483332
--
car 467.88376 479.779 87.4636 119.286705 0.4737445
car 271.7866 307.84946 98.00794 130.74887 0.76263696
car 336.06097 370.20676 94.796165 125.942406 0.927447
car 423.10333 445.92352 39.466892 57.72807 0.93057615
--
car 467.86642 479.75558 87.43279 119.304794 0.48906156
car 271.71454 307.75433 98.01224 130.77779 0.77060574
car 421.59967 444.08334 39.68976 57.89895 0.92156243
car 336.08905 370.28754 94.805855 125.921814 0.9289546
--
car 467.90878 479.79666 87.77765 119.252495 0.450856
car 271.65298 307.76486 98.1176 130.76521 0.7613192
car 336.1014 370.19217 94.77991 125.776375 0.91727287
car 421.84442 444.1438 39.95721 57.856686 0.9276667
--
car 467.87897 479.7815 87.78293 119.254486 0.43381962
car 271.68427 307.77573 98.129715 130.73782 0.76799965
car 336.11496 370.1811 94.784996 125.84731 0.91644466
car 421.1685 443.93973 40.33648 57.921932 0.966369
--
car 467.82764 479.77664 87.77793 119.21471 0.43617022
car 271.56085 307.8662 98.176384 130.73602 0.75509924
car 336.1206 370.14563 94.79753 125.874115 0.914585
car 420.303 443.49377 40.515526 57.88368 0.95044243
--
car 467.82782 479.77545 87.77054 119.21967 0.43322006
car 271.4801 307.93564 98.20875 130.7244 0.7513871
car 336.12515 370.11908 94.811775 125.88002 0.91501
car 420.27023 443.47083 40.509117 57.927845 0.9513169
--
car 467.8223 479.78177 87.55235 119.2286 0.46005562
car 271.4888 307.95218 98.24196 130.67274 0.7511442
car 419.12646 442.60095 40.48711 58.124176 0.84820575
car 336.11465 370.193 94.793755 125.909996 0.9196295
--
car 467.84982 479.76978 87.39826 119.29412 0.45069584
car 271.51294 307.8845 98.26161 130.6473 0.7588971
car 417.7331 441.8022 40.67823 58.46162 0.8779048
car 336.10333 370.19208 94.78518 125.91917 0.9153635
--
car 467.85388 479.77032 87.35755 119.32015 0.44604948
car 271.6003 307.8026 98.28675 130.66222 0.74400645
car 417.694 441.79736 40.667965 58.45986 0.88260835
car 336.25317 370.2619 94.79182 125.869675 0.91320795
--
car 467.80197 479.76306 87.350426 119.255585 0.46338877
car 271.5534 307.76202 98.25221 130.7212 0.75098205
car 416.6883 440.8304 40.11744 58.90279 0.8754916
car 336.24866 370.23108 94.74937 125.98036 0.91966546
--
car 467.75385 479.75916 87.54449 119.168205 0.4434662
car 271.60855 307.6199 98.20185 130.72514 0.7589935
car 336.24014 370.3192 94.794846 125.91135 0.91929454
car 415.95648 440.03113 40.339947 58.623512 0.94118553
--
car 467.7601 479.76147 87.511444 119.19392 0.4381504
car 271.60828 307.57883 98.19417 130.72174 0.7520117
car 336.24808 370.3181 94.79025 125.92214 0.9184217
car 415.95465 440.0411 40.376747 58.629757 0.94471544
--
car 467.75 479.76212 87.420876 119.213936 0.4267533
car 271.58878 307.5678 98.1723 130.7408 0.75859946
car 336.2773 370.28973 94.82052 125.90981 0.9145788
car 415.55093 439.1022 39.978664 59.02196 0.94854665
--
car 467.8067 479.7708 87.29012 119.310234 0.42211077
car 271.64554 307.68448 98.20256 130.71634 0.75525725
car 336.2851 370.32996 94.85512 125.87682 0.90925324
car 415.07013 438.13086 40.17881 59.597393 0.9571506
--
car 467.73718 479.774 87.41801 119.184784 0.4273967
car 271.6463 307.45084 97.99455 130.94926 0.75710964
car 336.151 369.95404 94.78085 125.57854 0.9082979
car 415.0707 438.25912 40.22777 59.46787 0.9653631
--
car 467.70496 479.75748 87.39124 119.18338 0.42945898
car 271.6364 307.48212 98.022606 130.93706 0.7516573
car 336.12567 369.9329 94.76101 125.591606 0.9064483
car 415.08154 437.10046 40.145416 59.59128 0.94011885
--
car 467.6931 479.74664 87.40096 119.13947 0.43697816
car 271.58945 307.45288 98.035545 130.89522 0.7656185
car 336.17368 369.97708 94.708435 125.62587 0.9125149
car 414.9552 436.60553 40.444935 59.631054 0.92186123
--
car 467.6946 479.74734 87.39798 119.137505 0.43692365
car 271.58478 307.36203 98.03486 130.93657 0.77380997
car 336.16373 369.98685 94.713005 125.63418 0.9119584
car 414.9883 436.56906 40.450462 59.621716 0.9195569
--
car 467.62 479.73877 87.41133 119.07534 0.4374241
car 271.57776 307.31372 98.032166 130.94995 0.7724474
car 415.2466 435.64233 40.507446 59.462414 0.87419915
car 336.16434 370.01086 94.74152 125.60806 0.904124
--
car 467.66006 479.7207 87.19678 119.18637 0.444208
car 271.57364 307.37173 98.03969 130.94359 0.7712817
car 413.56635 433.9899 40.93932 59.30246 0.87682873
car 336.1136 369.99982 94.74807 125.57755 0.9115261
--
car 467.6523 479.7219 87.23926 119.171 0.4439682
car 271.574 307.37708 98.038155 130.94894 0.7716365
car 413.60077 433.96686 40.92732 59.295246 0.8788504
car 336.1173 370.01877 94.733574 125.592514 0.91211534
