--
car 284.18738 322.1201 12.331674 32.037815 0.9693736
car 8.843404 61.097775 50.219547 76.90538 0.9894946
--
car 284.1679 321.98895 12.217566 32.181767 0.9755842
car 8.754865 61.22459 50.32148 76.90086 0.98993254
--
car 284.2858 321.91684 12.2133465 32.15776 0.9763513
car 8.734367 61.17449 50.369953 76.89862 0.990407
--
car 284.22214 321.91898 12.165677 32.187706 0.97669965
car 8.708208 61.195236 50.35857 76.895035 0.9903623
--
car 284.2687 321.93268 12.20463 32.152 0.9758209
car 8.656399 61.216393 50.336468 76.88976 0.99076897
--
car 284.26874 322.04037 11.999464 32.276443 0.97409314
car 8.661833 61.214996 50.340794 76.88638 0.9908099
--
car 284.265 322.1049 11.999256 32.272057 0.9724935
car 8.624754 61.158165 50.37905 76.87353 0.99082327
--
car 284.33478 322.10205 12.0313425 32.16667 0.9717886
car 8.65146 61.177174 50.397823 76.83848 0.99127674
--
car 284.22375 322.22327 11.86167 32.224575 0.9723399
car 8.583128 61.17666 50.439728 76.82675 0.9911358
--
car 284.36597 322.10092 11.8336 32.3468 0.97340053
car 8.597215 61.176926 50.435997 76.82429 0.99129975
--
car 284.3779 322.02783 11.668878 32.50114 0.97472596
car 8.600623 61.179493 50.4285 76.82955 0.9912155
--
car 283.6436 322.6782 13.410468 34.475975 0.97389764
car 8.651345 61.156933 50.446354 76.82205 0.9913214
--
car 284.50882 321.9081 11.415901 32.72253 0.9744331
car 8.570164 61.104168 50.691383 76.520546 0.9901203
--
car 284.45145 321.92313 11.320929 32.81439 0.97383094
car 8.574249 61.12069 50.69801 76.513695 0.99024975
--
car 284.46887 321.90845 11.27506 32.856136 0.9730878
car 8.567471 61.11745 50.68446 76.51545 0.99026036
--
car 284.50037 321.89072 11.357436 32.84806 0.97344524
car 8.463096 61.26008 50.716625 76.54042 0.9899911
--
car 283.82745 322.13257 13.486711 34.34499 0.9706998
car 8.437351 61.274902 50.68298 76.55023 0.9898943
--
car 284.62494 321.84152 11.687849 32.590332 0.97027725
car 8.447934 61.274586 50.68948 76.54696 0.99001557
--
car 284.63846 321.82236 11.711707 32.571262 0.9709275
car 8.448004 61.27337 50.690414 76.54709 0.9899989
--
car 284.63812 321.82272 11.712678 32.56939 0.9708326
car 8.480626 61.252 50.68684 76.554985 0.9899322
--
car 284.6619 321.83807 11.637333 32.638874 0.9715306
car 8.489422 61.246346 50.69917 76.55667 0.9898644
--
car 284.7242 321.85333 11.466735 32.789043 0.97212404
car 8.489372 61.247437 50.698414 76.55505 0.98991036
--
car 284.7081 321.86453 11.471737 32.75732 0.9722176
car 8.481692 61.264343 50.69411 76.551636 0.9899304
--
car 288.04156 300.0575 -0.27813804 6.5673676 0.30114454
car 284.83466 321.7438 11.536507 32.707657 0.9729829
car 8.487619 61.274506 50.63279 76.57419 0.98984843
--
car 287.89142 300.14865 -0.36170328 6.550568 0.34904858
car 284.89102 321.82367 11.443412 32.796402 0.9778734
car 8.662597 61.3746 50.502575 76.75163 0.99191636
--
car 287.9779 300.16647 -0.41267294 6.5540166 0.42377806
car 285.05753 321.70187 11.575569 32.684845 0.97787565
car 8.659612 61.35691 50.48508 76.75943 0.99188423
--
car 287.7624 300.41733 -0.5623255 6.749516 0.44013834
car 285.02225 321.7337 11.562037 32.643112 0.97751385
car 8.702302 61.329494 50.48043 76.77502 0.99191344
--
car 287.39847 300.2488 -0.7465553 6.768894 0.48388156
car 285.05447 321.59055 11.46937 32.71976 0.97764856
car 8.702531 61.321884 50.479633 76.776184 0.9918878
--
car 286.96835 300.35858 -0.7096448 7.5144453 0.70799404
car 285.25204 321.565 11.395801 32.764675 0.97625697
car 8.660629 61.357098 50.484463 76.755135 0.99192536
--
car 286.80887 299.9357 -1.03925 7.3984027 0.7985638
car 285.25607 321.5229 11.548645 32.67496 0.98048043
car 8.678452 61.362976 50.49072 76.749825 0.99192315
--
car 285.58347 299.38437 -0.7179586 7.325763 0.80060244
car 285.19867 321.5024 11.518162 32.681637 0.9808202
car 8.669991 61.36339 50.504505 76.75202 0.99189335
--
car 285.47516 299.42853 -0.7241857 7.4468317 0.8159175
car 285.22525 321.4307 11.498965 32.756496 0.9820112
car 8.647673 61.408947 50.40713 76.754875 0.9911081
--
car 284.60196 299.82346 -0.9949597 7.7554426 0.8440281
car 285.20367 321.48438 11.073295 33.10858 0.9823769
car 8.66459 61.39336 50.41457 76.75933 0.99118555
--
car 284.47308 298.81784 -0.96357656 7.972024 0.8730062
car 285.27194 321.382 11.346685 32.924885 0.98318374
car 8.658036 61.391552 50.407215 76.76497 0.9910507
--
car 284.25436 298.89273 -1.109816 8.108951 0.897587
car 285.16638 321.49167 11.192414 33.010178 0.98534083
car 8.651202 61.398533 50.40373 76.75373 0.9911145
--
car 283.716 298.97247 -1.3025728 8.323552 0.9139007
car 285.0572 321.4806 11.417021 32.861847 0.98523235
car 8.659914 61.399757 50.405865 76.75426 0.99114776
--
car 283.31433 298.53333 -0.92179006 8.371007 0.84551865
car 284.80026 321.46536 11.689163 32.591534 0.98401403
car 8.550232 61.357864 50.71289 76.677185 0.99242866
--
car 283.3187 298.52966 -0.9236864 8.371874 0.84630316
car 284.81116 321.45905 11.684386 32.592834 0.98420703
car 8.55411 61.36004 50.711395 76.675026 0.99244505
--
car 283.46432 298.589 -0.9321957 8.691161 0.8106488
car 284.71225 321.54752 11.507921 32.71859 0.98505896
car 8.556167 61.3582 50.725796 76.670494 0.9924631
--
car 283.06943 298.198 -0.66681594 8.677423 0.7806922
car 284.71906 321.5075 11.560234 32.652473 0.98469746
car 8.562153 61.347115 50.72237 76.6829 0.9924643
--
car 282.8243 297.11713 -0.54668146 8.762795 0.7350483
car 284.86957 321.51727 11.593461 32.581738 0.9842003
car 8.557597 61.347687 50.728737 76.67694 0.99241644
--
car 282.29117 296.48462 -0.60799646 8.86744 0.7236187
car 284.80026 321.6053 11.348835 32.81455 0.9842712
car 8.554246 61.354294 50.727234 76.68042 0.9923638
--
car 281.4728 296.54102 -0.91827136 9.338119 0.7352617
car 284.57538 321.65662 11.404456 32.75991 0.98483807
car 8.548048 61.353508 50.724113 76.6862 0.9924398
--
car 281.53006 296.54465 -0.8741373 9.28659 0.7116092
car 284.58127 321.6659 11.345196 32.81155 0.98462945
car 8.543926 61.35059 50.729454 76.67705 0.99245095
--
car 281.97964 297.5884 -0.048260987 10.416466 0.74014837
car 284.50137 321.71912 11.216599 32.898346 0.983799
car 8.546582 61.357407 50.736473 76.67498 0.9924602
--
car 282.31277 297.23004 0.15674561 10.670495 0.7033503
car 284.50394 321.66122 11.432653 32.561054 0.9800587
car 8.577147 61.35611 50.74563 76.64225 0.99264264
--
car 282.73975 297.1896 0.3100389 10.672456 0.62458074
car 284.57022 321.57938 11.689443 32.41945 0.97996664
car 8.561502 61.369194 50.75413 76.634315 0.99268574
--
car 282.3726 296.75397 -0.0053687766 10.69787 0.64855003
car 284.35254 321.6433 11.986401 32.19293 0.9779272
car 8.540595 61.380295 50.71473 76.64998 0.99273485
--
car 281.84433 296.40338 -0.015729144 11.057047 0.5750829
car 284.1888 321.4978 11.841394 32.125362 0.98058987
car 8.602252 61.205692 50.75384 76.58257 0.99357027
--
car 281.76123 296.36658 -0.042363815 11.02925 0.59316444
car 284.1676 321.50345 11.862748 32.133392 0.98134345
car 8.60681 61.206127 50.756096 76.5794 0.9936297
--
car 282.2513 296.281 0.43469387 11.0965605 0.524555
car 284.45688 321.50537 11.823456 32.193714 0.979359
car 8.602779 61.20703 50.750217 76.58356 0.9935112
--
car 277.9237 292.4469 1.2869622 12.540491 0.93369246
car 283.68182 321.9555 13.707775 34.071224 0.978786
car 8.626421 61.200058 50.782112 76.584564 0.9934982
--
car 277.67148 292.34933 1.0840979 12.775528 0.942664
car 283.80414 321.28595 12.855955 31.678497 0.9806768
car 8.62408 61.190952 50.771244 76.58805 0.9935521
--
car 277.5045 292.32538 0.9341866 13.377881 0.92688686
car 283.72467 321.49875 12.526659 31.86689 0.9795615
car 8.63134 61.201378 50.76882 76.58081 0.993626
--
car 277.30682 292.13254 1.8080516 13.991948 0.95025635
car 283.6104 322.19232 13.758832 34.078747 0.9784971
car 8.635145 61.189335 50.75389 76.591385 0.9936964
--
car 277.22684 292.23657 1.8442199 14.069034 0.9569212
car 283.54517 322.2084 13.742375 34.089134 0.9787906
car 8.634355 61.193447 50.72831 76.59678 0.9937135
--
car 276.96054 291.99072 2.1638896 14.370276 0.96332425
car 284.00388 321.32043 13.019564 31.55848 0.97604537
car 8.645359 61.19723 50.747738 76.58521 0.9937326
--
car 276.80377 291.52786 2.146698 14.588784 0.9659374
car 284.16748 321.21124 13.034218 31.579073 0.9782425
car 8.640345 61.192432 50.7397 76.58858 0.9937009
--
car 276.93936 290.845 2.5700846 15.313928 0.97061324
car 283.48203 322.15756 13.779886 34.16269 0.98156035
car 8.644518 61.188255 50.757088 76.5851 0.99373853
--
car 276.2582 289.9079 2.463255 16.235561 0.9715744
car 283.29462 322.03653 13.694412 34.330578 0.98346454
car 8.649702 61.202618 50.77191 76.578804 0.99367857
--
car 275.98346 289.45374 3.4248927 16.597904 0.97646815
car 283.87817 321.98526 13.781098 34.266396 0.98305416
car 8.773736 61.163055 50.685345 76.60907 0.9927529
--
car 275.98996 289.4598 3.4332871 16.603802 0.9764041
car 283.84158 322.03275 13.785766 34.265976 0.982507
car 8.822719 61.15259 50.652466 76.62206 0.99279654
--
car 275.77893 288.69305 3.6214979 16.58226 0.9585168
car 284.01144 321.90512 13.759032 34.326767 0.98133206
car 8.814858 61.154522 50.651684 76.6159 0.9928212
--
car 275.57367 288.32043 3.1722915 17.189953 0.9507755
car 283.88364 321.80826 13.718207 34.372974 0.983103
car 8.813111 61.14521 50.648926 76.61453 0.9929212
--
car 275.16168 287.87332 3.5224438 17.323372 0.9589754
car 283.98096 321.82858 13.686182 34.36765 0.9824548
car 8.816085 61.14289 50.647087 76.610275 0.9930411
--
car 275.08624 288.24564 3.0951116 18.325024 0.9647354
car 283.67343 321.89966 13.649727 34.42782 0.9839379
car 8.818939 61.13665 50.638786 76.6051 0.9931208
--
car 275.0335 287.7297 3.0325618 18.450302 0.945973
car 283.63614 321.80585 13.697934 34.4538 0.98384535
car 8.813252 61.149624 50.642693 76.59993 0.99302995
--
car 275.00262 287.70905 2.8971753 18.364717 0.95291966
car 283.74088 321.80994 13.67193 34.438576 0.9844873
car 8.816489 61.148586 50.647316 76.59972 0.9930038
--
car 274.22305 287.7207 2.822204 18.945374 0.9349473
car 283.6954 321.92004 13.620709 34.452847 0.98368347
car 8.810156 61.15113 50.63029 76.60218 0.99301517
--
car 274.33054 287.5042 2.868156 19.349047 0.9471499
car 283.78793 321.96786 13.581111 34.491104 0.9837938
car 8.825401 61.13378 50.630386 76.59771 0.99328524
--
car 274.32693 287.24484 2.6290147 19.284876 0.93692833
car 283.78082 322.02734 13.573067 34.443596 0.98253095
car 8.811638 61.144215 50.63523 76.59501 0.99317425
--
car 273.7831 286.91113 3.227134 20.134548 0.9377095
car 283.67136 322.15317 13.538383 34.422176 0.98154914
car 8.818014 61.157047 50.645683 76.593704 0.99316895
--
car 273.6678 286.89325 3.7231154 20.315859 0.9033083
car 283.8115 321.23895 13.022133 31.33318 0.9772263
car 8.844718 61.37267 50.53686 76.6389 0.99270856
--
car 273.67786 286.8881 3.724805 20.31467 0.90230614
car 283.79968 321.2354 13.020043 31.339003 0.976597
car 8.848743 61.37259 50.543053 76.636826 0.9927803
--
car 273.5391 286.11264 4.1225953 20.90595 0.9061938
car 283.98535 321.2774 13.028246 31.3092 0.9758532
car 8.855831 61.37781 50.553574 76.62614 0.9928429
--
car 273.5569 285.12378 4.4436417 20.289959 0.85761297
car 284.12448 321.12515 13.1608 31.08482 0.9739217
car 8.867377 61.375908 50.567204 76.6239 0.9927975
--
car 274.39346 286.22894 7.4526253 23.858698 0.8378868
car 284.02646 321.1407 13.053726 31.135147 0.9736449
car 8.8727865 61.388313 50.57981 76.614525 0.9927613
--
car 274.38306 286.195 8.5904 24.042574 0.823643
car 284.78445 321.04865 13.263093 30.950096 0.96561795
car 8.865623 61.38246 50.566494 76.62034 0.9927867
--
car 274.34222 286.18613 8.551156 24.040718 0.8244348
car 284.76013 321.04642 13.261528 30.956099 0.96561974
car 8.8723345 61.391544 50.550606 76.62385 0.9927696
--
car 274.34302 286.18362 8.55157 24.041306 0.8244529
car 284.76172 321.04822 13.261945 30.955122 0.96560603
car 8.895554 61.36764 50.544228 76.63359 0.99273086
--
car 273.52435 285.71912 8.7040615 24.490572 0.8725565
car 284.6294 321.003 13.111631 31.278774 0.9655005
car 8.864414 61.352333 50.51403 76.640854 0.9928627
--
car 272.82883 285.37103 9.501939 25.559998 0.8476779
car 284.63092 321.00836 13.249238 31.209229 0.96648234
car 8.859969 61.33856 50.489708 76.64875 0.99288464
--
car 272.8699 285.30554 10.531995 26.097883 0.77913105
car 283.54617 322.5002 13.727913 34.258556 0.96136856
car 8.843386 61.350716 50.496403 76.645195 0.99275136
--
car 272.55472 285.50073 10.639869 27.12525 0.8019944
car 283.98798 321.31802 13.30693 31.181906 0.9637199
car 8.841814 61.36049 50.50279 76.643906 0.99269164
--
car 267.45435 284.1223 7.9441237 28.508615 0.6639041
car 283.6716 322.11047 12.982711 31.464012 0.9597728
car 8.511827 61.307625 50.645767 76.55034 0.99313074
--
car 267.45517 284.12442 7.954909 28.518528 0.6643848
car 283.68875 322.09518 12.9981 31.446033 0.959777
car 8.495548 61.320583 50.641693 76.55104 0.9930907
--
car 271.86792 284.97913 11.109592 29.133043 0.49924877
car 282.68518 322.50894 12.8492775 31.60813 0.9571847
car 8.498767 61.314674 50.636147 76.556725 0.9931412
--
car 266.44345 284.34424 10.709706 29.26731 0.597141
car 283.3793 322.1766 12.894939 31.682846 0.959996
car 8.49967 61.29969 50.635685 76.55612 0.9931693
--
car 265.10138 285.2799 10.83938 29.63441 0.58298105
car 283.14154 322.3169 12.717392 31.828863 0.95738184
car 8.510844 61.298862 50.627842 76.55408 0.99328667
--
car 266.12643 284.24643 11.032194 29.840225 0.63623965
car 283.03244 322.2846 12.798682 31.839687 0.96117944
car 8.525642 61.310062 50.64103 76.544 0.9933238
--
car 264.54755 285.15808 11.398455 30.11214 0.7728679
car 284.46188 321.621 12.441925 32.225025 0.9600802
car 8.515493 61.322807 50.645416 76.548515 0.9932417
--
car 264.69672 285.06476 11.459255 30.098877 0.72752017
car 284.38947 321.6485 12.433454 32.221107 0.9605766
car 8.494095 61.32916 50.648983 76.53851 0.9932415
--
car 264.36102 284.75308 12.311055 31.094984 0.7571351
car 284.461 321.6398 12.447299 32.14508 0.9657522
car 8.503434 61.326942 50.64637 76.538864 0.9931594
--
car 264.07004 284.40573 12.439934 31.760294 0.5854869
car 284.09195 321.81012 12.421374 32.215977 0.9521924
car 8.504779 61.321 50.641586 76.53872 0.99316424
--
car 263.53357 283.68048 12.349528 32.27844 0.67743206
car 284.50793 321.56076 12.453835 32.223743 0.9497052
car 8.53763 61.29821 50.66765 76.524574 0.99333364
--
car 284.51575 321.53052 12.469826 32.22602 0.94723684
car 8.547923 61.308483 50.67726 76.52179 0.99314773
--
car 260.40295 289.1322 12.477178 36.312675 0.47821656
car 284.68665 321.43192 12.412112 32.27651 0.95652264
car 8.676546 61.50062 50.528515 76.55043 0.9926108
--
car 260.4156 289.11755 12.457724 36.31036 0.4800964
car 284.71384 321.40646 12.443856 32.252277 0.956452
car 8.662168 61.501507 50.532795 76.54503 0.9926053
--
car 259.0064 289.2734 11.99015 36.725502 0.5734239
car 284.3364 321.39938 12.343821 32.336906 0.96502507
car 8.678539 61.50964 50.533646 76.51912 0.9926214
--
car 258.52896 289.2232 12.636697 37.651794 0.6673198
car 284.5954 321.20013 12.467049 32.185898 0.9682945
car 8.676855 61.502186 50.540466 76.52915 0.9925011
--
car 257.5431 288.00775 14.128328 39.118774 0.8174964
car 284.7553 321.33777 12.575747 32.075768 0.9630236
car 8.680957 61.52516 50.53762 76.51266 0.9925351
--
car 257.2109 287.0064 14.297626 40.256977 0.78424186
car 284.88312 321.23706 12.278812 32.41114 0.9719286
car 8.684537 61.542377 50.5547 76.50397 0.9924784
--
car 257.16098 287.89352 12.626265 40.78965 0.57254064
car 284.8678 321.35178 12.166992 32.47524 0.96899563
car 8.677724 61.541225 50.543884 76.50903 0.99249834
--
car 257.13892 288.05023 12.33891 40.79371 0.5765815
car 284.86884 321.39792 12.132359 32.501945 0.9699035
car 8.679993 61.5399 50.543568 76.51012 0.9924921
--
car 284.54874 321.59387 11.939947 32.60854 0.9716566
car 8.67765 61.512253 50.542633 76.54664 0.99249107
--
car 284.51364 321.61118 11.867143 32.646015 0.9721348
car 8.67683 61.52069 50.53537 76.53757 0.9925222
--
car 284.1976 321.76456 11.918397 32.66089 0.96922874
car 8.657658 61.48931 50.52821 76.55746 0.99241364
--
car 284.1049 321.8144 11.908965 32.684383 0.9688249
car 8.654158 61.48688 50.5283 76.556305 0.9923946
--
car 284.4467 321.8055 11.988118 32.67421 0.9605601
car 8.859023 61.229748 50.363255 76.53278 0.9923438
--
car 284.42868 321.81863 11.996949 32.668827 0.9599459
car 8.865117 61.239487 50.356113 76.55163 0.992323
--
car 284.4652 321.79642 11.981581 32.696014 0.9607051
car 8.865266 61.2396 50.3615 76.546364 0.9923594
--
car 284.51715 321.78867 11.985353 32.68224 0.9612012
car 8.865672 61.231922 50.35424 76.5466 0.9924225
--
car 255.7473 273.31577 20.778183 46.68872 0.5250986
car 284.39362 321.93045 12.056967 32.61276 0.9627154
car 8.875441 61.234703 50.364037 76.53775 0.9924489
--
car 255.41873 272.99588 20.701195 47.199474 0.56289244
car 284.5439 321.81653 12.187593 32.46598 0.9617359
car 8.877313 61.2322 50.373413 76.53299 0.99255544
--
car 254.16762 273.5595 22.22809 47.82456 0.9440624
car 284.77316 321.3449 13.009132 31.612986 0.9822417
car 8.9026165 61.19575 50.374706 76.53879 0.9926372
--
car 253.48363 273.0741 23.06924 49.53849 0.9653742
car 285.0394 321.11786 13.010041 31.607925 0.9822043
car 8.899484 61.206642 50.378056 76.532005 0.99267143
--
car 253.50923 273.088 22.9735 49.66803 0.96916753
car 284.97574 321.08453 13.069374 31.533216 0.9829691
car 8.900101 61.208267 50.37724 76.53354 0.9926848
--
car 252.35976 273.27344 23.690214 50.493523 0.960303
car 285.0378 321.1817 12.908704 31.701038 0.98275244
car 8.899132 61.216637 50.391186 76.515045 0.9926974
--
car 251.6625 272.88248 24.69225 51.3226 0.9651967
car 285.14154 321.00006 13.149813 31.412996 0.98378605
car 8.898681 61.2044 50.398777 76.53509 0.992535
--
car 250.39352 273.04202 25.979136 52.49755 0.9341525
car 285.2924 321.20074 12.71739 31.850395 0.98086935
car 8.889254 61.21406 50.396442 76.53322 0.99241495
--
car 250.04834 272.4957 25.397913 54.480934 0.8905785
car 285.53586 321.11264 12.792573 31.651157 0.9787733
car 9.043189 60.893456 50.457428 76.54487 0.99313647
--
car 249.93733 272.06683 25.221241 55.09703 0.8911159
car 285.6186 320.8935 12.977105 31.452925 0.9812099
car 9.027633 60.87729 50.453682 76.56287 0.9929946
--
car 249.85068 272.1176 25.310236 55.08511 0.8997743
car 285.61545 320.89053 12.973545 31.458572 0.98147726
car 9.045776 60.88076 50.46358 76.554115 0.9930754
--
car 248.3035 276.31406 29.266068 56.86028 0.8871169
car 285.5042 321.13074 12.788557 31.649593 0.979573
car 9.059032 60.86091 50.46088 76.55332 0.9931751
--
car 247.76456 272.04932 28.118412 58.19529 0.9059953
car 285.32962 321.38297 12.72096 31.707396 0.9795194
car 9.063467 60.875717 50.473427 76.54667 0.9932236
--
truck 235.71245 272.48312 27.799232 59.724342 0.41345245
car 285.29282 321.45163 12.579286 31.912397 0.96857107
car 9.027337 60.86662 50.44092 76.56281 0.99297094
--
car 231.09937 272.25702 29.116545 59.693302 0.7367649
car 285.50378 321.30066 12.531369 31.970156 0.9666079
car 9.056019 60.90146 50.451374 76.55159 0.99307173
--
car 222.95593 272.2257 31.577223 61.142868 0.9634788
car 285.34857 321.44086 12.833182 31.656511 0.9716614
car 9.10729 60.897717 50.49166 76.544365 0.99333966
--
car 222.91411 272.2022 31.639633 61.115982 0.9646582
car 285.3611 321.43576 12.819692 31.678385 0.97131354
car 9.107977 60.897545 50.491776 76.543564 0.99334395
--
car 285.16388 321.34467 13.069551 31.438711 0.97842896
car 218.98145 273.6276 33.647602 61.860302 0.9793797
car 9.122527 60.889164 50.491497 76.53921 0.9935437
--
car 285.26532 321.26822 13.155663 31.294636 0.97919047
car 215.26573 276.71634 35.077427 62.80975 0.9868019
car 9.126025 60.90293 50.488472 76.53786 0.99355316
--
car 213.93047 277.95554 37.639248 65.70378 0.97778285
car 285.33575 321.24905 13.072902 31.413101 0.98072916
car 9.145566 60.89429 50.47977 76.54716 0.9936007
--
car 285.59946 321.08124 13.181541 31.248014 0.9811238
car 212.34192 276.029 38.02442 66.386375 0.990627
car 9.1627445 60.859695 50.461964 76.56557 0.9934048
--
car 285.48434 321.0848 13.192523 31.219194 0.98378205
car 214.00165 274.01294 39.026905 66.71567 0.99233526
car 9.144305 60.887405 50.456623 76.586426 0.99319965
--
car 285.5175 321.06888 13.236215 31.174875 0.98399264
car 213.92638 274.0296 38.977383 66.72473 0.99269533
car 9.144671 60.885773 50.456703 76.58645 0.9932018
--
car 285.29648 321.4071 13.071924 31.315735 0.9850711
car 8.831949 61.215034 50.367733 76.576454 0.99323845
car 213.38873 271.7896 39.379726 67.14365 0.99562556
--
car 285.51917 321.26187 13.096075 31.319763 0.98418957
car 8.808875 61.239574 50.39132 76.54875 0.9935385
car 208.12378 278.5097 38.59125 69.556274 0.9966204
--
car 285.47745 321.32178 13.103932 31.296827 0.97952616
car 213.76282 268.29987 39.19197 69.22013 0.9894013
car 8.797139 61.223953 50.42216 76.52767 0.99361956
--
car 285.41028 321.32504 12.986312 31.400757 0.98017925
car 212.89796 263.64697 39.326565 69.785385 0.9870516
car 8.781949 61.24174 50.420036 76.526215 0.9933793
--
car 285.38647 321.31622 12.929113 31.487795 0.98018414
car 212.79352 263.71722 39.41397 69.75679 0.9873604
car 8.788756 61.23612 50.42931 76.51771 0.9934275
--
car 285.36432 321.33664 12.89895 31.52195 0.97897446
car 212.63983 263.87317 39.44804 69.68572 0.98871666
car 8.791586 61.237244 50.435417 76.51524 0.993417
--
car 285.41888 321.251 13.044825 31.370626 0.9800101
car 213.84235 260.47925 39.59161 69.803154 0.9911068
car 8.803703 61.241814 50.426933 76.52112 0.9934513
--
car 285.13495 321.4849 13.111902 31.213955 0.98397434
car 214.78275 258.0145 39.543842 70.12553 0.9865401
car 8.821026 61.203854 50.444767 76.52603 0.99335873
--
car 284.98694 321.67752 13.547671 30.683199 0.98548836
car 216.80928 255.50082 40.65602 70.03401 0.989086
car 8.805869 61.25136 50.5423 76.527145 0.99305046
--
car 218.06635 253.74782 40.62188 70.881584 0.9816685
car 285.25842 321.43137 13.462455 30.655376 0.9837505
car 8.104318 61.415226 50.734478 76.36721 0.99343914
--
car 218.6463 251.81462 39.604256 72.99045 0.92693806
car 285.13736 321.44705 13.4015465 30.594091 0.9836004
car 8.089042 61.387417 50.691086 76.38537 0.9935806
--
car 218.63089 251.97398 39.55936 72.97628 0.9162149
car 285.18835 321.45007 13.383351 30.613018 0.98254687
car 8.095851 61.38865 50.693226 76.38812 0.99349135
--
car 220.28142 249.86383 40.468456 74.31981 0.9477596
car 285.25757 321.3421 13.468797 30.528603 0.98235804
car 8.103061 61.367977 50.702778 76.39427 0.99338627
--
car 218.84348 250.28658 41.92887 74.5402 0.9471291
car 285.2721 321.48395 13.394618 30.554941 0.9789659
car 8.104906 61.360344 50.678493 76.39336 0.99340194
--
car 216.45819 251.39096 41.915936 74.48261 0.9438663
car 285.2985 321.361 13.453093 30.632582 0.97962815
car 8.093764 61.352505 50.67122 76.39797 0.99333155
--
car 215.37608 251.61673 42.377995 75.097595 0.87531894
car 285.38202 321.4356 13.274135 30.810125 0.9800511
car 8.040286 61.381187 50.653866 76.39023 0.9932944
--
car 214.17017 251.97012 42.596127 74.0306 0.7153557
car 285.42392 321.39728 13.306184 30.721886 0.9781102
car 8.040646 61.4015 50.643433 76.38842 0.99317235
--
car 214.22891 251.84332 42.66042 73.99952 0.64241046
car 285.36047 321.45508 13.326102 30.756556 0.97990245
car 8.050005 61.397903 50.634983 76.3934 0.9931979
--
car 212.40909 253.99756 43.08469 73.23627 0.780809
car 285.35156 321.3973 13.406046 30.662992 0.9792532
car 8.05361 61.395306 50.6345 76.399895 0.9932585
--
car 209.95354 255.50096 43.096687 73.40907 0.48319978
car 285.19614 321.56503 13.192923 30.901636 0.9761731
car 8.036281 61.40951 50.600212 76.39989 0.99323
--
car 205.36324 251.48206 43.26038 71.945946 0.31563324
car 285.21075 321.63043 13.125497 30.81747 0.9745705
car 8.035728 61.40642 50.572407 76.39639 0.99338347
--
car 197.98828 263.4991 41.157085 76.53004 0.3181755
car 285.4627 321.39682 13.099761 30.575844 0.9669958
car 8.085488 61.499496 50.666332 76.474525 0.99316907
--
car 197.42798 264.76285 42.178795 76.4062 0.5750922
car 285.55502 321.3362 13.153387 30.612398 0.96941376
car 8.090923 61.503777 50.666924 76.478455 0.99328995
--
car 197.2768 264.79358 42.254906 76.24606 0.6477126
car 285.57404 321.3529 13.121222 30.718634 0.971388
car 8.092459 61.511307 50.663067 76.47427 0.99345815
--
car 196.39215 266.276 43.077118 75.87143 0.9098837
car 285.4727 321.48502 13.121531 30.750027 0.97412467
car 8.06029 61.523518 50.647617 76.48303 0.9934755
--
car 193.69981 266.66513 43.391457 75.00746 0.8873201
car 285.33994 321.50488 13.131172 30.705881 0.9731158
car 8.094937 61.495056 50.650063 76.49123 0.9934088
--
car 190.42024 263.63174 44.79903 75.45886 0.96444154
car 285.43472 321.3776 13.265692 30.632473 0.974285
car 8.129744 61.454918 50.697296 76.48437 0.9934594
--
car 285.3507 321.4062 12.892708 31.031776 0.97763157
car 8.137301 61.44508 50.69901 76.48566 0.99351954
car 190.18695 264.8983 45.68156 76.04759 0.99416906
--
car 285.28647 321.5032 12.874287 31.003677 0.9770579
car 8.143828 61.445755 50.6784 76.48655 0.99369967
car 188.07318 264.4918 45.98565 76.51589 0.9944897
--
car 285.36374 321.4019 12.927601 31.032833 0.97780156
car 8.141768 61.442905 50.672657 76.48866 0.9936964
car 188.00352 264.29996 46.14864 76.495636 0.99399906
--
car 285.27472 321.51718 12.996256 30.920061 0.97782934
car 187.07487 263.5915 46.511593 76.62086 0.9905143
car 8.111873 61.429054 50.648956 76.49717 0.9934411
--
car 285.40216 321.44388 13.030279 30.775188 0.9764959
car 186.1981 264.14432 46.624035 77.47207 0.9875704
car 8.100063 61.43469 50.70704 76.485374 0.9934987
--
car 285.37985 321.5095 13.043989 30.843187 0.97510433
car 186.26593 263.34192 46.48424 77.233 0.9852703
car 8.149282 61.417873 50.753242 76.46804 0.9936175
--
car 285.65768 321.3714 13.023507 30.803074 0.9619012
car 186.04288 262.29135 46.648495 77.13887 0.9807064
car 7.8166294 61.580128 50.76788 76.40708 0.99160856
--
car 285.68723 321.4381 12.947291 30.885883 0.9604795
car 186.41257 262.66898 46.44407 77.89145 0.97268194
car 7.8311257 61.56529 50.745747 76.421036 0.9916823
--
car 285.71616 321.4209 12.991263 30.834488 0.96040297
car 186.46114 262.76248 46.40933 77.94833 0.97211456
car 7.833817 61.560417 50.745335 76.42259 0.9916947
--
car 285.64072 321.50674 12.965243 30.850752 0.9603745
car 186.40178 262.70197 46.389397 77.938194 0.9703067
car 7.78298 61.573105 50.75664 76.40605 0.99171585
--
car 285.55884 321.51807 12.980862 30.818825 0.95743227
car 185.70137 263.6707 46.087154 78.11134 0.9642857
car 7.7931905 61.534916 50.7358 76.416245 0.9916081
--
car 285.411 321.61395 12.767164 31.010864 0.9569004
car 185.64001 263.27615 46.183853 78.424866 0.9783871
car 7.807004 61.56777 50.726967 76.417725 0.9915348
--
car 285.6459 321.46564 12.714073 31.044245 0.94994336
car 185.5334 263.01785 46.258995 78.49989 0.9765364
car 7.8527193 61.572754 50.69715 76.421165 0.99172384
--
car 285.54877 321.52722 12.724808 31.033823 0.9533774
car 185.33704 263.00012 45.956997 78.68559 0.9658366
car 7.866116 61.568913 50.687588 76.42026 0.9917191
--
car 286.37402 324.5611 11.642243 31.91041 0.95098424
car 185.32422 262.6674 45.874275 78.572586 0.96128297
car 7.865029 61.5751 50.673477 76.4257 0.9916096
--
car 285.58594 321.46756 12.712971 30.943022 0.9501172
car 186.1314 262.49536 44.91759 78.07538 0.95288163
car 7.8584003 61.57331 50.687866 76.427986 0.99151224
--
car 285.47314 321.564 12.503402 31.17239 0.9439282
car 187.04713 262.76157 45.289146 78.75529 0.96989805
car 7.893913 61.500076 50.710827 76.42797 0.99177927
--
car 285.10672 321.79282 12.391146 31.238682 0.9416052
car 186.26964 263.241 45.167717 79.24035 0.9508384
car 7.882295 61.469078 50.692505 76.433846 0.99177647
--
car 284.885 321.87558 12.535061 31.302822 0.9614337
car 185.69432 262.3024 45.517708 78.89631 0.9715947
car 7.526861 61.51079 50.918663 76.438866 0.99237454
--
car 284.9332 321.772 12.516028 31.326689 0.9627827
car 186.0535 262.63666 45.488163 78.84235 0.9743712
car 7.531396 61.49706 50.922092 76.44651 0.9923727
--
car 284.85907 321.83768 12.499666 31.300993 0.9594166
car 186.16888 262.56802 45.146297 79.0231 0.9723701
car 7.531643 61.501873 50.93345 76.451225 0.9923337
--
car 284.96115 321.76862 12.5406685 31.172789 0.95379037
car 186.49878 261.38666 45.63479 79.32783 0.9623953
car 7.496565 61.528866 50.923847 76.449905 0.9920046
--
car 285.0423 321.6498 12.672003 31.068363 0.9594155
car 185.91725 262.33023 45.840454 79.48289 0.97204125
car 7.5139723 61.525455 50.92579 76.44951 0.99211544
--
car 285.01678 321.7166 12.608657 31.130177 0.9616152
car 183.50682 256.54437 46.466106 80.83963 0.9692314
car 7.5351496 61.524975 50.936802 76.4483 0.9922857
--
car 183.94775 255.94296 46.22071 80.99931 0.9427582
car 285.2773 321.5302 12.669293 31.057695 0.9582084
car 7.5025015 61.551155 50.920868 76.44816 0.99198437
--
car 183.78123 255.756 46.051052 80.91051 0.93537825
car 285.3297 321.5419 12.712335 30.929281 0.9603403
car 7.497493 61.55316 50.918648 76.45452 0.99183685
--
car 183.8388 255.88818 45.855293 81.02172 0.92631286
car 285.3395 321.5301 12.7189 30.896822 0.958255
car 7.4998465 61.536972 50.919514 76.46127 0.9917405
--
car 183.2661 256.0224 45.526154 81.64741 0.8890309
car 285.314 321.53665 12.745447 30.85221 0.95620465
car 7.495317 61.5472 50.91557 76.44591 0.99193907
--
car 184.09656 255.50752 45.955654 81.7758 0.90437406
car 285.31378 321.47913 12.742886 30.950974 0.9601954
car 7.5086584 61.537743 50.91465 76.45105 0.99203044
--
car 184.46051 254.96805 45.71551 81.83785 0.87243736
car 285.32385 321.50726 12.657012 30.988781 0.9646675
car 7.5377707 61.51245 50.91236 76.4698 0.9919985
--
car 184.85924 255.52989 46.36166 81.86501 0.9479583
car 285.4709 321.43304 12.654934 31.058622 0.9588453
car 8.200568 61.475716 50.62557 76.57257 0.9939133
--
car 285.50607 321.4222 12.678306 31.04758 0.9607173
car 185.37128 255.09882 46.690033 80.73167 0.96665645
car 8.212071 61.466232 50.61535 76.571175 0.99393755
--
car 285.55377 321.40332 12.726946 30.960701 0.9592281
car 185.35074 255.18228 46.90235 80.58532 0.97445524
car 8.200546 61.476616 50.613804 76.56997 0.9938662
--
car 285.40173 321.53275 12.628111 31.172262 0.96552896
car 185.04152 255.48059 46.643616 80.26648 0.97194266
car 8.215724 61.47323 50.616154 76.571915 0.993936
--
car 285.3529 321.59616 12.483282 31.299011 0.96387887
car 184.79054 255.5023 46.872612 80.22207 0.97049314
car 8.210944 61.478096 50.637596 76.56626 0.9937595
--
car 285.29016 321.59488 12.4664135 31.159367 0.9657475
car 184.7855 255.39482 47.15752 80.00102 0.97060317
car 8.205622 61.485985 50.636135 76.56017 0.9937405
--
car 285.3442 321.5893 12.556224 31.086739 0.96196336
car 184.50754 255.55441 47.226254 80.42035 0.9656101
car 8.192287 61.496803 50.63092 76.55878 0.9936266
--
car 285.17828 321.72565 12.521374 31.002441 0.9644653
car 184.65111 255.52522 47.297096 80.59315 0.96991205
car 8.182205 61.498875 50.62726 76.55534 0.99357957
--
car 285.19696 321.70728 12.476993 31.11989 0.9638124
car 184.7927 255.33728 47.328625 80.85769 0.9731635
car 8.186193 61.487938 50.619205 76.556984 0.9935331
--
car 185.04532 255.21446 47.2331 80.5414 0.9617097
car 285.03653 321.7102 12.60892 31.035315 0.9655101
car 8.188411 61.476387 50.600677 76.562294 0.9935938
--
car 185.17076 255.03499 47.090824 80.40271 0.9162374
car 285.3711 321.5246 12.810742 30.529922 0.9438977
car 8.190414 61.46312 50.618446 76.564384 0.99365276
--
car 285.4682 321.4394 12.797348 30.551214 0.9535137
car 185.64397 261.08334 47.09407 80.180595 0.9602042
car 8.182622 61.49125 50.613064 76.562355 0.9935334
--
car 285.91797 325.00555 11.243507 32.094124 0.95178527
car 186.26146 259.9428 46.94472 80.50676 0.9693617
car 7.962928 61.462128 50.609978 76.50372 0.99202466
--
car 286.04492 324.87326 11.275729 32.03388 0.95496565
car 185.62929 254.57016 47.4755 80.82293 0.96706885
car 7.9684424 61.44616 50.59762 76.50187 0.9921098
--
car 285.99817 324.92215 11.255035 32.045902 0.9536688
car 186.43419 259.75055 47.119473 80.51835 0.9674478
car 7.980734 61.443027 50.591675 76.500435 0.99188006
--
car 285.90598 325.13828 10.986464 32.153645 0.9433013
car 185.56702 254.57552 47.521534 80.81924 0.9629773
car 7.929992 61.441017 50.603294 76.510185 0.9919378
--
car 285.724 325.3875 10.712003 31.964233 0.92486936
car 185.58723 254.555 47.554653 80.85521 0.954869
car 7.9111056 61.439396 50.578533 76.50985 0.99195385
--
car 285.72226 325.48294 10.517244 32.049343 0.92375296
car 185.49457 254.70328 47.585026 81.00786 0.96358746
car 7.9183207 61.447792 50.595108 76.50879 0.9919207
--
car 286.0271 325.33002 10.387534 32.093864 0.92038864
car 185.4059 254.79596 47.560963 81.30306 0.96097744
car 7.8977036 61.403584 50.587166 76.49636 0.99208367
--
car 285.96704 325.36926 10.3653755 32.08634 0.9218977
car 185.21913 254.94226 47.57533 81.17206 0.9608693
car 7.9124684 61.413754 50.57392 76.52208 0.9920496
--
car 285.82617 325.50467 10.239526 32.109337 0.9189672
car 186.73645 259.54166 47.425327 80.87802 0.9655933
car 7.9464984 61.399548 50.566666 76.529785 0.992034
--
car 285.7581 325.71616 9.985519 32.195644 0.90179485
car 186.65051 259.66437 47.444534 80.67182 0.96593356
car 7.946867 61.44386 50.57782 76.525276 0.99210477
--
car 286.13135 325.3933 10.236935 32.10389 0.92235523
car 186.7902 259.4604 47.260784 80.85969 0.9754282
car 7.945068 61.472862 50.614353 76.51195 0.99209327
--
car 286.62924 324.88953 10.64035 31.83105 0.9369912
car 186.49539 259.76636 47.156967 80.90944 0.9782375
car 7.951296 61.472282 50.588966 76.519844 0.9918851
--
car 286.6209 324.80368 10.293539 31.752726 0.9089269
car 185.3032 255.08969 47.249077 81.40512 0.97840226
car 7.665821 61.7057 50.670254 76.622185 0.9897479
--
car 286.64172 324.81223 10.2634115 31.78869 0.8908666
car 186.86076 259.49884 46.783703 80.83537 0.97736156
car 7.687869 61.685287 50.656746 76.62647 0.9898019
--
car 286.64087 324.80768 10.258664 31.827213 0.8939509
car 187.02184 259.3441 46.813194 80.842705 0.97813904
car 7.693246 61.681038 50.66558 76.62122 0.989783
--
car 286.6402 324.82547 10.300671 31.819824 0.8916016
car 185.37538 254.93777 47.186954 81.2823 0.9774114
car 7.6963162 61.67799 50.68425 76.61843 0.9898752
--
car 286.52786 324.94495 10.099992 32.01085 0.89548844
car 185.43277 254.88733 47.18401 81.44495 0.97760355
car 7.717965 61.673096 50.680763 76.62297 0.9900814
--
car 286.7346 324.77942 9.97418 31.86552 0.9032879
car 185.36955 254.92722 47.17438 81.441444 0.97976726
car 7.71573 61.680943 50.684616 76.62313 0.9900529
--
car 287.26343 324.2005 10.570782 31.76548 0.9264543
car 185.07777 255.05876 47.055016 81.4254 0.98278683
car 7.7185626 61.682224 50.69217 76.62092 0.9900283
--
car 287.28165 324.02884 10.881718 31.65424 0.94342136
car 185.11813 255.02203 47.155865 81.41353 0.9843177
car 7.718666 61.682076 50.69163 76.612015 0.99003357
--
car 287.31052 323.98126 10.887536 31.688433 0.94623923
car 185.05132 255.12846 47.11999 81.21709 0.9841359
car 7.7242184 61.68711 50.70123 76.611176 0.99004316
--
car 287.5226 323.72748 11.073698 31.709553 0.9510477
car 185.02934 255.22763 47.078396 81.152084 0.98420906
car 7.721633 61.69245 50.72246 76.60307 0.99008304
--
car 287.29266 323.9519 11.010084 31.810905 0.94908357
car 185.02943 255.06151 46.914024 81.02403 0.98096687
car 7.7240076 61.6951 50.723503 76.605446 0.9901669
--
car 286.91495 324.3754 10.408789 31.983189 0.9425262
car 186.4675 260.4095 46.668774 80.3464 0.9853286
car 7.7207904 61.702095 50.718197 76.615524 0.9902381
--
car 286.87625 324.57477 10.024563 31.69579 0.90339816
car 186.6968 259.94717 46.63332 80.02731 0.97404957
car 7.9769683 61.576057 50.75903 76.567566 0.99188733
--
car 286.87915 324.58743 10.008821 31.66514 0.89969814
car 186.72678 259.8733 46.625656 80.101074 0.97394526
car 7.9818587 61.570515 50.766346 76.568695 0.99190354
--
car 286.8885 324.5713 10.032686 31.67256 0.9016449
car 186.77069 259.82108 46.621166 80.12302 0.97368914
car 7.980341 61.575165 50.77186 76.566925 0.9918992
--
car 286.88715 324.57867 10.0206995 31.692772 0.9030399
car 186.75911 259.80005 46.654503 80.08558 0.9741998
car 7.976822 61.563477 50.776222 76.57887 0.9918365
--
car 286.89 324.55917 10.131785 31.702219 0.89753985
car 186.76869 259.81378 46.720657 80.123024 0.9724975
car 7.982622 61.566223 50.778423 76.575294 0.9918727
--
car 287.01077 324.5403 10.05293 31.555126 0.8687636
car 186.49121 260.1041 46.646408 80.1804 0.96960974
car 8.010509 61.59005 50.76102 76.5784 0.99187934
--
car 286.93585 324.50092 10.069269 31.800774 0.88394594
car 185.23027 255.00108 46.938732 81.03379 0.9832181
car 8.036199 61.52507 50.848618 76.57509 0.9923012
--
car 287.00766 324.43677 10.079749 31.811792 0.8835076
car 185.33629 254.86891 46.85396 80.96505 0.9832969
car 8.028925 61.5328 50.81842 76.59404 0.99228334
--
car 287.0827 324.44568 9.990457 31.763985 0.88288075
car 185.31786 254.92928 46.999725 80.962585 0.98139596
car 8.135501 61.46171 50.75806 76.62135 0.9921339
--
car 286.9197 324.5253 10.008718 31.80585 0.8881471
car 185.3157 254.90453 46.963436 81.07252 0.9833984
car 8.118612 61.491173 50.76939 76.617256 0.9921055
--
car 287.19833 324.237 10.179174 31.944855 0.90778995
car 185.44565 254.74194 47.0269 81.31013 0.9849216
car 8.100341 61.484905 50.77502 76.58759 0.9923114
--
car 287.36038 324.147 10.170239 31.800453 0.89952254
car 185.5167 254.59796 47.059002 81.23911 0.98413604
car 8.117192 61.46463 50.768353 76.5958 0.9924922
--
car 287.41452 324.07986 10.778146 31.6212 0.88545704
car 185.26048 254.97937 46.89187 81.114815 0.9879573
car 8.23918 61.561398 50.82312 76.5601 0.9916748
--
car 287.3455 324.14832 10.718788 31.605455 0.8762913
car 185.26968 255.00354 46.774994 81.227516 0.98592675
car 8.257032 61.523617 50.828514 76.5492 0.9916623
--
car 287.10074 324.27954 10.59622 31.714748 0.87985164
car 185.39108 254.84708 46.822357 81.29305 0.98791707
car 8.244659 61.528595 50.839775 76.54342 0.9916914
--
car 287.1131 324.26468 10.589164 31.708046 0.8798422
car 185.38147 254.86143 46.796673 81.31782 0.9877975
car 8.240484 61.53202 50.839775 76.55034 0.991631
--
car 286.71988 324.53183 10.760332 31.728521 0.92323095
car 185.29312 254.686 46.939655 81.76633 0.9798075
car 8.23094 61.466503 50.791508 76.57423 0.99123734
--
car 286.8682 324.43588 10.661566 31.705936 0.91250175
car 185.42123 254.69614 46.91516 81.76353 0.9790745
car 8.293816 61.4117 50.784676 76.59093 0.99120337
--
car 286.71207 324.53976 10.695116 31.832333 0.91113347
car 185.52335 254.57071 46.923874 81.69931 0.98119944
car 8.306032 61.39874 50.782135 76.59922 0.9911718
--
car 286.68246 324.47595 10.735459 31.842226 0.9197905
car 185.3557 254.61336 46.91829 81.72298 0.98213685
car 8.3256 61.380894 50.74895 76.60997 0.9909447
--
car 286.65195 324.5821 10.714202 31.726154 0.9094311
car 185.23276 254.7431 46.929527 81.81925 0.98444116
car 8.308454 61.401566 50.74511 76.61785 0.9909177
--
car 286.5853 324.6178 10.720748 31.813826 0.9177562
car 185.21332 254.69775 46.811375 81.783745 0.98330617
car 8.307019 61.40239 50.74759 76.613 0.99097747
--
car 286.48645 324.76562 10.628096 31.773268 0.90677226
car 185.30846 254.6345 46.81904 81.90417 0.9832006
car 8.298755 61.416157 50.75058 76.61207 0.9909265
--
car 286.50235 324.69843 10.6887455 31.838575 0.90805954
car 185.19403 254.78279 46.83668 82.092636 0.9840313
car 8.289908 61.406227 50.75121 76.6125 0.9908797
--
car 286.8318 324.35297 10.999006 32.080605 0.9348813
car 184.86832 255.1298 47.020596 82.070625 0.98192656
car 8.188638 61.44393 50.870903 76.62151 0.99159926
--
car 286.81448 324.36633 11.009563 32.04494 0.9343353
car 184.944 255.04245 46.989388 82.068245 0.9813483
car 8.197188 61.442104 50.868282 76.63046 0.9916296
--
car 286.79602 324.44086 10.902257 32.048508 0.92141885
car 184.91315 255.0682 47.01155 82.04912 0.98039067
car 8.183075 61.44845 50.86427 76.63016 0.9915971
--
car 286.8005 324.44177 10.892181 32.047253 0.92118025
car 184.926 255.08025 47.01582 82.01277 0.98002076
car 8.197546 61.407494 50.88107 76.64697 0.9916805
--
car 286.77917 324.46814 10.730863 32.045036 0.919165
car 184.89911 255.05911 46.94416 81.893364 0.97975147
car 8.190504 61.4121 50.873276 76.64132 0.991694
--
car 286.83572 324.59195 10.381053 31.940317 0.89170706
car 184.87323 255.09413 46.97218 81.76012 0.9757022
car 8.184108 61.41358 50.86982 76.63762 0.9916715
--
car 286.8569 324.5487 10.435027 31.932734 0.89463294
car 184.93077 254.99442 46.96068 81.792114 0.974619
car 8.178737 61.417316 50.885674 76.640854 0.99157035
--
car 286.8646 324.53763 10.441749 31.940731 0.8963017
car 184.98141 254.95917 46.963955 81.768776 0.9750355
car 8.181501 61.417564 50.883537 76.639694 0.9915832
--
car 286.9738 324.44638 10.470491 31.850647 0.90230405
car 185.0211 254.86937 47.039585 81.72748 0.976393
car 8.181596 61.418365 50.88439 76.639015 0.9915916
--
car 287.01352 324.41327 10.494852 31.85421 0.90433997
car 184.97139 254.90015 47.054295 81.84918 0.97591317
car 8.185805 61.415363 50.885162 76.63915 0.9916308
--
car 286.79434 324.65518 10.328013 31.888815 0.8803685
car 185.01924 254.80695 47.001648 81.88655 0.97320306
car 8.18506 61.409454 50.87972 76.63808 0.99162215
--
car 286.7867 324.67877 10.325467 31.887156 0.8758925
car 185.04633 254.72168 47.00772 81.75846 0.9755472
car 8.181616 61.4111 50.87863 76.63899 0.9915601
--
car 285.15704 321.32574 12.305961 30.825275 0.93559146
car 184.75436 255.13441 47.267014 81.09041 0.98488855
car 8.540454 61.220978 50.74156 76.52959 0.9927196
--
car 285.28897 321.22037 12.420594 30.730442 0.92522806
car 184.79283 255.09224 47.19411 81.14429 0.98414403
car 8.547896 61.21672 50.735012 76.53113 0.992761
--
car 285.2939 321.24203 12.408408 30.755058 0.93547434
car 184.5398 255.35857 47.214428 81.179306 0.9835248
car 8.550672 61.218597 50.74086 76.53169 0.9927047
--
car 285.44543 321.12833 12.299739 30.880022 0.91363186
car 184.58922 255.32446 47.210823 81.20569 0.98263305
car 8.549513 61.21941 50.74353 76.530396 0.99275243
--
car 285.53787 321.09302 12.257886 30.95469 0.90587187
car 184.56453 255.3872 47.164047 81.27823 0.98294693
car 8.539458 61.225048 50.750957 76.52967 0.99270463
--
car 285.68274 321.02032 12.336512 30.81521 0.9113437
car 184.55672 255.34163 47.114277 81.22766 0.98284805
car 8.540021 61.225647 50.755592 76.532326 0.99268544
--
car 285.6939 320.99738 12.420889 30.7054 0.92370635
car 184.38268 255.43102 47.080795 81.1853 0.98443055
car 8.543374 61.22751 50.756134 76.53304 0.99269056
--
car 285.56378 321.0949 12.489158 30.72569 0.9245937
car 184.43352 255.41986 47.07434 81.21296 0.98461556
car 8.546714 61.227013 50.75517 76.53189 0.9927156
--
car 285.72922 321.03223 12.49168 30.7036 0.9272509
car 184.46153 255.30046 47.012653 81.25757 0.98498625
car 8.541838 61.229927 50.755093 76.5285 0.99270344
--
car 285.751 321.03555 12.486014 30.712688 0.9278139
car 184.57777 255.24158 47.00904 81.19835 0.9848696
car 8.542841 61.233536 50.752823 76.525795 0.9927314
--
car 285.576 321.10736 12.529926 30.613401 0.9351653
car 184.65959 255.12935 46.98253 81.29648 0.9849203
car 8.539293 61.234673 50.755398 76.52499 0.9927077
--
car 285.69073 321.0467 12.531809 30.624693 0.9243341
car 184.68152 255.08698 46.950825 81.289444 0.9849996
car 8.535731 61.234394 50.75429 76.53047 0.99266815
--
car 285.4302 321.378 12.241248 30.8763 0.8731498
car 185.05444 254.83864 46.835533 81.175995 0.9891513
car 8.674125 61.220127 50.806595 76.453705 0.99257785
--
car 285.48932 321.31796 12.310703 30.842077 0.87926614
car 185.15242 254.77399 46.830673 81.135826 0.9892353
car 8.686053 61.23055 50.818634 76.45283 0.99260587
--
car 285.4955 321.31305 12.3211775 30.83641 0.8881828
car 185.15904 254.74028 46.813313 81.12677 0.98966336
car 8.6778755 61.228237 50.816124 76.4554 0.9926019
--
car 285.50427 321.25534 12.324125 30.808199 0.8963264
car 185.11485 254.7773 46.81181 81.12072 0.9895744
car 8.677041 61.224934 50.815586 76.45608 0.99261975
--
car 285.5417 321.21594 12.33731 30.822422 0.9004203
car 185.13596 254.7781 46.823044 81.10491 0.98950446
car 8.67693 61.2254 50.815304 76.4559 0.99260503
--
car 285.61395 321.15427 12.333216 30.8011 0.8928803
car 185.23788 254.62268 46.885216 81.10411 0.9890938
car 8.676767 61.22164 50.816444 76.45874 0.99257904
--
car 285.45084 321.23035 12.348445 30.735443 0.89437914
car 185.20357 254.64687 46.90131 81.12151 0.98894423
car 8.678432 61.22066 50.81395 76.45622 0.99258715
--
car 285.90216 321.01282 12.39815 30.83268 0.89168096
car 185.05852 254.77452 46.91214 81.095695 0.98853815
car 8.678733 61.220783 50.812614 76.45719 0.9925945
--
car 285.79053 321.05737 12.3883295 30.813362 0.89304733
car 185.06735 254.78041 46.916416 81.075226 0.9880967
car 8.6782055 61.22124 50.81329 76.458496 0.9925685
--
car 285.78577 321.07278 12.379809 30.83218 0.8971694
car 185.10043 254.7393 46.948757 81.09715 0.98803455
car 8.678946 61.220726 50.813564 76.45858 0.9925748
--
car 285.68698 321.09076 12.398682 30.818071 0.89306325
car 185.13075 254.74911 46.96804 81.07521 0.987161
car 8.677817 61.221706 50.81458 76.459236 0.9925615
--
car 285.40945 321.50394 12.496155 31.049788 0.94450814
car 185.15308 254.67316 47.462536 80.88771 0.99020493
car 8.829961 61.12681 50.538902 76.50977 0.99312496
--
car 285.48212 321.58914 12.151377 31.614367 0.97073483
car 184.82999 254.87434 47.502502 80.01452 0.9920491
car 8.283659 61.498447 50.112114 76.61158 0.99250185
--
car 285.46262 321.59155 12.186204 31.540842 0.96946335
car 184.76353 254.94318 47.5183 79.96013 0.9920293
car 8.290697 61.50062 50.110897 76.62244 0.9923336
--
car 285.36972 321.62674 12.234076 31.533524 0.9710787
car 184.77478 254.90007 47.53428 80.0087 0.99214154
car 8.293106 61.49903 50.107872 76.61966 0.9923537
--
car 285.37436 321.61197 12.223156 31.476465 0.9666175
car 184.8439 254.874 47.546043 79.98366 0.9916524
car 8.293981 61.49666 50.110027 76.61802 0.99234015
--
car 285.58215 321.52936 12.080039 31.69058 0.96465975
car 184.99554 254.72205 47.445236 80.076935 0.9913167
car 8.3007 61.49856 50.098858 76.616936 0.99240977
--
car 285.5924 321.50745 12.105412 31.615154 0.9635106
car 185.00142 254.73212 47.464348 80.122284 0.99146813
car 8.300457 61.498074 50.097725 76.616005 0.99238807
--
car 285.58133 321.5093 12.138385 31.611435 0.96013784
car 185.11002 254.62634 47.4293 80.14658 0.99167997
car 8.300639 61.500122 50.100155 76.61553 0.9923712
--
car 285.50974 321.53925 12.174657 31.539515 0.9619469
car 185.0834 254.64775 47.475624 80.16748 0.9912819
car 8.295429 61.502346 50.103153 76.61388 0.99232006
--
car 285.5337 321.51587 12.0739355 31.664696 0.9598325
car 185.11302 254.63075 47.439415 80.20613 0.99130297
car 8.327504 61.474373 50.091217 76.62457 0.9924256
--
car 285.48215 321.5241 12.132964 31.602608 0.9602732
car 185.08012 254.67198 47.51996 80.177635 0.99146867
car 8.327968 61.461147 50.102173 76.620575 0.9925078
--
car 285.60925 321.45547 11.99736 31.794632 0.9620873
car 185.14209 254.63454 47.41479 80.3223 0.99210507
car 8.328109 61.433945 50.120636 76.62331 0.99248064
--
car 285.61948 321.5391 12.140544 31.748793 0.96115357
car 185.08406 254.69455 47.428333 80.36026 0.9924986
car 8.349389 61.419624 50.117622 76.61894 0.99257106
--
car 285.46823 321.55295 12.247554 31.352076 0.96613306
car 8.293819 61.759823 50.149456 76.56036 0.9914081
car 185.03285 254.5907 47.562077 80.32757 0.99312633
--
car 285.52557 321.52005 12.281742 31.308031 0.9640757
car 8.297853 61.760708 50.156246 76.57045 0.9912695
car 185.07466 254.5752 47.466366 80.28864 0.99280584
--
car 285.66165 321.44794 12.211347 31.387955 0.95608735
car 8.29235 61.766655 50.154182 76.56877 0.9912674
car 185.16658 254.51166 47.50673 80.31566 0.99258953
--
car 285.72244 321.40298 12.238533 31.391167 0.95876473
car 8.299854 61.77048 50.165936 76.56852 0.9912004
car 185.00012 254.5899 47.390385 80.29579 0.9926143
--
car 285.59268 321.46185 12.253082 31.214582 0.94211185
car 185.18103 254.50621 47.497704 80.28225 0.9909472
car 8.297294 61.7761 50.145863 76.56725 0.99125963
--
car 286.7176 324.17377 11.488032 32.209187 0.9378575
car 8.300518 61.77578 50.149208 76.566154 0.99127036
car 185.17915 254.55054 47.479836 80.23528 0.9916702
--
car 285.53442 321.45325 12.203555 31.334177 0.94739896
car 8.294894 61.768192 50.14585 76.56718 0.9912641
car 185.01309 254.60593 47.55391 80.26101 0.99180585
--
car 285.46664 321.49225 12.1681385 31.342827 0.94909924
car 8.306721 61.759815 50.159218 76.55767 0.99134797
car 185.1299 254.60303 47.58196 80.25416 0.99223804
--
car 286.6573 324.25632 11.44327 32.297295 0.9415044
car 8.3144245 61.755417 50.161682 76.55995 0.99135613
car 185.17392 254.51437 47.63022 80.213936 0.9919705
--
car 286.6369 324.2957 11.435818 32.28558 0.9366405
car 8.319365 61.75598 50.16104 76.559364 0.9913981
car 185.12526 254.5772 47.5989 80.24174 0.99211
--
car 285.3914 321.55734 12.141443 31.26547 0.9376071
car 8.324529 61.75455 50.15994 76.56021 0.99135286
car 185.07793 254.68263 47.663956 80.27041 0.9919717
--
car 285.37143 321.57172 12.159549 31.226477 0.938074
car 8.330618 61.749573 50.171116 76.55592 0.9913416
car 184.97873 254.75778 47.551334 80.26882 0.9923921
--
car 285.51453 321.52405 12.437462 30.952654 0.94179523
car 8.496764 61.512238 50.089783 76.643074 0.99158335
car 185.09073 254.5679 47.594185 80.30207 0.9926779
--
car 285.4911 321.56802 12.388385 30.966398 0.9410722
car 8.525691 61.490906 50.10117 76.65402 0.9915019
car 185.14595 254.55542 47.736324 80.25114 0.9927258
--
car 286.86798 323.9868 11.879049 31.676378 0.9392222
car 8.491334 61.522507 50.09675 76.65224 0.99157774
car 185.17012 254.50247 47.746304 80.19802 0.99279124
--
car 286.959 323.87076 11.939722 31.740917 0.9464339
car 8.484345 61.533722 50.076454 76.66286 0.9915855
car 185.00635 254.6454 47.733932 80.15434 0.9927765
--
car 285.61224 321.564 12.415531 31.02603 0.94528484
car 8.49938 61.526268 50.078335 76.66321 0.99159247
car 185.0331 254.61087 47.646526 80.20149 0.9928266
--
car 285.0799 321.89093 12.434684 30.922474 0.95088214
car 8.496405 61.524323 50.073494 76.66413 0.99161184
car 184.96092 254.51949 47.56675 80.216324 0.9930677
--
car 285.47748 321.56378 12.534859 30.903425 0.95997876
car 8.486649 61.53335 50.069992 76.65107 0.9916974
car 184.93776 254.65436 47.638065 80.162285 0.9934122
--
car 285.25732 321.63782 12.570156 30.797531 0.95353985
car 8.531023 61.492496 50.07022 76.649895 0.9916636
car 185.00058 254.61015 47.667683 80.08555 0.99332756
--
car 285.3297 321.5115 12.547104 30.80685 0.95438796
car 8.631085 61.41637 50.040405 76.67348 0.99158895
car 184.90752 254.7138 47.7489 80.03274 0.993175
--
car 285.19583 321.55383 12.545486 30.817837 0.9530188
car 8.637448 61.405426 50.063816 76.67089 0.99158376
car 184.95021 254.70403 47.74595 80.09054 0.9935576
--
car 285.3046 321.41287 12.577665 30.78822 0.9531751
car 8.657237 61.379242 50.084877 76.685074 0.9914535
car 184.90866 254.7357 47.746605 80.05009 0.99365556
--
car 285.32193 321.37704 12.549105 30.810486 0.96359056
car 8.667419 61.37854 50.082706 76.68817 0.9915604
car 184.991 254.64804 47.635647 80.20019 0.99366874
--
car 285.61865 321.1659 12.452947 31.163763 0.9630551
car 8.91049 61.23302 50.203255 76.76517 0.9914151
car 184.93407 254.53845 47.500805 80.55995 0.99407136
--
car 285.67755 321.11447 12.469508 31.20026 0.96046066
car 8.93478 61.20946 50.20426 76.76456 0.9914823
car 184.92863 254.51855 47.525826 80.50627 0.9941104
--
car 285.70346 321.05414 12.463137 31.190481 0.9650527
car 8.924806 61.20521 50.196648 76.76374 0.9915755
car 184.89473 254.55106 47.45964 80.597206 0.99445117
--
car 285.68073 321.0958 12.441257 31.193462 0.9644073
car 8.936026 61.216106 50.203133 76.75942 0.9916347
car 184.83765 254.53342 47.461754 80.607315 0.99434394
--
car 285.71085 321.03497 12.394779 31.240728 0.9643459
car 8.934875 61.22017 50.18621 76.760124 0.99168605
car 184.7901 254.53275 47.42785 80.58038 0.9942888
--
car 285.67035 320.9391 12.409068 31.194267 0.96492445
car 8.93767 61.217365 50.18441 76.76293 0.9918123
car 184.81885 254.58586 47.533825 80.56067 0.9946773
--
car 285.72397 320.93933 12.301373 31.249321 0.9654175
car 8.9053 61.268692 50.18462 76.75972 0.99161744
car 184.74292 254.67215 47.497387 80.565 0.9948674
--
car 285.60278 320.91187 12.340272 31.171839 0.9680441
car 8.874315 61.28568 50.197197 76.73346 0.9916895
car 184.86842 254.60698 47.52848 80.53094 0.99474204
--
car 285.56503 320.93002 12.271391 31.229277 0.9735342
car 8.87981 61.285072 50.19133 76.73255 0.9916087
car 184.89183 254.5871 47.63923 80.49123 0.9947577
