--
truck 232.35092 279.24548 13.241022 65.70748 0.548561
car 414.49176 479.1887 53.294518 145.19916 0.91001695
car 308.06116 452.2002 107.778564 265.18076 0.93368804
--
truck 230.46799 281.2975 14.245741 65.15105 0.60261893
car 421.66687 479.30124 57.312096 147.36827 0.89305574
car 308.6416 451.94647 108.68249 264.6808 0.9419275
--
truck 230.45113 281.16208 14.317741 64.94312 0.62392175
car 421.6194 479.34454 57.211197 147.50398 0.9071592
car 308.7832 451.93527 108.41257 264.0132 0.95171094
--
truck 230.2031 281.4204 14.248399 65.14535 0.5943887
car 427.57507 482.25403 61.17404 146.41475 0.91218466
car 309.2506 451.8597 108.27484 264.61343 0.9574786
--
truck 230.1483 281.68814 14.155623 65.26263 0.55692995
car 434.99896 481.2422 65.30621 155.30063 0.89299995
car 304.40332 455.42984 99.31204 272.6548 0.9450007
--
truck 229.97897 281.72516 14.179565 65.21534 0.5860411
car 434.94318 481.35086 65.425995 155.30202 0.88332963
car 304.23346 455.66443 99.197334 272.78247 0.94474345
--
truck 229.9346 281.64307 14.182652 65.214325 0.595893
car 441.9665 479.26028 66.38007 160.5481 0.73501444
car 304.16074 455.96283 98.36023 273.29523 0.94466174
--
truck 229.83324 281.8728 14.462635 65.08247 0.5956092
car 449.35663 480.72824 72.33313 158.68832 0.92395
car 304.94867 456.88544 98.50931 272.86343 0.9621584
--
truck 229.89728 281.86227 14.472167 65.09664 0.5821855
car 449.16147 480.74176 72.25637 158.66696 0.92426604
car 304.77695 456.6549 98.6053 272.9846 0.9607429
--
truck 229.6634 281.6981 14.45719 65.23819 0.59438396
car 457.4973 480.13608 74.51187 155.69205 0.9046491
car 304.57425 456.9873 97.23032 272.51172 0.9688414
--
truck 229.70741 281.6835 14.318909 65.39233 0.5756212
car 304.21158 456.60934 97.29247 272.8674 0.95996237
--
truck 229.54204 281.70923 14.321194 65.473366 0.5708913
car 304.4105 456.53384 97.34674 272.87628 0.9607431
--
car 234.76337 285.09247 13.092061 65.67956 0.6330641
car 305.63467 455.3722 98.377785 272.92285 0.97134674
--
car 234.9875 284.80725 13.3439045 65.852875 0.65648794
car 306.0641 455.28107 98.28818 274.16415 0.97327036
--
car 231.1357 281.70496 14.705678 65.01423 0.64899194
car 306.00977 454.95917 98.76946 273.54657 0.97311467
--
car 230.67331 281.91998 14.543168 64.76867 0.63279426
car 306.13272 455.24466 98.84906 273.92462 0.97308695
--
car 230.83456 281.9083 14.778275 64.67484 0.61028606
car 306.18536 455.33478 98.6184 274.28848 0.9710403
--
car 230.82562 281.8815 14.800912 64.692726 0.58887964
car 306.16168 455.28796 98.659584 274.34235 0.9697421
--
car 230.93823 281.87112 14.880332 64.70845 0.60431653
car 306.1175 455.6516 98.951195 274.30344 0.97099817
--
car 230.94078 281.89618 14.853934 64.651665 0.5854469
car 306.19852 455.76926 98.83193 274.29184 0.96892333
--
car 230.9275 281.89954 14.816745 64.58479 0.55920523
car 306.03146 456.11176 98.599686 274.126 0.9720419
--
car 230.98047 281.91116 14.82134 64.631996 0.55252844
car 305.99954 456.3243 98.972786 274.36978 0.9747055
--
car 234.93913 284.86078 13.492512 65.470665 0.5849348
car 305.7961 455.89713 98.7452 274.93274 0.97185946
--
car 234.92288 284.8836 13.502224 65.514824 0.5840245
car 306.1826 456.2137 98.57898 274.89725 0.9706718
--
car 230.57762 282.05548 14.770287 64.761246 0.5722732
car 305.6763 455.95572 97.60293 275.16473 0.96317977
--
car 230.40317 282.34558 14.572576 64.636314 0.5500321
car 305.3468 456.7027 98.61092 274.34982 0.9722009
--
car 230.46559 282.35965 14.656835 64.66597 0.58090794
car 305.82773 456.56702 97.89041 275.1361 0.9694993
--
car 230.51376 282.40448 14.736767 64.57642 0.56657803
car 305.805 456.53186 98.29214 274.5819 0.9711598
--
car 230.66771 282.34015 14.718088 64.67234 0.58169
car 305.84262 456.49435 98.383446 274.63492 0.9701586
--
car 230.62782 282.3151 14.691639 64.67677 0.5826176
car 305.74002 456.52325 98.41808 274.60532 0.970518
--
car 230.36116 282.33875 14.718091 64.776405 0.6134902
car 305.86697 456.26837 98.51848 274.50388 0.96936953
--
car 230.12312 282.59375 14.7939415 64.70679 0.60567933
car 305.81244 456.2613 98.69196 274.39087 0.9700581
--
car 230.04391 282.581 14.8131695 64.634674 0.57142025
car 305.95587 456.16656 98.68069 274.50427 0.97075534
--
truck 229.91484 282.6646 14.84206 64.49366 0.60274357
car 305.90906 456.11816 99.00255 274.4648 0.9686518
--
truck 229.86603 282.67148 14.593687 64.68855 0.5776898
car 305.758 456.07373 99.064415 274.4256 0.96824014
--
truck 229.85593 282.64706 14.6075735 64.72277 0.57768184
car 305.826 456.09756 99.08186 274.37256 0.96961766
--
truck 230.53745 282.48105 14.990812 65.12251 0.6377796
car 304.8312 457.28918 100.27518 273.68286 0.9672691
--
truck 230.42464 282.4822 15.180088 65.173935 0.6583277
car 304.98303 456.97742 100.631516 273.41794 0.96517116
--
truck 230.415 282.50656 15.200827 65.192085 0.64580023
car 304.9682 456.87256 100.83968 273.38058 0.9649656
--
truck 230.31049 282.5482 15.081099 65.187675 0.6723869
car 305.02634 456.85852 100.8044 273.27396 0.96678823
--
truck 230.40877 282.44882 15.037665 65.34401 0.6639122
car 304.89597 457.14627 100.43508 273.17313 0.9647779
--
truck 230.38315 282.41718 15.047731 65.297356 0.67137975
car 304.73904 456.7626 100.14812 273.4764 0.96516836
--
truck 230.32162 282.2982 15.059915 65.27395 0.64523256
car 304.83365 456.84415 100.41424 273.5394 0.9658708
--
truck 230.38423 282.44733 15.124837 65.31285 0.6554305
car 304.7851 456.70306 100.38796 273.55103 0.96590203
--
truck 230.3598 282.4365 15.101143 65.3468 0.65372264
car 304.77344 456.61115 100.658875 273.34314 0.96743053
--
truck 230.24069 282.28915 14.901184 65.13383 0.6507081
car 304.8076 456.54794 100.751335 273.2097 0.968619
--
truck 229.93645 282.3154 14.972187 65.083374 0.6645886
car 304.72656 456.4231 101.01866 273.19656 0.9679084
--
truck 229.88925 282.34564 14.989584 65.07128 0.6645585
car 304.7366 456.56284 100.9002 273.3452 0.9672386
--
truck 230.43086 281.9375 14.764842 64.958496 0.60985196
car 305.00766 456.43793 100.7704 273.35715 0.9626685
--
truck 230.53731 281.96912 14.541644 65.0225 0.595839
car 304.96555 456.1834 100.47892 273.38412 0.96606
--
truck 230.58702 281.93414 14.534298 65.029236 0.60961276
car 304.83203 456.06287 100.557144 273.19617 0.9616632
--
truck 230.28282 282.11603 14.797594 64.90997 0.61170816
car 304.7803 455.8153 100.30565 273.3347 0.96170866
--
truck 230.34192 282.10965 14.630504 64.954834 0.58712363
car 304.8622 455.65323 100.3169 273.41867 0.96019715
--
truck 230.344 282.10712 14.607809 64.95444 0.58577347
car 304.84106 455.72284 100.31954 273.3804 0.96034914
--
car 230.2943 282.19217 14.639486 64.989655 0.5811721
car 304.7412 455.68076 100.58109 273.3591 0.96127754
--
car 229.99594 282.18628 14.663183 64.80659 0.62079906
car 304.87335 455.74796 100.433235 273.36755 0.9640132
--
car 230.04337 282.20236 14.680798 64.761955 0.6106762
car 304.7034 455.8026 100.91183 273.04028 0.9635691
--
truck 229.82573 282.39172 14.858461 64.65336 0.5574258
car 304.71158 455.81793 100.981255 273.1648 0.9608657
--
truck 229.7704 282.40698 14.904403 64.62982 0.5669912
car 307.2758 450.9963 110.28908 266.14127 0.96274567
--
truck 229.64088 282.40082 14.956998 64.648735 0.56842846
car 304.5741 455.9283 101.08486 272.99472 0.96325576
--
truck 229.73041 282.4906 15.30388 65.35027 0.58359396
car 304.87903 455.71353 100.835205 272.22995 0.9694824
--
truck 229.67754 282.66006 15.467235 65.33536 0.58760124
car 304.96823 455.80777 100.91075 272.24503 0.9682884
--
truck 229.67755 282.6312 15.470416 65.32256 0.5892476
car 304.7976 455.34622 100.88085 272.2387 0.9668481
--
truck 229.56274 282.78427 15.617253 65.27475 0.58518434
car 307.16406 451.01743 110.58392 264.70862 0.9685542
--
truck 229.5437 282.71503 15.7399 65.190216 0.6041945
car 307.22412 451.04578 110.43686 264.86496 0.9681909
--
truck 229.64195 282.5983 15.67421 65.129456 0.60994923
car 304.42264 455.76483 101.3722 272.1047 0.9671053
--
truck 229.59329 282.69678 15.792482 64.97649 0.62358826
car 304.63663 455.46634 101.431244 272.1856 0.9657425
--
truck 229.61348 282.6583 15.723592 64.975494 0.61553067
car 304.4318 455.36197 100.7613 272.42087 0.9649132
--
truck 229.5349 282.70087 15.590992 64.952286 0.6161642
car 304.42743 455.38937 100.71674 272.49347 0.96419775
--
truck 229.52847 282.7154 15.667475 64.8617 0.6282693
car 306.9952 450.86694 110.40755 264.8382 0.96123904
--
truck 229.54088 282.64307 15.59597 64.87123 0.6329271
car 306.81287 450.76883 110.54926 265.14587 0.9607282
--
truck 229.44547 282.68927 15.568574 64.862366 0.62506485
car 304.31485 455.33136 101.02921 272.33954 0.9624369
--
truck 229.78546 282.52414 15.493746 64.81217 0.5320386
car 304.59518 455.96646 101.4743 271.07004 0.98172873
--
truck 229.76262 282.56326 15.525798 64.769325 0.5171334
car 304.6318 455.83856 101.38098 271.0021 0.98312646
--
truck 229.8047 282.54248 15.517631 64.81569 0.52368695
car 307.45102 451.09555 110.32814 265.0323 0.9812872
--
truck 229.96286 282.31528 15.411072 64.87341 0.5320008
car 304.90253 456.28058 101.50733 271.1444 0.9807841
--
truck 229.9835 282.39468 15.544219 64.85731 0.4987378
car 304.8522 456.07712 101.65794 271.22226 0.9802938
--
truck 229.99615 282.3791 15.515042 64.91036 0.4891442
car 307.27823 450.80106 110.21643 265.36713 0.98046565
--
truck 230.02005 282.43274 15.519278 64.88792 0.50379694
car 307.25253 450.6557 110.3638 265.2761 0.9800968
--
truck 229.92355 282.326 15.475498 64.89708 0.51347345
car 307.1825 450.58063 110.3428 265.29968 0.9808586
--
truck 230.11801 282.14975 15.45167 64.84804 0.51815546
car 307.06284 450.4787 110.29233 265.52945 0.9806664
--
truck 230.00319 281.94522 15.539705 64.75253 0.53191924
car 307.14136 450.5675 110.23317 265.51666 0.9805988
--
truck 229.87047 282.01196 15.554079 64.66463 0.56815493
car 307.11417 450.5998 110.30828 265.54047 0.9817122
--
truck 229.92752 282.012 15.589428 64.57386 0.56280655
car 307.26144 450.65695 110.25868 265.31882 0.98144555
--
truck 229.69426 282.56268 15.45061 64.8907 0.63334477
car 307.29892 451.53094 110.24232 265.26416 0.97950596
--
truck 229.90997 282.4435 15.500901 64.750595 0.6426549
car 307.33087 451.5531 110.387695 265.48273 0.97836083
--
truck 229.64282 282.46942 15.418003 64.76037 0.6292391
car 306.94162 450.66858 110.47873 265.34088 0.9790225
--
truck 229.61282 282.43716 15.597051 64.692795 0.6401971
car 307.02808 450.57407 110.22807 265.1598 0.9784825
--
truck 229.92218 282.08246 15.417413 64.736534 0.6377628
car 306.5978 450.4557 110.43676 265.24774 0.97921145
--
truck 229.99362 282.06592 15.479387 64.73052 0.636563
car 306.755 450.98035 110.516365 265.2345 0.9795584
--
truck 232.57802 278.89014 14.104795 65.572815 0.65538955
car 306.8026 450.82614 110.29761 265.41275 0.981095
--
truck 232.60582 279.21988 14.481174 65.67156 0.66130656
car 306.7909 451.0835 110.43731 265.4748 0.9792253
--
truck 232.55756 279.19962 14.541663 65.57601 0.66866547
car 306.7231 450.84772 110.406425 265.2503 0.9806417
--
truck 230.51718 282.28568 15.984239 64.86959 0.6159595
car 270.89056 293.84686 0.21277428 14.889221 0.4959117
car 306.55307 450.964 110.51063 265.0255 0.9821271
--
truck 232.69008 279.2285 14.556654 65.98802 0.6380604
car 306.66412 451.09274 110.500275 265.1044 0.9791534
--
truck 232.60437 279.23834 14.518816 66.07756 0.64378315
car 306.5683 451.0593 110.67575 264.9955 0.97937137
--
truck 232.46979 279.4619 13.4850235 66.56966 0.5419683
car 264.89813 296.28156 1.1826342 20.959139 0.49691707
car 306.57663 451.50284 109.9657 264.79486 0.9776663
--
truck 234.62932 285.19983 15.1292095 65.770294 0.6071386
car 262.59976 294.76505 1.4794602 23.132647 0.60203195
car 306.52863 451.30246 109.668015 264.0818 0.9803533
--
truck 234.59283 285.29218 15.20377 65.61163 0.5936404
car 262.5533 295.00067 1.5237616 23.091963 0.615235
car 306.39645 451.19855 109.77962 263.4021 0.9805986
--
car 230.80823 282.27792 16.747204 64.74958 0.5955966
car 260.1425 290.9303 0.25606915 24.564018 0.7372601
car 306.80927 451.31033 109.94349 263.33618 0.97800386
--
car 230.13547 282.41553 16.313944 65.53986 0.6181981
car 258.97113 290.90918 -0.21993712 25.721066 0.85316575
car 303.50616 455.85455 100.0922 271.83173 0.9778819
--
car 230.32019 282.37958 16.358313 65.53614 0.62521315
car 258.98987 290.99173 -0.24610072 25.754938 0.85775304
car 303.58286 455.81177 100.06115 271.952 0.97742176
--
car 230.11176 282.274 17.212162 65.729324 0.63788605
car 260.78574 290.49747 3.5017674 31.300419 0.9099443
car 303.19168 456.19672 99.84616 271.91248 0.97895044
--
truck 232.55252 279.38022 14.343802 66.37327 0.53875047
car 262.20383 293.0582 6.553727 34.18485 0.84851086
car 303.16867 456.08633 99.83805 271.9861 0.9792766
--
truck 232.5332 279.407 14.261734 66.34941 0.5236145
car 262.1674 293.06323 6.4727283 34.18646 0.8463387
car 303.1811 456.1546 99.94045 272.00256 0.9791773
--
truck 232.86517 279.62784 13.820108 66.85662 0.6166063
car 263.28305 292.76785 6.414284 36.557064 0.70000017
car 306.67737 450.9019 110.01814 263.33582 0.979285
--
truck 229.51501 282.8743 13.705943 65.990204 0.65039444
car 266.65414 290.09033 11.761462 39.90196 0.44282654
car 306.62625 450.93442 109.93969 263.45255 0.97860426
--
truck 229.42474 283.0053 13.67752 65.91734 0.6628269
car 266.80545 290.06967 11.788136 40.009224 0.46563938
car 306.6395 450.87183 109.95896 263.4054 0.9786827
--
truck 227.82237 283.025 15.057321 66.1073 0.66453725
car 265.0087 294.26385 13.3476515 41.18223 0.4507806
car 306.40738 450.78845 110.154396 264.55682 0.969088
--
truck 227.23532 282.4811 15.280646 65.62463 0.62572664
car 264.78772 293.09808 14.550225 41.92591 0.70443344
car 306.6942 450.8169 110.210556 264.39337 0.9708893
--
truck 227.3244 282.48813 15.227587 65.59733 0.62617666
car 264.8392 292.98853 14.541947 41.988564 0.71713173
car 306.7042 450.7787 110.27519 264.44507 0.96880627
--
car 226.54576 282.1666 16.317337 68.30232 0.759005
car 263.4903 295.56738 15.220729 42.58886 0.8801506
car 307.05087 450.97803 110.288055 263.97675 0.96692824
--
truck 224.81079 283.68506 14.978134 70.4745 0.64862394
car 263.14642 297.68216 14.880998 43.218956 0.65091896
car 306.73785 450.90326 110.283295 264.30896 0.9688798
--
truck 224.99582 283.5272 14.943968 70.49153 0.66191196
car 263.0556 297.80646 14.734015 43.339844 0.6554331
car 306.7209 450.97562 110.40507 264.50232 0.9714644
--
car 246.38509 280.5881 6.4355655 28.851133 0.3026928
car 225.4491 283.2674 15.036507 71.55536 0.75244516
car 267.5152 299.95898 21.09488 50.490223 0.8101813
car 306.3994 450.47183 110.02275 264.13995 0.9675711
--
car 244.28209 281.55533 6.9873905 31.59661 0.3312705
car 226.96077 304.38785 14.697242 72.774315 0.9385986
car 306.2535 450.5424 110.16757 264.0926 0.9612014
--
car 244.30896 281.62933 6.9937177 31.691376 0.32092026
car 226.92157 304.77774 14.589471 73.01752 0.93524146
car 306.47552 450.29886 110.12988 264.16846 0.96206546
--
car 270.20337 307.38007 21.37591 55.858967 0.5679949
car 222.58336 286.1577 15.874093 71.85889 0.8741711
car 306.75555 450.71576 110.21139 263.94553 0.96834534
--
car 221.3368 312.6684 11.5093565 74.364494 0.8627988
car 306.60098 451.02835 110.71074 264.01474 0.9584298
--
car 221.40753 312.67227 11.579168 74.37647 0.8523155
car 306.63416 450.88144 110.768654 264.4537 0.9586676
--
car 221.94315 316.35834 12.410335 78.51997 0.94911647
car 306.75278 450.36676 110.1105 265.536 0.9694706
--
car 224.29213 314.99948 16.5327 74.574776 0.7987553
car 307.09973 450.07257 109.87697 265.14267 0.96621096
--
car 224.49704 315.49344 16.336899 74.0189 0.79514456
car 307.03967 450.2294 109.95759 264.9778 0.9669891
--
car 223.42212 315.79584 15.037518 75.56652 0.8515604
car 306.83368 450.0748 110.05098 264.43546 0.9697887
--
car 222.26758 314.17664 13.554508 79.46445 0.82704645
car 306.57605 449.93454 110.05237 264.54202 0.9647936
--
car 221.94528 315.31335 13.320559 79.669586 0.8254817
car 306.64072 449.93127 110.058975 264.72244 0.965386
--
car 225.86388 301.99258 25.664001 85.1101 0.6126877
car 306.75568 449.70737 109.76017 265.46805 0.9583107
--
car 275.0908 331.6772 17.756516 68.54692 0.6736276
car 224.65361 300.1998 30.229568 87.91056 0.92971
car 307.00818 449.47253 109.828255 265.42862 0.95580655
--
car 274.82202 331.36145 17.860966 68.31457 0.67297846
car 224.60036 300.30984 30.020908 88.02524 0.93100387
car 306.99426 449.46878 110.02718 265.7653 0.95480543
--
car 224.18573 302.52197 29.34936 88.605354 0.73027384
car 306.30176 449.75955 110.02834 265.14206 0.9566094
--
car 268.8967 341.03763 16.892223 73.09801 0.39200184
car 223.1665 302.21066 29.79847 89.2991 0.8290829
car 305.89612 449.46606 109.64899 265.3331 0.9599522
--
car 268.48566 340.86346 16.757437 73.207535 0.38049537
car 222.91763 302.51743 29.522192 89.33108 0.8336459
car 305.95837 449.50607 109.53099 265.5103 0.9590337
--
car 224.3199 303.2089 33.85103 92.1754 0.9005366
car 306.72845 449.5538 109.31775 266.02957 0.95674324
--
truck 257.16147 342.31735 17.397762 75.74934 0.31432882
car 225.73105 300.35547 35.658978 91.53727 0.63077456
car 307.05023 450.02094 109.67939 266.22345 0.9440868
--
truck 257.29364 341.7478 17.507738 75.53387 0.35916147
car 225.83246 299.94415 36.01239 91.558655 0.6704207
car 307.08243 450.00845 109.741104 265.9578 0.94925165
--
truck 258.82532 342.3038 18.389732 75.67996 0.32936123
car 227.28549 297.7707 36.5789 92.70736 0.6840868
car 306.31366 449.95486 110.00994 266.1489 0.94344276
--
truck 226.56459 301.8933 35.581306 93.485565 0.55026716
car 306.57718 449.7336 109.904236 266.6521 0.9609997
--
truck 226.54678 302.66843 35.714775 93.55403 0.55062526
car 306.85446 449.8455 109.95653 266.55127 0.9609279
--
car 225.13118 302.627 34.912487 94.9349 0.5265496
car 306.44952 450.13535 110.07517 266.33875 0.97164935
--
car 225.06467 304.12045 35.318035 95.48836 0.71791285
car 306.9595 450.10162 110.592 266.65817 0.9776668
--
car 261.90506 345.8283 21.185614 74.42368 0.31301957
car 225.06883 304.49225 35.3685 95.25456 0.7153722
car 307.0561 450.31723 110.49898 266.3478 0.98037225
--
car 225.08934 304.048 35.282356 97.86093 0.60717535
car 307.0448 450.23065 110.28724 265.62363 0.97541875
--
car 277.73254 360.09088 34.583683 81.50181 0.37494108
car 226.25957 305.60236 33.346905 100.58977 0.7132326
car 307.5399 449.73358 111.04663 266.3817 0.9701049
--
car 277.54828 360.31454 34.8741 81.57019 0.36668655
car 226.38264 305.65002 33.49847 100.522575 0.70604414
car 307.50797 449.7713 111.02311 266.20203 0.9706383
--
car 224.84688 308.05698 31.834723 102.39443 0.72237706
car 306.1168 449.46783 111.040276 265.6549 0.9676203
--
car 275.54425 370.4746 31.268227 84.37161 0.36351922
car 224.24352 311.7186 32.939182 101.1469 0.7377073
car 306.1875 449.71176 111.32545 267.16238 0.95996267
--
car 275.58127 370.30927 31.16484 84.452614 0.3541104
car 224.48087 311.3839 32.98007 101.16006 0.7040891
car 306.12903 449.95367 111.34461 267.16232 0.9565995
--
car 274.44308 371.43707 31.561531 85.39826 0.33510816
car 226.30025 313.83463 32.976917 100.99721 0.59805495
car 303.10672 454.17624 102.978004 271.55682 0.94927776
--
car 276.80823 371.4361 30.632715 86.45562 0.6236795
car 225.64456 316.9416 41.70263 99.96867 0.72660816
car 305.85944 449.96384 111.5764 267.02045 0.9320389
--
car 276.8102 372.2858 30.626438 86.61768 0.6167032
car 225.69652 317.1557 41.92626 99.82521 0.6972141
car 305.8933 449.99954 111.796394 266.60995 0.93373126
--
car 331.0092 383.8896 37.499687 83.96922 0.3316922
car 277.66083 371.07327 30.376331 86.07419 0.61319155
car 225.52563 318.8982 43.490677 98.72457 0.76472825
car 306.12112 449.65115 111.36057 265.7475 0.92504615
--
car 334.05676 388.30508 36.73897 86.05479 0.48441783
car 279.32938 365.65088 30.386856 86.24096 0.52625847
car 224.22713 320.43073 41.6471 99.71265 0.88150734
car 306.4422 450.30554 112.00709 265.57462 0.91020644
--
car 333.95435 388.295 36.61944 86.17172 0.49672177
car 279.45718 365.5172 30.381315 86.25918 0.51861125
car 224.40753 320.42157 41.664276 99.67907 0.89090216
car 306.989 450.12378 111.93685 265.71017 0.92673904
--
car 291.26202 390.05377 28.970345 87.462906 0.69369435
car 306.61795 450.20926 111.93973 265.22296 0.9237086
car 225.3998 321.43747 41.588814 100.38165 0.92959964
--
car 294.31467 392.575 27.165682 89.36842 0.7883018
car 224.46776 319.52286 33.58814 101.077194 0.9074691
car 306.18506 450.25397 112.137695 264.0187 0.91806805
--
car 294.21964 392.81955 27.16729 89.312454 0.7925812
car 224.1903 320.1281 33.747894 100.589005 0.904438
car 306.42694 450.17572 112.00107 264.28595 0.92196995
--
car 294.71927 395.49554 26.664133 91.53061 0.91562873
car 307.57886 450.22076 111.41272 264.0362 0.92431957
car 227.56934 320.2273 33.948044 100.4985 0.9422064
--
car 223.61272 339.38354 22.885078 96.25099 0.42845896
car 295.22455 398.0857 19.461966 91.342476 0.7758189
car 308.11902 450.17807 111.97364 265.17755 0.892413
car 243.54303 322.40222 47.659958 99.30779 0.89978325
--
car 295.22324 398.07947 19.084812 91.23944 0.7825598
car 242.07 322.76242 47.19895 99.56495 0.8831692
car 307.9065 450.35406 112.03405 264.98404 0.89300287
--
car 228.035 306.05676 37.318516 87.68527 0.37092602
car 247.78513 322.846 48.085915 100.03763 0.7639857
car 288.76923 398.83792 21.639467 93.02058 0.7991
car 307.96765 449.6241 111.26961 265.3398 0.9075232
--
car 247.53127 323.97644 48.99515 99.78763 0.46012706
car 286.43234 401.3656 22.450804 93.41392 0.71632403
car 308.06696 449.57428 110.916534 264.5187 0.9195899
--
car 247.97182 324.26996 48.992126 99.940285 0.47799134
car 287.13382 401.84772 22.221373 93.273476 0.7415202
car 307.9851 449.64026 110.86935 264.64737 0.921946
--
car 221.7356 341.9542 21.318296 96.93086 0.39193386
car 244.87003 324.57224 47.654232 99.90394 0.7206844
car 306.72363 410.46112 29.843527 91.8831 0.801244
car 307.909 449.72342 111.328026 264.6515 0.92343104
--
car 244.80975 323.28458 49.05459 99.39688 0.63756543
car 309.5587 415.62497 30.480309 92.0547 0.854997
car 307.9584 450.00555 111.09497 264.6292 0.904839
--
car 245.10419 323.21744 49.3186 99.39323 0.6719597
car 308.68033 415.84857 30.655445 91.773026 0.8418994
car 307.97006 449.95724 111.06331 264.80365 0.89622283
--
truck 220.85516 334.32706 20.953913 97.513466 0.3083419
car 245.34296 323.19867 48.368603 99.79552 0.58851576
car 314.9765 405.7586 29.948408 90.94395 0.7570663
car 307.5717 449.6574 111.180084 265.12976 0.892007
--
car 225.53287 321.5703 43.25902 99.87591 0.74222463
car 315.6403 407.50922 30.117119 87.997185 0.8693864
car 307.57095 449.34015 110.858864 265.47684 0.9107672
--
car 243.80104 323.19653 47.07078 99.67624 0.8162721
car 315.269 407.17963 30.134087 88.028015 0.8565849
car 307.47678 449.38516 110.7828 265.4826 0.9074474
--
car 317.4015 405.5995 30.01527 89.68034 0.7025287
car 225.7353 321.20038 42.544044 100.54038 0.775615
car 307.81076 449.0041 110.88297 265.43683 0.9245266
--
car 228.93362 390.0499 21.934292 99.14721 0.42420602
car 323.07993 425.46826 29.757221 97.06912 0.76525533
car 225.76044 321.31345 42.524025 100.30586 0.80854255
car 306.7478 449.4328 110.986694 266.0569 0.9141592
--
car 228.56361 390.07352 21.796877 99.07803 0.4396754
car 323.3408 425.1752 29.548758 97.22861 0.7566074
car 226.20523 320.93256 42.958393 100.098045 0.79809654
car 307.10748 449.40283 110.90703 265.9508 0.91396326
--
car 324.3055 427.83408 30.027899 95.84238 0.8701017
car 224.40308 322.5793 41.494698 100.465485 0.87627256
car 307.11987 449.6477 111.02075 265.7449 0.90194917
--
car 320.63037 427.5008 22.483242 101.22058 0.7971785
car 307.37207 449.72232 111.13777 265.53772 0.8682737
car 224.70831 321.9819 41.416763 101.57136 0.94055533
--
car 320.69485 427.4008 22.409014 100.43628 0.8000103
car 307.29944 449.64413 111.2419 265.84128 0.8725632
car 224.58264 322.0336 41.41969 101.52183 0.94495
--
car 318.4849 432.1083 23.502745 101.22386 0.723968
car 307.0301 449.95038 111.5219 264.96136 0.8885491
car 225.79048 319.74173 41.42829 101.538025 0.928383
--
car 319.5367 433.91235 23.22772 101.17067 0.74452436
car 307.5399 449.54395 111.32536 265.07874 0.88200516
car 225.14227 319.10956 42.275288 100.830376 0.89795876
--
car 319.22708 434.42078 22.71098 101.28367 0.74595237
car 307.43445 449.54764 111.30148 265.05502 0.8770974
car 225.16966 319.1506 42.588177 100.52031 0.89372045
--
car 226.12366 318.45868 41.521847 100.81628 0.84113854
car 321.07474 435.46368 25.909576 101.98544 0.8774555
car 306.80142 449.52682 111.951584 264.82025 0.8897526
--
car 320.4356 436.5453 27.331013 103.38452 0.85620713
car 224.82797 318.52625 40.943203 101.186874 0.8628193
car 306.03363 449.6235 112.275406 265.43146 0.8913384
--
car 319.89423 437.36435 27.640299 103.04817 0.8678341
car 225.00734 318.44095 41.213253 100.973816 0.87569
car 305.93805 449.67847 112.35314 265.5817 0.89136654
--
car 326.87854 437.19473 29.727663 104.87013 0.87188846
car 305.40588 451.77582 112.338875 267.0664 0.8881313
car 225.38501 319.11023 41.41908 101.04556 0.9225831
--
car 327.3203 441.05347 28.837152 105.69365 0.8704071
car 305.54233 451.4339 111.98613 267.2422 0.9139633
car 225.17245 319.16016 40.698124 101.469376 0.92612267
--
car 328.42795 441.0853 29.203316 105.729805 0.8614957
car 305.54053 451.41098 111.88574 267.29956 0.8947625
car 225.0684 319.35794 40.775295 101.47499 0.9250913
--
car 329.03464 443.06906 30.010633 105.7823 0.8866163
car 225.11623 318.6183 41.135536 101.261154 0.91701484
car 305.22467 452.0018 112.30076 266.93726 0.92839783
--
car 329.84912 443.69098 29.434906 105.28781 0.8064108
car 225.41179 318.88382 40.935795 101.35083 0.9083115
car 305.46988 451.4966 111.680336 266.39285 0.92868906
--
car 329.1633 443.67877 28.756285 104.966644 0.8160946
car 225.28667 318.7298 41.578762 101.05553 0.9090971
car 305.50754 451.57385 111.7716 266.27972 0.9289575
--
car 328.94324 445.07678 28.799938 105.9141 0.88723594
car 224.70712 320.14456 40.92487 101.39615 0.8920795
car 305.45453 451.30847 111.652336 266.48935 0.9323598
--
car 329.5857 446.01675 30.093975 106.98393 0.84720546
car 224.72055 319.79422 41.344784 101.02756 0.91064835
car 305.57675 451.1066 111.78061 265.76877 0.9279533
--
car 328.71393 446.53162 29.840866 107.0758 0.82418483
car 224.8613 319.67847 41.429207 101.041664 0.90574026
car 305.53284 451.21375 111.93025 265.87402 0.92711383
--
car 328.0292 446.95105 31.008574 108.392426 0.8526866
car 225.60759 319.30124 41.20196 101.25552 0.8907229
car 305.61194 451.2384 111.98731 265.74652 0.9314551
--
car 328.95407 448.12442 30.688381 109.83835 0.84119046
car 225.35948 320.62576 41.389538 101.1196 0.8794674
car 305.4348 451.27368 111.745766 265.8138 0.9284914
--
car 328.19568 448.30804 30.461435 109.83234 0.8532948
car 225.5401 320.30084 41.40089 101.226204 0.8943991
car 305.57254 451.24347 111.79497 265.84805 0.9329538
--
car 225.30507 321.52087 40.61875 102.01527 0.8562462
car 330.69998 449.46326 32.396397 111.189224 0.89779305
car 304.9906 451.30154 112.93718 266.3517 0.93526
--
car 330.7872 448.62238 31.466469 108.697334 0.84773207
car 224.85793 321.34644 40.734943 101.73158 0.85531807
car 305.28342 450.74454 112.682625 266.35678 0.94179946
--
car 331.42197 448.64008 32.10914 108.42465 0.8434532
car 224.93155 321.78696 40.69041 101.77698 0.858845
car 305.38632 450.74832 112.42997 266.12054 0.94280094
--
car 225.12383 321.63013 41.41551 101.215675 0.868822
car 332.48743 449.18546 31.88852 109.100525 0.87393767
car 305.21594 450.89603 112.52821 266.03674 0.9461569
--
car 225.24506 321.2974 41.447292 101.14323 0.84322804
car 332.404 449.72913 31.947083 109.503555 0.8753567
car 305.67407 450.9032 112.317345 265.94397 0.9435332
--
car 225.11284 321.46512 41.442554 101.12151 0.8627633
car 332.70166 449.76425 32.16879 109.73902 0.8799798
car 305.6007 450.8629 112.46049 266.04263 0.94486207
--
car 225.35402 320.9891 41.411133 101.36997 0.87612695
car 332.77145 450.01645 31.803886 110.11124 0.8976292
car 305.6451 450.93924 112.5864 265.71872 0.93974435
--
car 225.6735 320.65625 41.32901 101.42785 0.87609625
car 331.86206 448.4635 31.543015 111.11932 0.8827374
car 305.55844 451.0224 112.33008 265.96075 0.9375118
--
car 225.62701 320.55045 41.638287 101.32345 0.8335512
car 330.61227 447.9915 30.830807 111.14237 0.861569
car 305.84293 450.67758 112.24629 265.29407 0.93710124
--
car 330.13535 448.52576 30.68047 109.88617 0.83225435
car 225.5003 320.73044 41.237885 101.52894 0.8702155
car 305.56848 450.8595 112.09997 265.40546 0.9328354
--
car 330.17197 448.74863 30.959303 110.03288 0.84973365
car 225.35506 320.83963 41.354965 101.58984 0.890653
car 305.69202 451.0722 112.734116 264.9204 0.93747
--
car 329.5204 449.09802 30.642422 110.90048 0.84124297
car 225.46141 320.74652 41.420494 101.685814 0.86575603
car 305.8344 450.96704 112.66778 265.0387 0.94015217
--
car 326.4307 448.29318 31.007921 112.37588 0.8103002
car 227.22806 319.5146 42.124798 102.048904 0.8265228
car 306.1263 451.07425 113.25557 265.12885 0.9316968
--
car 227.10486 319.37512 42.147858 102.04914 0.8593093
car 326.34 449.66315 32.147976 112.7079 0.8764556
car 306.00677 450.92874 113.085655 265.49942 0.9305194
--
car 227.038 319.41635 42.08327 102.016106 0.861061
car 326.52942 450.0966 32.008846 112.99192 0.8704458
car 305.97998 450.79715 113.0944 265.4706 0.9187621
--
car 326.4929 448.6396 31.737791 111.409584 0.9065868
car 227.2106 318.99582 42.27308 102.06557 0.9083404
car 305.89374 450.8886 112.85256 265.8939 0.9343958
--
car 326.1956 449.32983 32.896 111.72293 0.8976836
car 226.91273 319.22308 41.746853 102.50581 0.9218658
car 305.37564 451.0904 113.218445 265.50345 0.9463244
--
car 326.25003 449.86487 32.89263 111.27998 0.9155584
car 227.18742 318.97824 41.68112 102.54219 0.91608644
car 305.48676 451.06464 113.20624 265.6797 0.9405073
--
car 227.43796 318.73703 41.746838 102.3536 0.90279275
car 325.95718 449.20895 32.378384 110.92571 0.9077518
car 305.28665 451.2612 113.46056 265.6751 0.93353397
--
car 327.1627 447.4663 33.16281 108.58863 0.77444553
car 227.99945 318.44055 41.75419 102.12622 0.9006656
car 305.73758 450.87396 113.36336 265.26276 0.92881066
--
car 327.28058 448.4768 33.061413 108.456055 0.77621996
car 227.75998 318.5996 42.014706 101.869545 0.90846235
car 305.62073 450.76425 113.18311 265.46582 0.9317803
--
car 326.74237 447.3536 32.943047 107.706764 0.7790612
car 227.56914 318.67957 41.82262 102.2104 0.9255482
car 305.9351 450.5764 113.26089 265.41995 0.9293969
--
car 327.26276 448.49133 33.22117 107.10466 0.6688992
car 306.06235 450.22876 113.00316 265.62305 0.9149435
car 227.53589 318.6317 41.802956 102.1663 0.92457753
--
car 326.6779 447.60922 33.05511 107.32694 0.7387996
car 305.7903 450.21893 113.02399 265.60495 0.91981053
car 227.24062 318.92432 42.029575 102.03404 0.920761
--
car 326.92105 445.54684 33.0235 106.40372 0.891219
car 226.6949 319.0693 41.267166 102.41391 0.9028599
car 305.44135 450.4788 112.349304 266.86987 0.9268679
--
car 326.99478 445.7876 32.771355 106.083534 0.84957874
car 226.38542 319.3851 40.958603 102.53381 0.87548107
car 305.28268 450.4708 112.08873 267.3204 0.9276745
--
car 326.83337 445.74292 32.613907 105.93895 0.8452398
car 226.20175 319.342 40.915165 102.57884 0.8826993
car 305.31268 450.40512 112.04225 267.50128 0.9278861
--
car 326.76758 444.61615 32.85184 104.77782 0.8854916
car 225.93552 319.19992 40.862022 102.68266 0.8897987
car 305.50482 450.2694 112.04317 267.52066 0.93028337
--
car 327.074 444.08005 32.784546 105.191956 0.86849695
car 225.73198 319.33527 40.75952 102.74281 0.88807106
car 305.4659 450.39978 112.09192 267.5082 0.91640633
--
car 327.22662 444.5218 32.54672 104.67705 0.85424
car 225.69125 319.35272 40.49669 102.921394 0.88090575
car 305.5163 450.22247 111.82829 267.5141 0.9165781
--
car 327.5811 443.0977 32.20818 105.409546 0.8084137
car 225.31145 319.45667 40.780094 102.775856 0.8667295
car 306.1429 449.93533 111.84959 267.74884 0.89362407
--
car 327.7187 443.37134 32.73115 105.728584 0.82895637
car 224.80963 319.93246 40.122276 103.2328 0.8674883
car 306.06168 449.81046 111.78454 267.7051 0.9000714
--
car 327.36392 444.8197 32.36366 105.51956 0.8653425
car 225.46329 319.6469 40.331947 103.06349 0.89134884
car 305.96896 449.8371 111.82878 267.27588 0.91763043
--
car 327.35486 444.08163 32.73722 104.97918 0.82489216
car 306.0165 449.92355 111.75958 267.39166 0.90709937
car 225.0721 319.39847 40.9263 102.53349 0.90715957
--
car 327.09174 442.24185 32.23202 104.52088 0.83982086
car 305.94827 450.0177 111.782646 267.42206 0.9066399
car 225.13951 319.65338 41.06896 102.307175 0.921251
--
car 327.1012 443.0428 32.22977 105.33303 0.86148536
car 225.00311 319.78503 41.065193 102.32819 0.9131248
car 305.98624 450.01517 111.86984 267.45847 0.917831
--
car 326.27185 442.3598 32.402634 104.429085 0.8814131
car 225.25992 319.5128 41.057304 102.58339 0.92632234
car 305.0718 450.30313 111.49428 265.98633 0.9510114
--
car 325.94318 441.03476 32.233067 104.013855 0.88210946
car 225.57773 319.38025 41.112724 102.4514 0.91826785
car 305.15625 450.37576 111.60432 266.26062 0.9495114
--
car 325.924 440.7803 32.072258 104.253685 0.8894914
car 225.27864 319.17935 40.931015 102.46523 0.90499365
car 305.04495 450.28833 111.76857 266.07828 0.9451446
--
car 326.12833 440.70993 32.507572 104.37748 0.87664384
car 225.2915 318.99277 40.826706 102.58774 0.91517097
car 304.78702 450.2389 111.68688 266.07697 0.9477105
--
car 326.25366 440.96936 32.47708 104.27172 0.8776891
car 225.53078 318.9133 40.679035 102.649956 0.9031948
car 304.6824 450.34875 111.72765 266.46304 0.9462955
--
car 326.60873 441.99387 32.202595 104.47708 0.86708224
car 225.4766 319.12262 40.837677 102.4998 0.89554024
car 304.67877 450.42465 111.75733 266.78098 0.9476276
--
car 326.8676 442.7089 32.426464 105.17815 0.8861357
car 225.50261 319.12326 40.95003 102.401505 0.9129058
car 304.69275 450.59683 111.992676 266.55975 0.94858676
--
car 327.15823 444.67154 32.669266 105.2416 0.89377725
car 225.60036 318.92453 41.24875 102.05904 0.9183607
car 304.6072 450.49255 111.8293 267.04092 0.94168454
--
car 327.1681 445.20923 32.551483 105.01535 0.89618576
car 225.41307 318.907 41.111786 102.16794 0.9136134
car 304.6822 450.7433 111.831635 267.1063 0.9398472
--
car 326.90125 445.3322 32.415558 104.790695 0.9094131
car 225.46718 319.04626 41.196434 102.12729 0.9168915
car 304.78632 450.65317 111.58558 266.58163 0.9477346
--
car 327.35648 445.93518 32.878105 104.99911 0.87497115
car 225.44695 319.30533 41.261047 102.001 0.90382683
car 305.1042 450.61548 111.42802 266.7437 0.9395661
--
car 326.99606 445.39133 32.32801 104.72586 0.8900205
car 225.27153 319.28137 41.29084 101.89842 0.9130198
car 305.19986 450.51843 111.521454 266.95544 0.93783325
--
car 304.71103 451.26715 111.70413 266.5733 0.904211
car 325.6172 443.60162 31.275576 104.07613 0.92164135
car 224.82997 319.8397 42.380093 100.87264 0.9299348
--
car 304.99472 451.24622 111.600845 266.4292 0.90233004
car 325.81198 443.75256 31.629532 103.99804 0.9228497
car 225.03523 319.58798 42.52192 100.888405 0.937199
--
car 304.95834 451.171 111.58964 266.3273 0.9004316
car 325.80698 443.18237 31.35739 103.804 0.9185235
car 224.96515 319.81235 42.525925 101.01154 0.93453574
--
car 305.22717 451.1776 111.65991 266.4046 0.90099764
car 325.8744 443.2855 31.378025 103.68028 0.91460544
car 224.77615 319.8238 42.717133 100.878975 0.9267394
--
car 305.21863 451.03586 111.493904 266.46918 0.8957777
car 224.76141 319.77954 42.70054 100.873146 0.930099
car 325.52792 442.44724 31.218895 103.32328 0.9307839
--
car 305.02408 451.07233 111.33822 266.54422 0.89926696
car 325.7989 443.68274 31.533337 103.10667 0.92481637
car 224.66743 319.69928 42.582397 101.01684 0.9290511
--
car 305.08408 451.0554 111.311874 266.73032 0.8951288
car 326.4507 443.88998 32.34767 103.1931 0.89867306
car 224.5886 319.7395 42.7404 100.90227 0.93671715
--
car 304.77448 451.21008 111.31696 266.45514 0.89839864
car 225.21172 319.38858 41.588776 101.62537 0.9235769
car 327.33035 445.68405 33.99977 103.60985 0.9359025
--
car 304.27615 451.2064 111.35633 266.4804 0.8785834
car 224.97365 319.45975 41.7239 101.49511 0.9182983
car 326.35062 445.89343 33.730286 103.19891 0.92959994
--
car 304.73804 450.94516 111.445885 266.52512 0.8894407
car 224.66156 319.59595 41.761837 101.49387 0.9086111
car 326.68814 445.86456 33.268185 102.91185 0.93079126
--
car 304.96176 450.79977 111.27326 266.2999 0.88483334
car 224.65079 319.44684 42.291065 101.1836 0.93214065
car 326.62598 445.60434 33.45577 103.42169 0.9326388
--
car 304.81195 450.78088 111.28672 266.52246 0.88113457
car 224.5524 319.50665 42.165657 101.205956 0.9302238
car 326.7663 445.7745 33.339592 103.42286 0.9316079
--
car 304.2079 450.93228 111.11298 264.79742 0.9042531
car 325.60748 445.1575 32.876423 103.92322 0.9321475
car 225.22672 319.76324 42.093643 101.19468 0.9484309
--
car 304.4409 450.97263 110.97337 264.6583 0.9024174
car 325.27664 445.36993 32.677353 103.75068 0.92637044
car 225.26067 319.738 42.138374 101.108925 0.9452035
--
car 304.3261 450.87692 111.012596 264.79648 0.91350466
car 325.3304 445.42316 32.641838 104.0993 0.9294666
car 225.13068 319.77246 42.10751 101.11175 0.94074637
--
car 304.30185 450.88828 111.0287 264.97668 0.91075087
car 325.22928 445.3976 32.805965 104.23503 0.9279211
car 225.2213 319.8091 42.152565 101.11293 0.94041
--
car 304.4964 450.87366 111.06051 264.97833 0.9186171
car 325.4079 445.14816 32.89711 104.24333 0.9299366
car 225.04077 320.0843 42.18663 100.97928 0.9334258
--
car 304.42865 450.71936 110.90574 265.1468 0.9115067
car 325.4706 445.4888 33.099472 104.59542 0.9323295
car 225.14505 320.0481 42.234943 100.89923 0.93625045
--
car 304.68466 450.7103 110.85339 265.23352 0.9160252
car 224.95187 320.54437 42.617764 100.56443 0.92660165
car 325.53232 445.70895 33.188717 104.2288 0.9269748
--
car 304.55118 450.62848 110.87703 265.376 0.9132785
car 224.77655 320.5645 42.867813 100.44192 0.92924094
car 325.41675 445.8745 33.256153 104.40234 0.9389835
--
car 304.49176 450.66748 110.91192 265.47522 0.91459894
car 224.98326 320.84854 43.04408 100.20746 0.9268632
car 325.52557 445.68655 33.304188 104.31449 0.9314551
--
car 304.5196 450.7951 110.95822 265.4811 0.91025484
car 224.81526 321.05475 43.03194 100.08347 0.92882216
car 325.4866 445.47287 33.22092 104.34514 0.92984813
--
car 304.48676 450.92627 111.05165 265.39935 0.90166247
car 224.39062 320.81885 43.02764 99.721695 0.92600316
car 325.09232 445.51608 33.596096 103.66561 0.9305731
--
car 304.35706 451.05258 111.05517 265.58188 0.90333736
car 224.22046 320.78885 42.898785 99.87866 0.925556
car 325.02673 445.7801 33.37093 103.5946 0.93139935
--
car 303.9571 451.18716 111.28606 266.2745 0.9044723
car 223.70001 321.04196 43.490894 99.84441 0.92302907
car 327.34073 445.22003 35.83054 106.30743 0.9418426
--
car 304.30743 451.36523 111.18261 266.29483 0.896607
car 223.42787 321.20837 43.184322 100.10497 0.9016716
car 326.6795 445.25275 35.536293 105.73602 0.9415835
--
car 304.36392 451.41998 111.28612 266.21243 0.9006766
car 223.87276 321.09827 43.64349 99.997925 0.9103989
car 326.24457 444.4653 35.151703 105.506065 0.94380385
--
car 304.26794 451.3247 111.23801 266.24365 0.8953945
car 223.7808 321.1462 43.62897 100.00377 0.92395234
car 326.00217 444.34302 34.94972 105.52331 0.94317704
--
car 304.26266 451.32703 111.30708 266.62817 0.89642173
car 223.93391 320.9762 43.948837 99.726654 0.92684215
car 326.13367 444.6131 34.90274 105.27824 0.9419268
--
car 304.07736 451.4316 111.22279 266.78662 0.90398186
car 224.30757 320.9463 43.82316 100.01354 0.9336192
car 325.72974 445.1347 34.922787 105.10026 0.94465774
--
car 304.12427 451.30902 111.13069 266.68878 0.9015838
car 224.43484 320.9753 43.551987 100.07998 0.9332662
car 325.64188 444.98248 34.84283 104.99021 0.94428355
--
car 304.05093 451.41672 111.20621 266.61185 0.9034295
car 223.71524 321.16827 43.140232 100.30645 0.92339027
car 325.62143 444.48138 34.389767 105.03496 0.94346845
--
car 304.1576 451.4757 111.14454 266.37363 0.902259
car 223.56425 320.90048 43.303112 100.28144 0.9438839
car 325.6315 444.5303 34.505775 105.21955 0.94671154
--
car 304.0793 451.53653 111.153435 266.46396 0.90516704
car 223.70607 320.69333 43.096004 100.42255 0.9457305
car 325.68625 444.51144 34.551685 105.17355 0.94937915
--
car 304.0401 451.45367 111.15106 266.38736 0.90669084
car 223.62402 320.58334 43.40824 100.25532 0.94813854
car 325.37207 444.77554 34.409447 104.73861 0.9486926
--
car 304.0497 451.48184 111.148186 266.66727 0.91289806
car 223.66673 320.79623 43.02109 100.42471 0.9449003
car 325.43256 444.75018 34.15428 104.363945 0.9473608
--
car 304.0597 451.3882 110.75732 265.62973 0.8926591
car 224.68929 320.02057 41.345314 101.69531 0.91031176
car 325.722 444.73926 33.986073 105.41178 0.95523137
--
car 304.1422 451.6085 110.84733 265.36523 0.88544494
car 224.6838 319.96545 41.324303 101.628494 0.91453236
car 325.89667 445.25546 33.899887 105.3885 0.9532471
--
car 304.05563 451.35025 110.61885 265.5611 0.8767401
car 224.8409 320.03302 41.35654 101.589554 0.9253595
car 326.31177 445.06384 34.12708 105.90524 0.95594937
--
car 304.06 451.5039 110.67281 265.63068 0.87115234
car 224.78838 320.0574 41.599068 101.60515 0.9278001
car 326.53766 445.45218 34.138943 105.93145 0.9521969
--
car 304.20392 451.49786 110.73154 265.5811 0.87630594
car 225.0312 320.0362 41.804844 101.47112 0.9207503
car 326.5395 444.6302 34.131798 105.88982 0.9527959
--
car 304.13623 451.52686 110.76086 265.73798 0.86186516
car 225.43027 319.91248 42.03183 101.29759 0.9156698
car 326.65677 444.9 34.162617 105.73465 0.94878644
--
car 304.21735 451.41922 110.6971 265.85495 0.8596836
car 225.34138 320.06293 42.14942 101.276985 0.9169015
car 326.63986 444.8555 34.202488 105.87014 0.9484604
--
car 304.09857 451.30676 110.68359 265.7953 0.86233634
car 225.15218 320.0682 41.7828 101.472176 0.9183203
car 326.7204 444.68497 34.232037 105.65108 0.9453781
--
car 304.02728 451.30377 110.61815 265.97015 0.86718756
car 224.93028 320.11215 41.704956 101.49509 0.9327366
car 326.65054 444.07587 34.449184 105.64104 0.9449718
--
car 304.04932 451.30795 110.68118 266.1826 0.86694574
car 224.89987 320.20627 41.75862 101.44957 0.9309178
car 326.45486 444.30734 34.38908 105.330925 0.94380635
--
car 304.20148 451.24747 110.76516 265.837 0.8771186
car 326.3961 444.44525 34.34785 105.10791 0.9433725
car 225.09406 320.09818 41.67385 101.54925 0.9445015
--
car 304.2254 451.28607 110.79939 265.91202 0.87286055
car 225.1789 320.26993 41.688297 101.4954 0.93922263
car 326.52298 444.82077 34.514812 105.21337 0.9395674
--
car 303.38284 451.5943 111.28864 266.68002 0.89187163
car 223.89122 321.16238 41.793407 101.02618 0.9427135
car 326.71652 446.47037 34.310272 104.19428 0.95564014
--
car 303.41125 451.70203 111.302536 266.7771 0.8898807
car 224.08353 321.2319 41.981533 100.97255 0.9487316
car 326.66867 446.31598 34.534252 104.21032 0.95366055
--
car 303.552 451.69156 111.35412 266.69775 0.8870392
car 223.7347 321.1386 41.989643 100.97571 0.9463961
car 326.6736 446.09717 34.475636 104.52081 0.95248914
--
car 303.42642 451.74866 111.271965 266.57248 0.8877778
car 223.67801 321.40482 42.033905 100.97344 0.9486366
car 326.69202 446.2275 34.66185 104.48106 0.95037824
--
car 303.58374 451.6292 111.151505 266.34314 0.88609904
car 223.75266 321.64517 42.151257 100.79018 0.9495016
car 326.9421 446.08405 34.50683 104.62836 0.95098644
--
car 303.70813 451.4878 111.18399 266.3419 0.8847444
car 223.8709 321.3237 42.029476 100.88011 0.9454463
car 326.59283 445.93668 34.232124 104.221275 0.9483913
--
car 303.80826 451.30853 111.158844 266.37222 0.8891333
car 326.9428 445.71658 34.545216 104.68569 0.94474506
car 223.93018 321.32834 42.04942 100.84884 0.9489791
--
car 303.76715 451.2952 111.080475 266.62466 0.89198434
car 327.2426 445.83316 34.01362 104.28363 0.94395703
car 223.87505 320.8802 42.089348 100.703 0.9515827
--
car 303.83066 451.21808 110.98339 266.51794 0.88529783
car 326.85748 446.5865 34.01083 103.88104 0.94356555
car 224.0203 320.8668 42.032898 100.7581 0.95163035
--
car 303.86145 451.3713 111.158165 266.42712 0.88588744
car 326.91794 446.72836 34.371246 104.31888 0.946562
car 224.13084 320.77792 42.01915 100.76246 0.95597464
--
car 303.72968 451.47537 111.33841 266.2706 0.88011485
car 326.77722 446.18854 34.20696 104.04916 0.9400512
car 224.1936 320.60602 41.819588 100.92028 0.95435905
--
car 303.643 451.3377 111.20321 266.05322 0.88436
car 327.04846 445.8668 34.43456 104.35484 0.947752
car 223.82002 320.6965 41.83322 100.841156 0.95052636
--
car 304.42273 451.6496 111.09288 265.63412 0.8771146
car 224.32697 320.28305 41.182507 101.357666 0.9280447
car 326.76907 444.7092 34.455868 105.21853 0.95304084
--
car 304.1557 451.3969 110.96026 265.5006 0.88620424
car 224.53592 320.41656 41.154167 101.29378 0.9292452
car 326.9872 445.12085 34.251648 105.35612 0.9514213
--
car 303.8825 451.42023 110.894646 265.59634 0.8717348
car 224.66753 320.16806 40.873837 101.46257 0.91949475
car 327.07913 445.11383 34.423515 105.32009 0.95166564
--
car 303.99216 451.40375 110.810326 265.6247 0.86932904
car 224.60706 320.249 40.93086 101.4158 0.91688514
car 326.97775 445.06122 34.206985 105.38519 0.9512064
--
car 304.09747 451.32544 111.08768 265.60254 0.87825197
car 224.74336 320.41357 41.229435 101.15856 0.9115434
car 327.35974 445.15125 34.37861 105.60558 0.95234126
--
car 304.44357 451.3983 111.08276 265.61163 0.8800141
car 224.70984 320.36945 41.287327 101.21336 0.9267292
car 327.75266 445.5264 34.6037 105.77212 0.9507538
--
car 304.45142 451.3366 111.05459 265.56958 0.8848124
car 224.76086 320.42966 41.411404 101.13881 0.9261522
car 328.26022 445.8431 34.86656 106.05481 0.951777
--
car 304.35745 451.49622 111.13334 265.8031 0.874588
car 224.87733 320.3897 41.38389 101.19831 0.92792493
car 327.83597 445.67465 34.556126 105.810165 0.9422989
--
car 304.31516 451.49295 111.03753 265.93094 0.8708899
car 224.78677 320.12894 41.39906 101.15785 0.92689687
car 327.82767 445.58456 34.2208 105.773285 0.93603796
--
car 304.33582 451.47595 111.05023 266.03787 0.8714336
car 224.7381 320.16626 41.46565 101.11447 0.93216795
car 327.83948 445.59317 34.224167 105.75701 0.9392439
--
car 304.25397 451.52615 111.02487 265.94003 0.8678823
car 224.84698 320.00323 41.507774 101.1578 0.9319519
car 327.80475 445.74762 34.340565 105.83677 0.9380675
--
car 304.22363 451.53513 111.02636 265.9859 0.8650873
car 224.90976 320.19208 41.562496 101.03126 0.93363476
car 327.95322 446.03748 34.486355 105.91856 0.9352419
--
car 303.98557 451.37564 110.84322 266.45712 0.8217563
car 329.89447 445.85477 35.381504 105.046005 0.9285446
car 224.68347 319.98715 42.665257 100.88961 0.9699254
--
car 304.04602 451.3552 110.66507 266.53857 0.8187682
car 329.58386 445.92377 35.277683 104.98263 0.92892444
car 224.62294 319.9663 42.66961 100.72337 0.9664961
--
car 304.18317 451.15802 110.68915 266.4615 0.82621574
car 329.49915 445.82776 35.4175 105.01411 0.9309352
car 224.62541 319.8142 42.71896 100.874535 0.9705655
