--
truck 151.13795 177.71532 -0.9638518 23.596588 0.41943654
car 135.31827 154.51886 17.882265 33.02472 0.46990147
car 131.89714 153.15788 6.2362847 32.158386 0.5143508
car 430.44867 464.15146 68.77129 98.025696 0.8213932
car 458.04904 480.66284 60.1466 87.18089 0.83992434
car 397.30112 425.82895 23.7316 46.724697 0.9322204
car 363.85297 397.58813 67.751205 94.18648 0.9856034
--
truck 150.95837 177.83653 -1.1736059 23.786903 0.4254094
truck 131.96175 152.96825 5.959614 32.303123 0.55869263
car 135.94276 154.2447 17.882761 32.965347 0.39893222
car 430.4459 463.65378 68.96151 98.05873 0.7410608
car 458.42554 480.70673 60.864258 86.668564 0.793717
car 394.55957 424.94244 23.600998 47.3284 0.94377655
car 367.81882 401.79816 65.491554 94.40671 0.9542473
--
truck 150.90996 177.83505 -1.2122915 23.888073 0.455067
truck 132.00607 153.08508 6.0685463 32.38611 0.57650024
car 135.88367 154.30035 17.874044 33.013115 0.39160344
car 430.3927 463.7876 69.0323 98.12631 0.7381156
car 458.5363 480.67108 60.79073 86.477135 0.8036655
car 393.182 422.74747 24.56261 47.727722 0.9588412
car 371.79608 404.94183 62.747955 91.11665 0.97872835
--
truck 150.88625 177.88043 -1.2415543 23.90446 0.44611526
truck 132.01138 153.07251 5.9793386 32.32086 0.56228626
car 135.90138 154.20624 17.801052 32.930935 0.36870787
car 430.34045 464.07797 68.82061 98.29331 0.7128265
car 458.5293 480.72183 60.607655 86.51467 0.7636601
car 392.38913 421.352 24.111229 47.78801 0.9485755
car 374.7269 409.59045 60.299206 90.19009 0.98349327
--
truck 150.93153 177.86494 -1.232066 23.912725 0.45330027
truck 132.00288 153.1077 6.0013275 32.30893 0.57553434
car 135.88295 154.25839 17.750328 32.91211 0.36994836
car 430.32217 464.04877 68.85165 98.30472 0.69038504
car 458.5331 480.70978 60.64171 86.44028 0.7605239
car 392.3863 421.3189 24.103092 47.756138 0.9458112
car 374.76346 409.60355 60.29466 90.179405 0.98295516
--
truck 151.0267 177.87578 -1.1790159 23.842583 0.46126273
truck 131.93973 153.08246 6.009096 32.290188 0.571236
car 135.906 154.2265 17.959162 32.975445 0.39451167
car 430.48383 464.07532 68.854744 98.34515 0.78796434
car 458.52032 480.7512 60.608612 86.583496 0.82273954
car 391.68884 419.39218 24.489002 48.20148 0.94013053
car 379.07733 412.73206 59.19283 88.97675 0.9813385
--
truck 151.0465 177.89551 -1.1666013 23.81808 0.46196696
truck 131.92314 153.08507 6.0504894 32.25862 0.57820356
car 135.9013 154.1615 17.936813 32.97537 0.38530537
car 430.3071 463.9621 68.82187 98.23043 0.8214807
car 458.56924 480.7219 60.54814 86.605286 0.85304344
car 389.7822 417.3922 26.10685 48.484886 0.9434342
car 382.54312 416.93256 59.256447 87.66979 0.97879
--
truck 150.98137 177.92546 -1.1705885 23.821108 0.46230486
truck 131.9077 152.98878 6.08663 32.178623 0.5522083
car 136.0291 154.10922 17.925692 32.944904 0.38249308
car 430.27087 464.04135 68.882126 98.186874 0.85135937
car 458.61823 480.73935 60.46421 86.60662 0.88171977
car 386.29327 415.73923 27.057081 49.01663 0.92454004
car 386.26044 420.09656 58.923187 86.92959 0.98580444
--
truck 131.92732 152.97758 6.0877776 32.191853 0.540832
car 136.05206 154.10689 17.937098 32.922535 0.37358788
car 150.9947 177.95636 -1.1391677 23.80063 0.4739306
car 430.3799 464.05725 69.06991 98.15405 0.80190164
car 458.62402 480.7281 60.476883 86.41256 0.87323445
car 384.33862 414.32483 27.155537 49.68569 0.93538874
car 391.24997 423.0704 57.921833 84.66886 0.94945997
--
truck 131.9125 153.0482 6.0618687 32.211197 0.5447706
car 135.95096 154.1446 17.949345 32.982258 0.3559621
car 150.95844 177.93997 -1.1198652 23.818163 0.4774782
car 430.21466 464.3026 69.19873 98.087234 0.8236546
car 458.61246 480.75925 60.283577 86.4468 0.85976714
car 383.39838 412.4577 26.980427 50.373913 0.95694387
car 394.09628 425.72592 57.10864 84.233734 0.97004795
--
truck 131.90778 153.06596 6.0449185 32.214497 0.54858345
car 135.9403 154.1406 17.958519 32.984844 0.3525086
car 150.95418 177.95013 -1.1093979 23.80837 0.4838104
car 430.2245 464.27502 69.21427 98.11795 0.8292133
car 458.60727 480.76263 60.28931 86.47699 0.8653309
car 383.3403 412.4749 26.975325 50.303482 0.96069896
car 394.05408 425.69852 57.092632 84.18861 0.9701533
--
truck 131.91101 153.03262 6.005643 32.213535 0.5526714
car 135.95366 154.15524 17.986057 32.981792 0.35428318
car 150.84973 177.93097 -1.1300267 23.882744 0.46232602
car 430.16107 464.51544 69.44286 98.15604 0.8252816
car 458.73383 480.70685 60.2209 86.29014 0.8663841
car 381.8295 411.0037 27.850065 49.994648 0.97176766
car 398.01337 429.33456 53.43836 82.76567 0.9806261
--
car 136.13426 154.09706 18.364712 33.185276 0.309566
car 131.97038 153.23299 5.3334813 32.519886 0.49268284
car 150.68394 178.03026 -1.018188 23.81838 0.5576256
car 430.61304 463.8395 70.257195 97.60011 0.7431009
car 458.44025 480.70535 60.38375 86.50357 0.8358102
car 380.4491 409.00583 28.786003 50.07978 0.96908456
car 400.95795 432.21777 54.023937 81.45852 0.98843217
--
car 136.12328 154.11453 18.355509 33.204033 0.30423227
car 131.97794 153.24063 5.347622 32.55112 0.49654567
car 150.71553 177.9821 -1.0569996 23.819212 0.56520796
car 430.5603 463.85626 70.537315 97.32801 0.6183918
car 458.1833 480.69345 60.467903 86.67463 0.71104866
car 378.03818 407.19498 29.236832 51.019638 0.9449755
car 403.8004 435.55502 52.080925 81.06442 0.97292215
--
truck 131.9798 153.12619 5.2340693 32.49567 0.47610873
car 136.25427 153.99078 18.429312 33.180138 0.311446
car 150.77603 177.96597 -0.9175703 23.794212 0.57822704
car 430.39383 463.73865 71.47328 97.40312 0.6822759
car 458.3682 480.518 60.295757 86.617744 0.7276472
car 375.69962 404.8542 29.51709 51.05212 0.9189165
car 408.56036 438.72894 51.604042 79.5619 0.95693755
--
truck 132.02606 153.0452 5.284845 32.42617 0.46748814
car 136.31883 154.02408 18.483898 33.18791 0.32840794
car 150.75218 177.98805 -0.9115997 23.817837 0.58211535
car 429.70605 463.5171 71.734474 97.6913 0.68729454
car 458.2409 480.42508 60.846073 86.0636 0.724642
car 369.03043 403.8066 28.29895 52.22589 0.8269129
car 411.49588 441.27243 50.80433 78.16135 0.9540339
--
truck 132.0487 153.03857 5.375038 32.36553 0.4764724
car 136.2189 154.0642 18.39411 33.150223 0.34423566
car 150.88565 177.92554 -0.9159703 23.81168 0.5663826
car 429.69766 463.48874 71.76372 97.67403 0.6771089
car 458.23242 480.43604 60.859028 86.043175 0.7137426
car 368.70502 403.95105 28.322544 52.174755 0.8245051
car 411.5969 441.2528 50.62236 78.221 0.9560783
--
truck 132.0309 153.08723 5.332855 32.447067 0.47781515
car 136.2552 154.1186 18.449636 33.209827 0.34914723
car 429.7828 464.08746 71.639885 97.64976 0.5707866
car 150.96732 177.9198 -0.8603561 23.718414 0.572114
car 458.21533 480.46576 60.830353 86.01128 0.69151384
car 368.3891 401.9759 28.298313 52.32088 0.876253
car 414.40616 443.9191 49.964706 77.3572 0.95578355
--
truck 132.05394 153.09421 5.3058186 32.446354 0.4651981
car 136.24231 154.10236 18.56203 33.20685 0.3593028
car 429.9386 464.13348 71.95894 97.418365 0.3987969
car 457.9058 480.43488 61.141376 85.805374 0.4873715
car 150.98297 177.99443 -0.82475513 23.675476 0.56418383
car 365.1935 399.0997 30.887884 54.593678 0.64028037
car 418.80582 446.8495 48.2716 75.554054 0.91650474
--
truck 132.02518 153.08714 5.2606096 32.468445 0.4620805
car 136.23865 154.07796 18.558468 33.209713 0.3505145
car 429.90903 464.11313 72.40139 97.534515 0.37775186
car 457.9633 480.47955 61.213364 85.88436 0.44873863
car 362.34967 397.73422 30.988132 55.496033 0.5397908
car 150.95787 177.97237 -0.8382963 23.681293 0.57576954
car 421.22235 449.35495 48.11449 74.83057 0.82434875
--
truck 132.02823 153.08363 5.2983084 32.486397 0.4735553
car 429.58563 464.14105 72.82567 97.859184 0.32186052
car 136.20856 154.05637 18.52783 33.22593 0.34972268
car 457.86853 480.54187 60.816242 86.30051 0.41609818
car 150.98386 177.99072 -0.82163703 23.684303 0.56611085
car 360.73312 394.85025 30.362335 56.40955 0.72790176
car 423.49896 452.14484 46.277428 72.48533 0.88580817
--
truck 132.07368 153.03186 5.355158 32.445164 0.4676308
car 136.24243 154.0381 18.55977 33.205692 0.37246388
car 429.60812 463.79767 72.948 98.05377 0.43618006
car 457.8716 480.2552 60.729794 86.75488 0.5355793
car 150.97058 177.9738 -0.80955637 23.656097 0.5681239
car 360.41766 394.06427 30.362335 55.665546 0.90380573
car 428.86237 454.44278 45.790516 71.67796 0.95951045
--
truck 132.10257 153.03505 5.3893704 32.42011 0.4707422
car 136.24524 154.04948 18.51009 33.168 0.37651384
car 429.5451 463.85873 72.925644 98.07066 0.42521626
car 457.88385 480.2362 60.779915 86.74708 0.5052532
car 150.98721 177.95306 -0.8455919 23.675457 0.546047
car 360.48682 394.01688 30.39901 55.579796 0.8944153
car 428.86966 454.45374 45.736217 71.74958 0.9533849
--
truck 132.07845 153.01198 5.433903 32.369267 0.46834356
car 136.21422 154.02652 18.479763 33.169014 0.37426606
car 457.87494 480.1317 60.56738 86.87985 0.47228548
car 151.00925 177.92056 -0.84803534 23.675179 0.54857767
car 356.5428 391.76108 31.149998 56.191967 0.90055776
car 430.78088 457.02585 46.091568 71.25435 0.92781943
--
truck 131.81706 153.17807 4.9429197 32.28547 0.45100126
car 136.22343 154.07639 18.659779 33.06041 0.34966487
car 151.1502 177.92926 -0.87035805 23.843473 0.52680594
car 432.15805 459.97614 45.68039 70.53552 0.77411133
car 353.5635 389.342 31.108572 56.880028 0.8753886
--
truck 131.79393 153.17058 4.948458 32.258602 0.4564133
car 136.22478 154.0636 18.629124 33.056763 0.3401861
car 151.14215 177.91812 -0.8659592 23.879684 0.54341286
car 435.82455 463.24435 44.54662 68.835396 0.6820409
car 352.32217 388.28296 30.877218 57.596115 0.8801699
--
truck 131.80164 153.18973 4.943141 32.291615 0.44904888
car 136.26813 154.06068 18.679405 33.073154 0.33802795
car 151.12823 177.92445 -0.8540958 23.87825 0.5394691
car 438.23764 464.6355 42.943558 68.03452 0.6773595
car 350.20374 384.25128 31.917488 57.43578 0.88268524
--
truck 131.80205 153.35811 4.918128 32.36797 0.45495683
car 136.0686 154.31026 18.48366 33.04578 0.33856127
car 151.12936 177.96095 -0.8523524 23.853577 0.5338041
car 440.68008 467.8056 42.65987 67.551186 0.7278226
car 346.40488 383.20105 32.78984 57.818935 0.83161545
--
truck 131.7981 153.32489 4.8650374 32.333164 0.44587454
car 136.17087 154.21489 18.447392 32.992672 0.3218164
car 151.14523 177.98286 -0.8399646 23.87253 0.5414168
car 440.6581 467.8738 42.74547 67.568474 0.7150609
car 346.38617 383.30447 32.704647 57.83274 0.8291123
--
truck 131.76797 153.29205 4.831498 32.26042 0.45525846
car 136.1554 154.15005 18.467302 32.97398 0.31814063
car 151.1327 177.97388 -0.80193627 23.837006 0.5452086
car 443.99106 471.1303 42.49712 65.694466 0.73232585
car 343.04202 381.2361 32.60665 58.240532 0.9382618
--
truck 131.78662 153.34496 4.845621 32.31047 0.4335229
car 136.12328 154.23482 18.530577 32.972504 0.34325603
car 151.07852 177.96355 -0.78721493 23.835587 0.5622389
car 447.4356 472.81924 40.998566 65.00038 0.8197027
car 340.61316 377.09103 34.635674 58.001762 0.89897954
--
car 136.0144 154.29631 18.393286 32.94414 0.34522158
car 131.7505 153.35626 4.941383 32.293316 0.4411387
car 151.12729 177.92328 -0.7636544 23.79735 0.56596416
car 450.47092 474.68503 41.56936 64.25087 0.7344615
car 339.3967 376.03522 33.763657 58.834373 0.9432137
--
truck 131.71487 153.36847 4.918899 32.385464 0.45091036
car 136.02179 154.26807 18.321735 32.980213 0.32048118
car 430.22693 464.3721 69.57369 97.69777 0.32252574
car 458.66187 480.267 62.245747 87.44253 0.32307467
car 151.10493 177.88826 -0.7919061 23.886515 0.5590752
car 451.83432 476.31473 41.037468 63.62645 0.77880096
car 335.7429 374.3535 34.087063 59.093586 0.8634989
--
truck 131.7758 153.38458 4.9067273 32.376537 0.45850077
car 136.00958 154.3783 18.342905 32.98588 0.3463275
car 430.26035 464.13904 69.502396 97.66706 0.3536503
car 458.47943 480.23294 62.82393 86.95912 0.409109
car 151.00269 177.98047 -0.7735504 23.841078 0.52735084
car 454.65213 478.04312 40.342434 63.44669 0.73329324
car 333.4394 371.2722 34.289062 60.07084 0.93035924
--
truck 131.79108 153.32597 4.870316 32.34899 0.46271226
car 136.04851 154.30344 18.332825 32.960686 0.33475447
car 430.2545 464.1417 69.55136 97.69255 0.35160252
car 458.44168 480.2164 62.771656 87.0164 0.40871948
car 151.00327 177.95505 -0.87629646 23.892885 0.5132917
car 454.6896 478.05542 40.320686 63.49593 0.7194792
car 333.45435 371.23804 34.31222 60.070183 0.92753536
--
truck 131.76733 153.33447 4.8638415 32.240025 0.4881144
car 136.04245 154.27036 18.331228 32.88467 0.33205917
car 430.2105 464.14767 69.40406 97.617775 0.3372721
car 458.49316 480.48358 61.797752 87.44849 0.39788166
car 151.07065 177.909 -0.83456933 23.818512 0.46800804
car 456.5968 480.00818 39.950844 60.116474 0.6905441
car 330.6438 368.7501 35.920753 60.32286 0.85471004
--
car 458.4348 480.56512 61.887466 87.144165 0.3218445
car 136.02484 154.53667 18.384655 32.866283 0.36350572
car 151.02847 177.86288 -0.86713403 23.554432 0.4913286
car 131.79057 153.45264 5.0805655 32.28591 0.5228916
car 458.6396 480.24536 39.616673 60.289413 0.84737945
car 329.0626 367.12244 34.571518 60.428486 0.94884986
--
car 429.76508 464.93277 68.73281 97.82488 0.31067052
car 136.00513 154.53355 18.327114 32.88664 0.35497057
car 458.55914 480.61963 62.078472 86.85929 0.40504417
car 151.00552 177.8776 -0.8711976 23.611595 0.5076498
car 131.75952 153.48352 5.098818 32.32658 0.53155947
car 460.30264 479.63303 38.1736 59.95584 0.7277539
car 327.25546 365.5019 35.995872 61.14201 0.9600372
--
car 136.02989 154.55588 18.319199 32.890213 0.3561814
car 150.96571 177.90057 -0.89681673 23.653624 0.4820674
car 131.73656 153.473 5.1659465 32.261368 0.51884496
car 464.48618 479.58643 35.74239 59.54459 0.52570647
car 324.10193 361.22806 37.014343 61.362946 0.9595435
--
car 136.06104 154.5001 18.353342 32.834637 0.35933837
car 151.06921 177.8491 -0.87637156 23.632019 0.48185223
car 131.77837 153.42729 5.0987973 32.20604 0.5118002
car 467.5802 479.3396 37.37009 59.052532 0.5853541
car 321.4179 358.348 36.51722 62.298344 0.946685
--
car 135.9635 154.5746 18.385595 32.906883 0.35462508
car 151.09232 177.81395 -0.8535674 23.62013 0.46530107
car 131.73624 153.49751 5.0959234 32.24814 0.5240861
car 467.5958 479.35205 37.35789 59.08825 0.5714443
car 321.31592 358.4027 36.534153 62.3022 0.9405276
--
car 135.96603 154.6799 18.42046 32.932915 0.3836687
car 469.60684 480.02322 35.80034 57.80442 0.44375476
car 151.16135 177.79616 -0.8393839 23.581512 0.45601556
car 131.80083 153.50195 5.1049275 32.309486 0.516393
car 319.16196 357.07257 36.517826 62.785522 0.93511397
--
car 135.9882 154.67421 18.419012 32.920357 0.3974552
car 471.45453 479.97122 34.417847 57.40972 0.40006596
car 151.17937 177.79495 -0.8435534 23.571205 0.46106073
car 131.84174 153.46538 5.156709 32.307804 0.5150381
car 315.6372 354.10623 39.79477 63.79905 0.9181436
--
car 136.03418 154.55652 18.511997 32.868443 0.39937633
car 151.22118 177.77435 -0.8978078 23.601585 0.44950554
car 131.8318 153.40244 5.1245227 32.22455 0.49780273
car 473.39172 479.60443 32.375927 56.302185 0.53016776
car 306.50983 353.97867 39.28456 64.76701 0.76495796
--
car 136.0286 154.59758 18.566393 32.901978 0.42776695
car 151.25923 177.80052 -0.8885461 23.541197 0.44642153
car 131.87566 153.38826 5.1457777 32.268265 0.49805784
car 306.13467 351.30472 38.431408 65.56459 0.8176617
--
car 136.01509 154.6053 18.55488 32.904026 0.41176018
car 151.1401 177.84872 -0.9841763 23.581709 0.48344558
car 131.85114 153.43721 5.094824 32.28553 0.5090811
car 304.1594 348.35516 38.336666 66.17752 0.8933651
--
car 136.0526 154.54118 18.62944 32.90806 0.40841877
car 151.1158 177.86084 -0.98799574 23.599491 0.48398143
car 131.85779 153.39969 5.068026 32.288982 0.4958652
car 304.18054 348.31784 38.321644 66.24643 0.8792503
--
car 136.08067 154.54152 18.644636 32.961727 0.4006835
car 151.11942 177.90228 -0.9723866 23.571423 0.48835444
car 131.81105 153.40765 5.088667 32.313343 0.49401948
car 299.03702 344.5655 38.948307 66.5878 0.85000783
--
car 135.78429 154.655 18.49415 33.04316 0.4575922
car 151.26913 177.76715 -0.98347485 23.756218 0.48250446
car 132.05678 153.3502 5.1499233 32.473385 0.4958206
car 297.9374 344.61328 37.53691 67.06554 0.6938858
--
car 135.81593 154.65102 18.439594 33.070465 0.44694462
car 132.05823 153.35095 5.1903586 32.494293 0.4970369
car 151.18208 177.81526 -0.93762517 23.838497 0.5264084
car 296.47354 343.21646 38.78713 66.791695 0.9130806
--
car 135.80989 154.63794 18.33396 33.09107 0.43384644
car 132.0353 153.36845 5.210312 32.57023 0.50148743
car 151.20341 177.81102 -0.8981739 23.936747 0.5015791
car 295.3654 339.74295 39.1207 66.541855 0.93193054
--
car 135.79387 154.6594 18.21174 33.136845 0.4393348
car 151.27509 177.76747 -0.80102295 23.963394 0.48971105
car 132.04128 153.3455 5.2638125 32.56342 0.4937637
car 294.07913 337.1305 41.024147 66.16559 0.90256053
--
car 135.82541 154.65005 18.163515 33.104057 0.4339724
car 151.29486 177.74615 -0.804935 23.953232 0.48009956
car 132.05762 153.33443 5.312591 32.517773 0.49809322
car 293.9996 337.20367 41.05071 66.16118 0.89582837
--
car 135.8408 154.59808 18.095993 33.050873 0.4165997
car 132.0461 153.34088 5.3106036 32.470592 0.49858323
car 151.18849 177.77753 -0.779289 23.923405 0.5150681
car 289.13647 335.34204 40.124966 67.10091 0.83629084
--
car 135.85394 154.63805 18.048235 32.99243 0.4061516
car 151.22739 177.79987 -0.8278504 23.789936 0.5158543
car 132.07402 153.43507 5.2757993 32.494057 0.5252045
car 287.36865 333.23712 38.765144 67.49264 0.8044184
--
car 135.84499 154.6319 18.070555 33.02816 0.3933237
car 132.0394 153.45567 5.2819104 32.536694 0.5409535
car 151.16846 177.87608 -0.82452583 23.782417 0.5531683
car 285.69916 330.64084 39.86808 67.63413 0.9130404
--
car 476.06458 479.89246 18.61348 37.498203 0.30360085
car 135.87787 154.59998 18.100668 33.01809 0.398939
car 132.05768 153.41957 5.301936 32.514397 0.55391705
car 151.27963 177.87155 -0.7818398 23.764067 0.58605075
car 283.05466 329.29114 39.540024 67.88612 0.95240855
--
car 474.71158 480.07547 18.699247 38.757248 0.33870107
car 135.87099 154.52237 18.03429 32.937164 0.36921826
car 132.01518 153.44356 5.2536883 32.482777 0.5594683
car 151.19754 177.90544 -0.8766505 23.726469 0.6170102
car 279.2077 326.4497 39.40248 68.18074 0.9665098
--
car 474.6723 480.08 18.60754 38.671455 0.32139474
car 135.89023 154.52367 18.05972 32.912094 0.37234345
car 132.02234 153.43909 5.2221293 32.45929 0.5548971
car 151.21735 177.90012 -0.87144434 23.7175 0.6114645
car 279.1872 326.45148 39.557167 68.10987 0.9599385
--
car 135.88322 154.53311 18.069553 32.937237 0.37004703
car 472.1363 479.90768 19.20774 38.93311 0.43202844
car 132.02391 153.45772 5.22453 32.529858 0.55941343
car 151.22218 177.91238 -0.8527212 23.685118 0.6371204
car 278.2343 323.15054 39.335476 68.54227 0.9654918
--
car 131.97217 153.27748 4.7799635 32.499252 0.5412484
car 151.17426 177.80019 -1.0090644 23.970478 0.57624495
car 468.9964 480.32422 19.513334 40.395287 0.67728496
car 275.31348 320.62616 39.029778 69.35155 0.9543681
--
car 464.41507 480.84744 17.997496 40.745884 0.4735457
car 131.95462 153.27422 4.795271 32.50789 0.5558468
car 151.17763 177.80692 -1.0251712 23.960506 0.5949685
car 271.92053 316.7878 41.10815 70.95823 0.92628497
--
car 462.8551 480.46725 18.729836 41.238266 0.54485875
car 131.94072 153.26796 4.8053036 32.48128 0.5602906
car 151.19196 177.80823 -0.96791536 23.93279 0.60273165
car 270.97803 315.6944 41.886196 71.028175 0.97737354
--
car 131.91917 153.26138 4.805604 32.48896 0.5421515
car 151.18027 177.81772 -0.94409466 23.938309 0.5969906
car 459.08478 480.35132 21.104074 41.81702 0.70149577
car 268.6531 314.80783 41.712986 70.1182 0.97635156
--
car 131.9036 153.26772 4.8180118 32.516724 0.55089253
car 151.18167 177.81609 -0.9490648 23.943449 0.6097858
car 459.10602 480.28772 21.16412 41.793495 0.684792
car 268.75336 314.74527 41.779476 70.16277 0.97989905
--
car 131.91246 153.23866 4.823867 32.48113 0.5494136
car 151.16396 177.80385 -0.93214005 23.948282 0.6080975
car 456.70856 478.04184 22.742767 42.93326 0.650563
car 266.16205 312.29993 41.929993 72.57363 0.9550694
--
car 131.93549 153.23807 4.885834 32.54057 0.5666666
car 151.11266 177.84505 -0.9006402 23.884785 0.6356335
car 453.63348 476.29654 23.595001 42.87114 0.7097695
car 263.24496 311.17743 43.48992 72.88754 0.8914696
--
car 131.91939 153.13397 4.871235 32.328728 0.57448775
car 151.12323 177.81729 -0.9060663 23.817568 0.6500735
car 450.65924 474.51907 23.653473 43.59676 0.8076808
car 263.9527 310.17902 43.66016 73.29912 0.89449024
--
car 131.96783 153.04109 4.923723 32.299458 0.5723644
car 151.12086 177.80173 -0.888011 23.806263 0.6453442
car 447.4367 471.32944 24.52876 45.63359 0.803019
car 261.0605 306.191 43.270424 74.480865 0.97583103
--
car 131.9882 153.05463 4.939457 32.273827 0.57257277
car 151.09612 177.86075 -0.8275701 23.803274 0.6667665
car 443.50162 468.55438 24.236387 46.74791 0.8876115
car 258.53372 304.88123 42.87532 74.84007 0.9752139
--
car 132.01552 153.06204 4.9907904 32.37178 0.5824424
car 151.12494 177.814 -0.8532442 23.841877 0.6703031
car 443.4725 468.53534 24.25107 46.745705 0.89084524
car 258.41977 304.9139 42.825466 74.89765 0.9757335
--
car 131.98865 153.06311 4.9242435 32.37451 0.59828305
car 151.07295 177.81508 -0.91262966 23.919203 0.6590333
car 441.1006 465.45407 23.770947 47.34632 0.93832916
car 255.70316 302.1941 42.69912 75.35384 0.9679568
--
car 430.2212 465.30496 68.66925 97.502975 0.3439757
car 131.86142 153.22032 5.0231514 32.693386 0.5812107
car 151.08383 177.84836 -0.8721471 23.81136 0.6618734
car 438.70282 462.83383 25.566746 48.098503 0.908414
car 254.75395 300.94043 43.49397 74.97232 0.9555442
--
car 458.48535 480.308 61.02562 86.21979 0.35516188
car 430.2779 465.3284 68.76987 97.522835 0.38243747
car 131.85243 153.21355 5.0582466 32.66872 0.57860976
car 150.99406 177.86371 -0.997936 23.745344 0.67588454
car 433.6705 459.16394 25.572607 49.372635 0.9500368
car 252.16327 298.97928 45.645393 77.191864 0.9710121
--
car 135.6589 154.16772 18.038965 33.200054 0.3011535
car 430.37192 465.27487 68.97689 97.32877 0.31946138
car 131.88533 153.15492 5.106249 32.637054 0.557237
car 150.95631 177.80821 -0.9199964 23.740301 0.6381442
car 430.1645 457.07346 26.793192 50.729385 0.9383232
car 251.6905 297.86005 46.601376 77.22839 0.98445034
--
car 131.89389 153.18156 5.0999346 32.67272 0.5691245
car 151.09705 177.79396 -0.8547677 23.658709 0.6928177
car 250.90799 295.4253 47.443954 77.15912 0.96666867
car 428.46463 453.41412 27.152367 51.965134 0.97443986
--
car 430.3418 465.25778 68.81022 97.37576 0.30787334
car 131.88332 153.17387 5.094844 32.62245 0.5705764
car 151.1014 177.78833 -0.8484632 23.645926 0.690404
car 250.93343 295.30945 47.359947 77.16923 0.96461403
car 428.4539 453.48883 27.119917 51.970272 0.9743466
--
car 430.36215 465.1957 68.661964 97.49337 0.3480227
car 458.5414 480.27643 61.058723 86.24642 0.3544464
car 131.84906 153.20845 5.059113 32.660942 0.55606645
car 151.0831 177.81175 -0.85998595 23.698244 0.68248576
car 248.83853 292.9618 47.627 77.74217 0.9675101
car 422.8611 448.3012 27.684683 52.91796 0.9752232
--
car 430.39526 464.85092 68.81566 97.356964 0.4043587
car 458.5111 480.33954 61.245415 86.05922 0.46980953
car 131.80844 153.26852 5.059864 32.73076 0.55657005
car 151.1491 177.85556 -0.8891791 23.742474 0.6927849
car 247.16478 291.86224 47.074226 79.418816 0.9613338
car 419.79242 446.37967 27.793772 53.61514 0.97622263
--
car 430.40405 464.89322 68.95819 97.48621 0.40338767
car 458.5866 480.3725 61.281025 86.11041 0.44848582
car 131.81761 153.19557 5.0428157 32.610165 0.5476235
car 151.16508 177.84895 -0.85366935 23.715977 0.68457353
car 246.44554 290.43915 46.92999 81.03996 0.858387
car 414.96558 442.6183 29.905817 55.511482 0.9678809
--
car 458.5767 480.44037 61.066025 86.27626 0.4523696
car 430.31717 464.70825 68.84601 97.57695 0.4671266
car 131.78711 153.19534 5.1748004 32.48868 0.5636084
car 151.11432 177.8304 -0.87390256 23.73614 0.6873
car 244.65451 286.9692 48.595074 81.58648 0.8879524
car 411.82474 438.7258 30.389841 55.824627 0.9705395
--
car 458.57684 480.42596 60.889137 86.3135 0.37976134
car 430.36887 464.70264 68.7724 97.52334 0.40344417
car 131.84746 153.12033 5.116735 32.442375 0.53844
car 151.14128 177.86386 -0.88988185 23.735607 0.704685
car 244.0129 285.86996 49.33845 82.20309 0.9313599
car 407.2639 435.65543 32.428665 56.705776 0.9737741
--
car 458.59512 480.42474 60.97268 86.30306 0.38225824
car 430.36673 464.65933 68.87636 97.47707 0.40200496
car 131.85565 153.10014 5.1094446 32.442913 0.54011744
car 151.12637 177.86292 -0.8931032 23.75179 0.6967816
car 244.06023 285.74213 49.263187 82.12148 0.92879325
car 407.08752 435.60986 32.431633 56.718216 0.973478
--
car 458.6698 480.38882 60.83144 86.402695 0.37599772
car 430.182 464.88382 68.72136 97.600006 0.37786716
car 131.91925 153.15697 5.1236777 32.42273 0.5293683
car 151.11806 177.80682 -0.8972888 23.682102 0.6604553
car 242.79893 284.8498 49.070477 83.47085 0.9459613
car 402.58173 431.635 32.222206 58.021126 0.9587262
--
car 458.83383 480.38892 60.233337 86.670555 0.33951202
car 430.1442 465.59467 68.2411 97.63373 0.38770685
car 132.01387 153.1679 5.3329477 32.492893 0.54117596
car 151.28102 177.73358 -1.0321932 23.657524 0.6308935
car 241.40367 283.29053 48.860397 83.97207 0.9075961
car 399.28094 429.41058 33.840546 59.950447 0.9621757
--
car 458.78302 480.4224 60.29714 86.613396 0.34308326
car 430.0162 465.4696 68.30346 97.73799 0.39110103
car 131.94685 153.2289 5.314187 32.57088 0.5253254
car 151.31007 177.79094 -0.9310296 23.609686 0.6243324
car 394.5214 424.8194 34.615005 60.981327 0.96864784
car 239.6697 284.29645 49.85696 84.602135 0.972382
--
car 458.69543 480.47223 60.487236 86.554184 0.45209792
car 430.18933 465.2581 68.67419 97.650475 0.48532757
car 131.93198 153.27945 5.313401 32.619728 0.5079286
car 151.27226 177.83504 -0.9218994 23.663898 0.6501448
car 390.39276 420.49994 36.19132 62.53356 0.9560056
car 238.48685 282.4973 49.98799 85.92782 0.9719039
--
car 430.31226 464.95712 68.739494 97.811165 0.40555766
car 458.79153 480.38675 60.448833 86.63633 0.4650672
car 131.93843 153.2429 5.234288 32.559383 0.515158
car 151.2953 177.79472 -0.941222 23.788424 0.6620574
car 385.12082 415.93622 35.78479 64.614075 0.8167809
car 238.0838 281.2987 49.88229 86.37391 0.956566
--
car 430.3771 464.9811 68.75883 97.78007 0.4047557
car 458.78964 480.4031 60.459213 86.66638 0.47427642
car 131.95743 153.24467 5.2381773 32.55897 0.506336
car 151.29628 177.76505 -0.9696896 23.774977 0.6523145
car 385.17148 415.9073 35.800617 64.61069 0.8228497
car 238.16685 281.16214 49.84966 86.387024 0.9525829
--
car 430.3038 465.03146 68.62042 97.849174 0.38944116
car 458.81448 480.41467 60.365078 86.79876 0.41380468
car 131.97565 153.25862 5.2845902 32.563797 0.518145
car 151.30676 177.75534 -0.96146595 23.756695 0.6471586
car 378.20898 412.66818 38.08384 67.78359 0.83546597
car 238.6558 280.33398 50.229336 86.339455 0.9384029
--
car 458.787 480.40643 60.430454 86.6635 0.38993788
car 430.43332 464.8429 68.7413 97.813126 0.39785302
car 131.94792 153.27985 5.426342 32.577873 0.5398699
car 151.471 177.707 -0.8857901 23.739084 0.6651698
car 374.18756 407.90683 39.292744 69.293594 0.8890552
car 237.02295 277.8879 53.03515 89.22748 0.9413792
--
car 458.68695 480.42618 60.32015 86.62053 0.36102375
car 430.29526 464.85898 68.54185 98.01848 0.36158475
car 131.98242 153.28543 5.457579 32.588375 0.54585737
car 151.48758 177.69803 -0.9243523 23.786415 0.65491426
car 371.64713 405.00253 41.15682 71.38101 0.8791434
car 236.43622 277.5078 53.229134 89.6953 0.9567556
--
car 430.19217 464.89722 68.521355 98.01781 0.46199563
car 458.69672 480.51755 60.322754 86.67095 0.53288084
car 131.99557 153.26123 5.4912705 32.613464 0.5440731
car 151.45714 177.7074 -0.878402 23.768675 0.66251206
car 364.8668 400.8353 39.540367 74.106895 0.8773032
car 236.50804 275.83994 53.72086 90.36567 0.9586625
--
car 430.0573 464.9931 68.55778 98.06311 0.53866667
car 131.97452 153.26968 5.468701 32.60814 0.5602534
car 458.65897 480.56128 60.440178 86.8656 0.6315395
car 151.45053 177.69951 -0.8892381 23.779123 0.6791911
car 359.11032 394.92453 40.33266 75.87242 0.95285654
car 236.6539 274.80457 53.549454 91.76061 0.9660908
--
car 430.0191 465.3398 68.47687 98.13623 0.43407026
car 131.87798 153.14243 5.048938 32.50897 0.50175244
car 458.9496 480.51996 60.56159 86.75472 0.5043772
car 151.30708 177.78136 -0.73510766 23.676191 0.667706
car 236.62968 274.74344 53.206646 91.8841 0.91951
car 359.43146 394.7164 40.364597 76.068596 0.9554766
--
car 131.83838 153.06477 5.1120863 32.47891 0.5025398
car 151.17342 177.78854 -0.783197 23.814146 0.6598275
car 353.82315 391.52222 47.216267 75.79516 0.90035254
car 236.99066 273.7611 53.877907 92.99683 0.9159188
--
car 135.83194 153.68613 18.05174 32.641407 0.32189557
car 458.24945 480.71326 60.622623 86.64236 0.48310277
car 131.73135 153.40271 5.552367 32.35633 0.56202704
car 430.16885 464.37747 68.581436 97.781944 0.5747723
car 151.28693 177.72137 -0.6845641 23.49952 0.725534
car 236.90964 273.0791 54.768562 94.4182 0.95911753
car 348.9411 385.48178 49.36548 78.32776 0.9747054
--
car 135.80762 153.71504 18.113297 32.57681 0.32816917
car 458.2415 480.77814 60.51408 86.6324 0.5294426
car 131.74443 153.39925 5.510805 32.32042 0.53109115
car 430.1607 464.33298 68.65361 97.7436 0.6183348
car 151.25449 177.74664 -0.67326933 23.502918 0.6901763
car 236.69601 272.52612 55.379597 95.54566 0.94662523
car 343.27637 380.05942 50.500217 80.75516 0.98525846
--
car 135.86029 153.77094 18.119164 32.576046 0.35180667
car 458.23392 480.72516 60.62408 86.54585 0.45140958
car 131.7975 153.3859 5.5439143 32.28622 0.5274111
car 430.1562 464.38586 68.662254 97.68575 0.5473398
car 151.2846 177.74251 -0.69067824 23.503044 0.68173754
car 336.75015 375.55112 50.96794 84.52524 0.87685037
car 237.11617 272.2304 55.799206 96.689 0.937168
--
car 135.87491 153.74857 18.156845 32.59872 0.3475839
car 131.80049 153.37386 5.4846053 32.267998 0.52330416
car 458.18677 480.75314 60.638836 86.53316 0.5447858
car 430.1674 464.3142 68.726555 97.62789 0.64416707
car 151.29903 177.70985 -0.6943837 23.534676 0.6818009
car 237.27551 271.08823 56.155388 97.15843 0.9183803
car 325.44714 371.65134 52.516167 84.27555 0.9342974
--
car 135.85326 153.75087 18.143766 32.603886 0.3486474
car 131.78954 153.37451 5.504943 32.264023 0.5278746
car 458.1735 480.75787 60.646828 86.56128 0.54005784
car 430.22202 464.2701 68.74993 97.59041 0.63544697
car 151.29486 177.70924 -0.6979242 23.541246 0.6834969
car 237.33598 271.17438 55.995255 97.28151 0.92846084
car 325.34528 371.70386 52.512695 84.287895 0.93430287
--
car 135.88258 153.72154 18.10265 32.617508 0.32797623
car 131.77402 153.3745 5.511215 32.25329 0.53018355
car 458.22028 480.73688 60.596542 86.573975 0.59437764
car 151.28278 177.70468 -0.70638925 23.56858 0.6817809
car 430.26382 464.1094 68.895905 97.58426 0.69362414
car 237.6335 270.51535 56.06389 98.53495 0.841611
car 323.91516 365.86823 55.452003 87.5542 0.9359688
--
car 458.21716 480.7469 60.60218 86.63487 0.44888148
car 131.7547 153.28778 5.4748783 32.131393 0.50675464
car 430.21484 464.32117 68.72009 97.6318 0.59259695
car 151.34332 177.69678 -0.7194315 23.556602 0.6798952
car 237.57877 269.99426 56.226086 98.722626 0.88084954
car 318.34692 361.3668 55.501823 90.98831 0.95229816
--
car 458.2326 480.76315 60.487144 86.75212 0.42057073
car 131.71242 153.28441 5.4438906 32.086254 0.49763507
car 430.17218 464.45947 68.61883 97.70977 0.57083106
car 151.33214 177.71892 -0.7341206 23.580133 0.68403774
car 238.16495 269.8408 56.57752 98.2504 0.8590883
car 313.1525 360.41046 57.652237 92.22117 0.9682509
--
car 458.27405 480.7319 60.507603 86.776 0.4025466
car 131.7404 153.24658 5.492142 32.029587 0.50434095
car 430.2225 464.6039 68.68509 97.515686 0.6101862
car 151.3623 177.7068 -0.7449728 23.588552 0.6744664
car 238.48924 269.7049 56.399612 98.538376 0.7147747
car 307.12726 350.84747 57.170185 96.01647 0.96904796
--
truck 237.54868 268.32843 55.95564 103.81016 0.5528665
car 458.26492 480.72717 60.43462 86.823235 0.38637972
car 131.77301 153.26633 5.4644375 32.03595 0.49219388
car 430.15833 464.62643 68.64511 97.57503 0.6087678
car 151.32826 177.76978 -0.72949517 23.566399 0.6277784
car 299.99487 343.43344 61.403008 99.422676 0.92030966
--
truck 237.3374 268.46548 55.913635 103.75452 0.5602032
car 458.23633 480.73346 60.434963 86.80255 0.3761201
car 131.8041 153.2664 5.4635243 32.084568 0.4909805
car 430.15164 464.60757 68.665474 97.60127 0.60809755
car 151.3247 177.78413 -0.7130465 23.56345 0.6313443
car 300.00647 343.45532 61.465675 99.49124 0.9191408
--
truck 237.93376 267.1012 56.437958 105.38574 0.64579666
car 135.75903 153.71825 18.011505 32.48654 0.3307103
car 458.22842 480.7464 60.469807 86.810936 0.45875555
car 131.78317 153.35046 5.575253 32.064526 0.52235055
car 151.34358 177.72324 -0.7597531 23.536116 0.62512434
car 430.2465 464.41443 68.783165 97.54044 0.6701486
car 295.86325 336.94598 64.30567 100.02136 0.9740584
--
truck 238.46927 265.89716 59.24017 107.04649 0.5238466
car 135.81216 153.77406 18.132725 32.64484 0.38082084
car 458.26508 480.65335 60.440994 86.74622 0.38650966
car 131.85553 153.18 5.5176296 31.85305 0.44874698
car 430.16794 464.33307 68.715485 97.420784 0.5485349
car 151.2272 177.8028 -0.78977644 23.60489 0.6413369
car 287.6873 333.4415 68.4838 103.417625 0.9697478
--
truck 240.03711 266.97415 63.093204 108.18428 0.44915107
car 135.8 153.69804 18.134653 32.548496 0.3534072
car 458.27936 480.59576 60.643475 86.41628 0.36482456
car 131.85243 153.14545 5.4618254 31.78818 0.4245135
car 430.10748 464.39084 68.66125 97.27471 0.527188
car 151.1935 177.78787 -0.70682377 23.573393 0.5723783
car 279.59772 326.92126 67.96709 106.069626 0.9815979
--
car 135.94353 153.76457 18.340454 32.504745 0.33597124
car 458.23804 480.5845 60.59665 86.36063 0.36954233
car 131.84027 153.19621 5.0895696 31.814966 0.39783892
car 430.2001 464.30972 68.74013 97.37516 0.47496817
car 151.17357 177.76778 -0.7396674 23.594963 0.5625461
car 240.13338 266.45575 63.297676 109.16499 0.60050577
car 274.67358 321.31793 69.25771 108.48754 0.98236287
--
car 135.98972 153.67044 18.135164 32.57012 0.30485103
car 458.24103 480.6078 60.584053 86.397514 0.4145343
car 131.83661 153.2282 5.3557506 32.008907 0.48171213
car 430.15695 464.2758 68.637955 97.50852 0.5017984
car 151.04536 177.728 -0.88240254 23.63193 0.5822733
car 239.69164 264.92365 60.10443 110.17175 0.60936326
car 269.01605 315.1121 73.24168 110.374626 0.9934322
--
car 136.03601 153.63939 18.156631 32.56733 0.30066788
car 458.22827 480.63126 60.56368 86.45849 0.4290836
car 131.84091 153.22485 5.416712 32.000904 0.4855185
car 430.16666 464.24783 68.64918 97.54914 0.5177354
car 151.06633 177.7268 -0.8820833 23.621937 0.58580595
car 239.684 264.96732 60.023502 110.05799 0.602257
car 268.97983 315.1897 73.32641 110.3844 0.9935892
--
truck 240.97438 265.2862 63.019173 109.78994 0.64365125
car 136.259 153.674 18.41787 32.516293 0.33483392
car 458.2551 480.57428 60.57504 86.39817 0.4002951
car 131.88214 153.06927 5.21397 31.779844 0.4476456
car 430.119 464.2832 68.55921 97.677216 0.4850041
car 150.97832 177.69969 -0.9647356 23.683863 0.5639618
car 258.45804 309.35168 74.683334 116.38092 0.9749584
--
car 430.036 464.57272 68.501915 97.67883 0.32550284
car 136.24089 153.84984 18.54393 32.584396 0.35333022
car 240.65474 266.148 63.236847 108.17991 0.3896945
car 131.86562 153.06935 5.0970473 31.85188 0.437645
car 150.97655 177.729 -0.95028925 23.674593 0.5947555
car 251.17303 304.9256 76.17649 117.10842 0.9332492
--
car 430.0393 464.5655 68.49783 97.59757 0.3175611
car 136.25793 153.8411 18.59001 32.5675 0.35251048
car 131.83966 153.09714 5.0967093 31.884802 0.43658665
car 150.95987 177.73776 -0.914644 23.604286 0.63766253
car 242.36736 297.7649 74.93968 119.648506 0.9111452
--
car 136.17986 153.76128 18.493496 32.517143 0.30937117
car 131.83495 153.14505 5.1323776 31.952633 0.439387
car 150.8742 177.82773 -0.96983045 23.736952 0.6497122
car 237.07552 292.13785 76.94345 124.12892 0.9427476
--
car 136.16345 153.79324 18.452057 32.475967 0.31167558
car 131.79985 153.16898 5.1818104 31.940022 0.45229816
car 150.83943 177.81577 -0.9478015 23.740427 0.64889956
car 231.93074 289.52457 70.81481 125.42071 0.8868096
--
car 136.0921 153.74124 18.407845 32.473804 0.31800315
car 131.76717 153.1011 5.2204022 31.889183 0.46357644
car 150.85754 177.79846 -0.9623431 23.75514 0.656363
car 231.80168 289.46783 70.99682 125.28848 0.84129554
--
car 131.70107 153.10281 5.167993 31.905972 0.48487476
car 150.8552 177.81705 -0.9787005 23.765476 0.70770735
car 228.15974 285.0655 73.986496 129.38864 0.82772034
--
car 131.72263 153.10477 5.3146615 31.954985 0.554847
car 150.7655 177.80276 -1.0341566 23.8294 0.72604406
car 223.67041 280.9517 71.87775 132.26535 0.74388117
--
car 131.71004 153.10077 5.3030543 31.948751 0.5553249
car 150.72955 177.85988 -1.0066504 23.817904 0.72973466
car 220.1382 272.593 83.85934 133.39297 0.8905668
--
car 131.67667 153.15073 5.315795 31.99296 0.5527339
car 150.6631 177.85606 -0.953705 23.79441 0.7043042
car 215.76862 267.21198 82.55863 136.26941 0.86690587
--
car 430.07477 464.39047 68.65719 97.71868 0.33011508
car 131.66756 152.91264 5.2883816 31.727018 0.51170486
car 150.63925 177.87067 -1.0031449 23.807775 0.7519636
car 212.19655 268.91617 83.681046 137.32774 0.77814364
--
car 430.07907 464.35022 68.64435 97.804276 0.32164934
car 131.65646 152.93643 5.3941836 31.818129 0.5399867
car 150.6084 177.87767 -1.0249364 23.797478 0.754388
car 208.79303 266.96762 85.72498 137.85661 0.75950915
--
car 131.67645 152.93187 5.528544 31.91113 0.55088127
car 150.66704 177.87161 -1.0012176 23.732403 0.75940084
car 215.3794 266.85593 73.49104 106.591156 0.8453022
car 199.60866 260.6811 97.75012 144.06784 0.9655112
--
car 131.60231 153.00558 5.3810587 32.038204 0.5483709
car 150.57819 177.8968 -0.99347144 23.860113 0.78999835
car 213.69318 267.4772 73.714836 107.67846 0.9435294
car 193.41505 255.69142 106.13456 144.82594 0.94923645
--
car 131.63988 153.01378 5.3710885 32.111374 0.5429515
car 150.66547 177.89589 -0.9074959 23.805235 0.7818846
car 211.04907 264.39844 72.806984 111.20498 0.9403467
car 188.52893 250.26146 106.57015 145.91005 0.94107175
--
car 430.16437 464.32886 68.6466 97.55035 0.36496276
car 131.69656 152.98085 5.4065704 31.986372 0.5270425
car 150.6949 177.90833 -0.9264672 23.838814 0.7896173
car 211.88756 264.5669 73.64605 110.01427 0.97667783
car 181.20267 240.23013 106.83248 148.36052 0.9811512
--
car 131.64853 153.07076 5.3326526 32.06475 0.50466746
car 150.65558 177.89893 -0.9350234 23.840574 0.79469305
car 176.30061 235.38303 109.5091 151.0578 0.97253203
car 208.80592 263.71298 74.76748 111.55393 0.9776867
--
car 131.70976 153.033 5.397251 32.15069 0.50160867
car 150.66072 177.94144 -0.9088571 23.823494 0.7969257
car 176.45871 235.31602 109.54735 150.95343 0.97338784
car 208.96008 263.97772 74.97373 111.63985 0.9807531
--
car 131.71437 153.06522 5.5197983 32.142124 0.49233037
car 150.64423 178.0129 -0.82130444 23.71826 0.79445934
car 169.92279 230.47983 113.73837 151.97159 0.9786334
car 205.66142 262.80463 78.05784 111.96045 0.9883927
--
car 131.59138 153.2025 5.4388022 32.3051 0.4749386
car 150.5517 178.16698 -0.7992648 23.698895 0.7731656
car 204.96455 261.31177 78.4368 110.85982 0.9815314
car 164.19193 225.09395 114.03639 155.53836 0.9877015
--
car 131.623 153.17401 5.443417 32.36154 0.4686782
car 150.51372 178.14545 -0.8254297 23.730865 0.76607263
car 161.72618 218.11728 114.7545 158.07706 0.96776307
car 200.56564 260.8948 75.99002 115.5754 0.98548096
--
car 131.57492 153.26474 5.3547754 32.381817 0.47516122
car 150.51074 178.11853 -0.85671365 23.810217 0.77567667
car 158.54697 213.54604 116.94363 159.54208 0.9894993
car 198.17737 258.18506 75.424576 115.65863 0.99528533
--
car 131.60614 153.28981 5.312383 32.41391 0.44785267
car 150.60838 178.16544 -0.84329456 23.718948 0.76043993
car 195.05139 257.26758 75.575485 113.82391 0.9895003
car 151.22784 207.63583 117.70675 160.6472 0.99462265
--
car 131.58395 153.32309 5.2762713 32.424488 0.4515792
car 150.58258 178.1616 -0.84789324 23.734734 0.7630949
car 195.08932 257.09702 75.67228 113.93239 0.98857903
car 151.04767 207.84744 117.55208 160.5633 0.9947064
--
car 131.57504 153.28474 5.5218315 32.41951 0.4824945
car 150.57285 178.11829 -0.85576415 23.805002 0.74126333
car 148.0948 200.78586 116.21618 162.89517 0.9585326
car 193.78532 255.77145 74.82752 113.56578 0.99160194
--
car 131.5585 153.19853 5.5643806 32.37582 0.45628452
car 150.62735 178.17128 -0.833998 23.722584 0.69151634
car 155.31923 191.03421 120.19101 162.1114 0.9255131
car 192.82494 253.76416 74.282585 115.05852 0.9727358
--
car 131.55643 153.20233 5.6898785 32.370396 0.5227953
car 150.6693 178.0078 -0.8879453 23.770008 0.6943621
car 153.76547 186.50427 121.98382 160.50372 0.7433526
car 193.2181 252.15883 74.23887 115.33207 0.9565124
--
car 155.58783 180.18333 128.59656 163.1244 0.4103847
car 131.61034 153.20874 5.6956654 32.401615 0.53109294
car 150.70155 177.9946 -0.8789599 23.70868 0.7102875
car 191.27306 250.15283 76.0984 116.11124 0.97950387
--
car 131.63019 153.20331 5.7901196 32.46326 0.5630006
car 150.72281 178.02962 -0.8326529 23.643389 0.7425551
car 190.9323 250.00826 77.23153 116.533615 0.9883367
--
car 131.60616 153.15836 5.8461266 32.45144 0.5631845
car 150.73601 178.0231 -0.82069826 23.662292 0.740487
car 190.96487 250.00635 77.22183 116.58264 0.989356
--
car 131.62018 153.21617 5.884108 32.44679 0.57707196
car 150.70543 178.02577 -0.7635968 23.626173 0.7893607
car 191.1134 249.12987 76.90578 114.62315 0.99332476
--
car 131.81749 153.15454 5.784779 32.708282 0.5678556
car 150.72266 178.03769 -0.79776406 23.65485 0.8247845
car 189.7709 248.24216 76.96936 114.52601 0.9873824
--
car 131.83885 153.17577 5.815343 32.721348 0.5820953
car 150.78989 177.97556 -0.8373213 23.62421 0.8383977
car 188.74443 247.48575 76.99139 114.39643 0.987819
--
car 131.83237 153.12032 5.825081 32.715187 0.5770961
car 150.79602 177.97273 -0.80908835 23.610842 0.83432776
car 186.2129 244.96588 75.9631 115.05179 0.98403674
--
car 131.80942 153.10355 5.8260827 32.732754 0.5703127
car 150.7077 177.96416 -0.8045554 23.63562 0.8282763
car 183.85397 243.82681 75.92622 115.62517 0.9889457
--
car 131.80913 153.0747 5.809909 32.70374 0.5575981
car 150.72046 177.97128 -0.7759429 23.637047 0.82870173
car 183.44304 243.93362 76.0719 115.40255 0.98814905
--
car 131.78082 153.07874 5.8633194 32.68665 0.5936061
car 150.70258 177.94681 -0.74893844 23.569548 0.8385868
car 182.23248 243.31567 76.4172 115.68012 0.9903725
--
car 131.83862 153.04416 5.8636374 32.650757 0.59225243
car 150.68477 177.93147 -0.835142 23.53241 0.83065295
car 181.10034 242.9171 77.24326 115.363594 0.9876432
--
car 131.8015 153.05167 5.8007865 32.63809 0.58697814
car 150.69455 177.92844 -0.833078 23.567297 0.82157683
car 179.9729 241.30176 76.708305 114.441315 0.97592014
--
car 131.88138 153.0513 5.7579503 32.62728 0.5714604
car 150.7222 177.9216 -0.87799966 23.569489 0.82862204
car 179.71431 239.26273 76.67898 114.90748 0.9833036
--
car 131.84589 153.04446 5.792378 32.58623 0.55963475
car 150.69746 177.8855 -0.8541307 23.627903 0.83179605
car 178.83836 238.36833 77.09649 115.10554 0.97986656
--
car 131.86942 153.04083 5.816708 32.549007 0.56653655
car 150.74448 177.87305 -0.85517 23.606798 0.8364068
car 178.9063 238.41664 77.10585 114.96628 0.97866887
--
car 131.89885 153.0316 5.7929025 32.484856 0.54956144
car 150.75317 177.87642 -0.8665801 23.598467 0.8336939
car 177.94421 237.24106 77.09669 115.085266 0.97783834
--
car 132.03622 152.97534 5.242285 32.429848 0.49839443
car 150.58833 177.86601 -0.920514 23.742239 0.8080336
car 176.89575 236.18063 76.692665 115.07383 0.98119193
--
car 132.04568 152.97517 5.263425 32.41745 0.49066788
car 150.59581 177.8766 -0.929144 23.748707 0.8055995
car 175.56001 235.48024 77.21109 114.993324 0.9812947
--
car 131.92123 152.89456 4.7767153 32.20647 0.43013832
car 150.58812 177.90703 -0.8815348 23.682457 0.8004884
car 174.99687 234.99461 77.1522 114.09673 0.9879215
--
car 131.87686 152.99004 4.7806325 32.28615 0.410672
car 150.4434 177.9656 -0.865746 23.738853 0.8033787
car 174.35706 235.15723 77.8179 114.285515 0.98498076
--
car 131.88414 153.00273 4.768372 32.277782 0.42063096
car 150.46889 177.95995 -0.86541474 23.728666 0.80307746
car 174.39449 235.1439 77.89825 114.3128 0.9852865
--
car 131.8797 153.03152 4.722501 32.251083 0.44014052
car 150.44322 177.99138 -0.8302966 23.693161 0.79556084
car 174.03651 234.83511 78.097305 113.9171 0.9836384
--
car 131.87242 153.05034 4.7611074 32.39757 0.45074353
car 150.39893 178.0299 -0.8509295 23.640068 0.7947307
car 174.37242 230.45969 78.72651 113.896355 0.9854698
--
car 131.80844 153.08272 4.7319694 32.37922 0.45669696
car 150.4003 178.03706 -0.8276694 23.624275 0.80124986
car 174.25618 230.35168 78.4994 114.209 0.9828606
--
car 131.78973 153.08507 4.7221847 32.50862 0.45658115
car 150.39935 178.1118 -0.81625116 23.72967 0.7900911
car 173.3946 230.5872 78.73414 115.045006 0.9843955
--
car 131.80743 153.07076 4.7061167 32.45856 0.43795168
car 150.44485 178.12712 -0.8235052 23.682707 0.8011515
car 173.68636 229.8401 78.27942 115.44469 0.9893432
--
car 131.8411 153.04715 4.7155714 32.429592 0.43022162
car 150.46635 178.11661 -0.8225249 23.65415 0.7995612
car 173.38603 229.99022 78.5005 115.450035 0.9890197
--
car 131.82207 153.08075 4.718334 32.472347 0.4436278
car 0.18400356 12.422114 162.84993 203.17813 0.52161944
car 150.44202 178.0933 -0.78789353 23.649155 0.80627084
car 173.5998 229.37474 78.1786 114.95302 0.98769987
--
car 131.62653 153.2148 4.91521 32.6444 0.45978788
car 150.50537 178.20462 -0.87485206 23.555729 0.81328917
car 171.99896 229.41182 77.76563 114.64407 0.9879657
--
car 131.6346 153.22101 4.922351 32.626247 0.44191143
car 150.50885 178.2066 -0.88538915 23.587923 0.7989746
car 171.43877 228.92029 77.95966 115.14853 0.98991555
--
car 131.63486 153.23715 4.9036455 32.6168 0.42505166
car 150.49191 178.20761 -0.86869645 23.540901 0.79910666
car 171.06998 228.57903 78.35696 115.29402 0.9878205
--
car 131.6134 153.22694 4.8973436 32.634373 0.43756914
car 150.50124 178.24712 -0.8802527 23.51535 0.7917898
car 170.59305 228.61581 78.76856 115.87034 0.99029565
--
car 131.61447 153.23001 4.884301 32.610878 0.43009222
car 150.56982 178.23332 -0.8745276 23.50651 0.78851634
car 170.81863 228.32506 78.37772 115.28778 0.9869345
--
car 0.46274677 11.156686 147.95715 203.59373 0.33591682
car 131.64572 153.1595 4.814938 32.526806 0.43308553
car 150.59727 178.2267 -0.8628425 23.489986 0.7817217
car 168.47734 228.09277 78.48703 115.94548 0.9885305
--
car 131.69347 153.1271 4.95713 32.70127 0.4214948
car 0.28760433 11.571041 151.37634 200.77939 0.7384539
car 150.60117 178.23473 -0.8474359 23.468542 0.7722849
car 167.12822 227.10896 78.603004 116.41071 0.98662174
--
car 131.75623 153.10066 4.883707 32.683514 0.42556715
car 0.095739216 12.309517 161.62234 202.17052 0.7856674
car 150.5501 178.21825 -0.8680178 23.503275 0.7872546
car 166.90933 226.2848 78.42396 116.44394 0.9822963
--
car 131.77107 153.07996 4.846384 32.71517 0.42560732
car -0.10718778 12.923388 164.21808 201.94586 0.7679364
car 150.61217 178.20468 -0.86404413 23.515938 0.7812537
car 166.96388 225.7085 78.19065 116.88581 0.9801282
--
car 131.80428 153.1195 4.778534 32.73667 0.4161783
car -0.5512664 10.861367 163.45665 202.59416 0.52953905
car 150.58571 178.16737 -0.86746526 23.535065 0.789022
car 165.92699 225.58553 78.11142 116.39727 0.9804338
--
car 131.77335 153.13432 4.7853117 32.832863 0.39352444
car -0.5536455 10.917707 163.55322 202.56905 0.5397429
car 150.53676 178.1666 -0.7723541 23.538418 0.7801818
car 166.1201 225.61293 78.067215 116.2996 0.9802704
--
car 131.74126 153.17012 4.8292356 32.80486 0.39468303
car 0.4661925 9.537127 151.77415 200.76472 0.49087912
car 150.50374 178.17601 -0.7690202 23.533964 0.78540206
car 165.23895 225.0297 77.91223 116.11456 0.98370004
--
car 131.7847 153.21321 4.796344 32.773853 0.35556963
car -0.24427727 9.223339 148.47537 202.27686 0.37977347
car 135.58235 154.28723 18.707684 32.873142 0.42690116
car 150.81448 178.09232 -0.6993176 23.418142 0.77278554
car 165.43816 224.59944 77.723785 116.12652 0.984701
--
car 131.7832 153.21284 4.8233843 32.78027 0.3595013
car 0.2144435 8.283945 132.6703 201.05594 0.39293364
car 135.56465 154.29677 18.681725 32.87548 0.42995638
car 150.80472 178.1077 -0.72677267 23.45079 0.7737952
car 164.6766 224.36523 77.92225 116.431564 0.98407847
--
car 131.81749 153.19345 4.780135 32.69761 0.35608742
car 135.56358 154.30428 18.757805 32.841236 0.4539587
car 150.83842 178.08609 -0.76732504 23.414381 0.7784564
car 164.54819 224.25307 77.89851 115.99236 0.9874205
--
car 131.82002 153.27051 4.7869625 32.765152 0.35315722
car 135.54059 154.379 18.79678 32.881996 0.4461952
car 150.80547 178.09956 -0.74533224 23.37146 0.77350396
car 164.37221 224.39095 78.079216 116.01362 0.98831064
--
car 131.80641 153.27779 4.7832103 32.78155 0.35411933
car 135.5009 154.36018 18.778337 32.89242 0.44279063
car 150.77924 178.11009 -0.77290803 23.385847 0.7768906
car 164.37263 224.41841 78.13405 116.05978 0.98747236
--
car 131.84216 153.26044 4.7848945 32.73944 0.35065123
car 135.54642 154.35172 18.761923 32.85282 0.45443463
car 150.65884 178.14575 -0.7655373 23.485136 0.7644292
car 164.09392 224.33006 78.1669 115.849884 0.98571473
--
car 131.90082 153.28381 4.7794685 32.61024 0.33580068
car 135.54433 154.44911 18.933126 32.8768 0.4629421
car 150.61188 178.1876 -0.7369517 23.48988 0.7396369
car 163.85619 224.28448 78.03821 115.51315 0.9775994
--
car 131.85274 153.2616 4.6882787 32.505806 0.31759
car 135.50566 154.31792 18.968275 32.827686 0.45913473
car 150.53328 178.15657 -0.91940224 23.549623 0.75711405
car 163.32228 224.3819 78.287766 115.60157 0.97326887
--
car 131.84186 153.26732 4.6508794 32.48686 0.3153891
car 135.5375 154.31331 19.002716 32.80037 0.46072733
car 150.49513 178.13129 -0.97760487 23.55876 0.75695103
car 163.38162 224.28764 78.26396 115.686356 0.9749673
--
car 131.81413 153.3254 4.6738834 32.481064 0.33630177
car 135.7298 154.35652 18.89361 32.72338 0.43382254
car 150.53488 178.13866 -0.934084 23.42809 0.7613076
car 163.3723 224.4953 78.4774 116.02576 0.9778355
--
car 131.79153 153.24155 4.6856675 32.441113 0.3384746
car 135.8222 154.2882 18.9286 32.70411 0.42796737
car 150.47394 178.14647 -0.97623825 23.511972 0.7535461
car 163.28961 224.46388 78.28985 115.88002 0.97803813
--
car 131.74457 153.23895 4.689097 32.454277 0.3398408
car 135.8055 154.26482 18.933985 32.687115 0.42280826
car 150.58841 178.17763 -0.92146087 23.538708 0.76817477
car 163.01811 224.15935 78.289345 115.91038 0.9811699
--
car 131.59123 153.11649 4.9500732 32.786507 0.32556584
car 135.72438 154.11664 18.775284 32.92124 0.33737272
car 150.62479 178.06949 -0.9418242 23.582958 0.7570548
car 162.36394 224.31015 78.78216 116.034325 0.9865895
--
car 131.58173 153.11009 4.9770064 32.785778 0.32416236
car 135.70782 154.14993 18.77451 32.91052 0.34148315
car 150.61374 178.07431 -0.933689 23.591633 0.7545236
car 162.6216 224.33794 78.650444 116.001526 0.9869489
--
car 135.76921 154.12642 18.734827 32.915497 0.32891187
car 131.57228 153.09178 4.9589486 32.76048 0.33340383
car 150.60422 178.07324 -0.9432323 23.608456 0.75567985
car 162.53345 224.305 78.64897 115.94482 0.9870486
--
car 135.66913 154.02971 18.678062 32.890648 0.32680145
car 131.54123 153.02023 4.9351883 32.69197 0.33788472
car 150.58289 178.0882 -0.97648907 23.67446 0.75861317
car 162.50525 224.39026 78.64288 115.95518 0.98716235
--
car 135.66913 154.0288 18.670536 32.888706 0.3232328
car 131.54364 153.02315 4.9221272 32.696606 0.33900103
car 150.58562 178.08122 -0.9822169 23.68033 0.75847685
car 162.45944 224.52052 78.61989 115.84831 0.9865109
--
car 135.73941 154.00842 18.669296 32.89831 0.32754266
car 131.56197 152.99907 4.923951 32.67826 0.33916324
car 150.52591 178.10466 -1.0022128 23.687006 0.75142914
car 162.31398 224.42296 78.73033 115.91537 0.98642623
--
car 135.73923 153.99857 18.624298 32.84347 0.32055473
car 131.54053 153.00827 4.928731 32.641636 0.33532688
car 150.55478 178.08046 -1.0212712 23.585833 0.7609798
car 162.08041 224.53165 78.700424 115.88183 0.9852672
--
car 135.71533 153.97488 18.541557 32.82385 0.315045
car 131.50839 152.98169 4.9626245 32.557644 0.35328543
car 150.5991 178.12424 -1.0089867 23.578726 0.7685709
car 161.86798 224.75072 78.72101 115.98161 0.9850345
--
car 135.62764 153.77892 18.480635 32.76122 0.32539865
car 131.68152 152.93228 5.0154867 32.37974 0.35048714
car 150.49617 178.11546 -1.0010688 23.542286 0.77832144
car 161.91339 224.57964 78.666 116.18748 0.98574203
--
car 131.66537 152.85277 4.9619927 32.284576 0.30599466
car 135.52614 153.68925 18.534563 32.757084 0.3305214
car 150.41719 178.11021 -1.0531157 23.719027 0.78019595
car 161.77737 224.62035 78.799446 116.21182 0.9854209
--
car 131.62495 152.84799 4.920259 32.20292 0.30376074
car 135.39821 153.68484 18.52423 32.72532 0.32038292
car 150.43993 178.11151 -1.0179949 23.72313 0.77802736
car 161.74171 224.62079 78.80538 116.167564 0.98476046
--
car 131.65842 152.89761 4.944706 32.219727 0.31589824
car 135.40555 153.74399 18.480076 32.732693 0.32722595
car 150.40205 178.11115 -0.959744 23.738993 0.78562784
car 161.99004 224.65704 78.7299 116.09799 0.98474807
--
car 135.19664 154.07123 18.271233 33.077274 0.33028764
car 131.59262 153.12207 5.237402 32.600197 0.49506515
car 150.54324 177.92467 -0.86519074 23.711163 0.78903556
car 162.32043 224.25854 78.528366 116.1436 0.9900214
--
car 135.19467 154.04886 18.2603 33.088867 0.327029
car 131.611 153.12756 5.1646433 32.60667 0.48802143
car 150.594 177.95244 -0.8678032 23.716934 0.78522
car 162.43712 224.28412 78.33891 116.22362 0.99040973
--
car 135.30919 154.07713 18.314384 33.046844 0.32416284
car 131.60626 153.10506 5.167497 32.53748 0.47789943
car 150.52411 178.1182 -0.8494878 23.656805 0.78673816
car 162.75186 224.5202 78.464355 116.044205 0.99066377
--
car 135.3095 153.96687 18.320812 32.920055 0.35659784
car 131.63634 153.06686 5.0129037 32.422424 0.44026038
car 150.39969 178.1908 -0.8474359 23.61942 0.7607129
car 162.50803 224.39157 78.374954 116.16932 0.98943615
--
car 135.32146 153.9371 18.32795 32.929707 0.34075838
car 131.63757 153.10448 4.946345 32.456608 0.4542287
car 150.48885 178.1943 -0.851714 23.648502 0.7673284
car 162.40073 224.46713 78.42196 116.30442 0.98852086
--
car 135.32054 153.90926 18.347244 32.919872 0.33473057
car 131.62251 153.10028 4.964978 32.431213 0.44944885
car 150.4272 178.1623 -0.8154103 23.621628 0.7676426
car 162.53958 224.27954 78.27055 116.2518 0.9879628
--
car 135.37144 153.8818 18.393635 32.915092 0.33327588
car 131.6018 153.06912 4.9387193 32.390377 0.42501116
car 150.38283 178.15112 -0.8163893 23.639585 0.7719649
car 162.53806 224.28784 78.21486 116.11565 0.9876981
--
car 135.25851 153.88832 18.340874 32.922405 0.3571429
car 131.57277 153.10054 5.1533256 32.36775 0.43521097
car 150.43617 178.12021 -0.81818235 23.607119 0.77453405
car 162.61008 224.32957 78.16536 116.073944 0.9883663
--
car 468.5346 480.00418 26.448536 41.291477 0.32035214
car 135.33176 153.80505 18.298616 32.85739 0.34755114
car 131.57922 153.05048 5.19844 32.301434 0.43351373
car 150.47195 178.11526 -0.8223934 23.58249 0.7746462
car 162.96873 224.2558 78.008804 115.96835 0.988894
--
car 135.2738 153.81415 18.371147 32.828293 0.35372877
car 131.505 153.0796 5.2090874 32.276627 0.43631396
car 467.83557 480.21442 26.065147 41.82388 0.47167712
car 150.56595 178.09514 -0.8186437 23.50673 0.77624273
car 162.69557 224.10815 78.07484 115.855354 0.9873263
--
car 135.48413 153.83553 18.401537 32.76118 0.32870486
car 131.51839 153.07356 5.156315 32.24916 0.4209369
car 467.8275 480.17087 26.168015 41.764114 0.44976422
car 150.55957 178.08072 -0.8405641 23.51792 0.78220904
car 162.5817 224.24606 78.16498 115.89417 0.9867815
--
car 135.44382 153.92216 18.324753 32.75435 0.33239198
car 466.95935 479.96454 25.553598 42.064735 0.33541378
car 131.50856 153.13763 5.1681676 32.298904 0.43774834
car 150.55885 178.0712 -0.8350602 23.521013 0.7845003
car 162.97261 224.22754 78.071945 115.83878 0.98858094
--
car 131.33783 153.13058 5.1084414 32.26636 0.4392627
car 150.6547 178.16037 -0.7799448 23.53764 0.780309
car 162.62352 224.58157 78.29638 115.665245 0.980907
--
car 463.7871 480.42435 17.401173 42.09008 0.3017232
car 131.32437 153.11333 5.1474032 32.298637 0.47683877
car 150.7341 178.14061 -0.78133017 23.551498 0.7776499
car 162.64793 224.70956 78.3002 115.60609 0.980038
--
car 131.32861 153.0852 5.1346264 32.24721 0.49349082
car 150.82912 178.13646 -0.76346666 23.558538 0.7749253
car 162.92828 224.72046 78.329315 115.71797 0.98234063
--
car 131.35252 153.11761 5.198947 32.280067 0.50220084
car 150.78404 178.13469 -0.76452345 23.555647 0.7805018
car 163.0432 224.82265 78.37803 115.68099 0.9834866
--
car 131.31718 153.14757 5.2124443 32.305626 0.50950694
car 150.76445 178.14503 -0.7691288 23.567621 0.77808607
car 162.90744 224.81987 78.42367 115.72612 0.98281795
--
car 131.37611 153.11525 5.1908283 32.287117 0.5014191
car 150.71399 178.13808 -0.8466728 23.685263 0.77800053
car 162.76474 224.87549 78.44756 115.70858 0.98305774
--
car 131.35144 153.21861 5.129105 32.45983 0.5050676
car 459.6135 479.7245 22.329206 43.77586 0.5972638
car 150.6323 178.0954 -0.78772455 23.702345 0.79352665
car 162.83334 225.03625 78.31202 115.73147 0.98338395
--
car 131.35345 153.17857 5.0565677 32.456936 0.51114154
car 458.8274 479.93433 22.754257 43.794155 0.55131686
car 150.63419 178.10344 -0.77285707 23.68875 0.7877072
car 162.8189 224.97267 78.262726 115.740204 0.9849426
--
car 131.37897 153.15044 4.9152055 32.402893 0.46542305
car 458.45285 479.8524 22.805695 43.67571 0.5508503
car 150.55394 178.08803 -0.84210503 23.809513 0.78132105
car 162.96095 224.84502 78.18717 115.833405 0.9847466
--
car 131.36859 153.14104 4.914613 32.392185 0.4437089
car 457.02908 479.9686 23.20564 43.430187 0.55802053
car 150.45735 178.10818 -0.8401979 23.8579 0.78240913
car 162.8734 224.8114 78.21896 115.874695 0.98318166
--
car 131.37743 153.13503 4.9495807 32.3693 0.44853544
car 457.1335 479.97894 23.107674 43.514725 0.54977745
car 150.43889 178.11635 -0.8302014 23.848421 0.77750385
car 163.12204 224.73589 78.16331 116.01367 0.9834111
--
car 456.21344 479.2986 23.509077 43.39483 0.40019605
car 131.37396 153.13235 4.9818935 32.377674 0.45244774
car 150.55035 178.08492 -0.8190474 23.738218 0.7889082
car 163.15318 224.62129 78.121414 115.92767 0.9831338
--
car 131.46266 153.10432 4.974657 32.65212 0.4530249
car 150.36401 178.11836 -0.8570261 23.728231 0.78738314
car 163.78566 224.5791 77.87782 115.81027 0.98495436
--
car 131.4774 153.08145 5.012134 32.610992 0.45446196
car 150.41193 178.11035 -0.87510556 23.726084 0.790461
car 163.8328 224.48962 77.80477 115.84614 0.9857147
--
car 131.53021 153.07568 4.95441 32.524506 0.4475229
car 453.4306 476.52112 24.71105 43.300243 0.46950045
car 150.51633 178.09845 -0.8750814 23.69978 0.79203117
car 163.75583 224.49388 77.86737 115.84408 0.9851665
--
car 131.47769 152.9645 4.869886 32.28868 0.39776093
car 451.52753 475.88495 24.334644 44.80235 0.48393503
car 150.41971 178.11633 -0.8421439 23.698229 0.7827056
car 163.66695 224.56697 77.9175 115.69823 0.98526627
--
car 131.47969 152.93846 4.798193 32.262554 0.38460213
car 451.5313 475.84674 24.366442 44.867424 0.5046011
car 150.41986 178.11548 -0.8502562 23.693867 0.785953
car 163.62062 224.56287 77.89685 115.66549 0.9846244
--
car 131.52252 152.9182 4.643891 32.277195 0.36474395
car 451.83813 475.7985 25.181086 43.86387 0.5766411
car 150.44077 178.10818 -0.8392619 23.711039 0.7822627
car 163.70352 224.6024 77.87415 115.71514 0.9843647
--
car 131.53552 152.88521 4.6257496 32.164917 0.3216072
car 451.17987 475.06726 25.257826 44.01312 0.4881475
car 150.44847 178.10529 -0.8372717 23.690107 0.7786869
car 163.71689 224.63144 77.90168 115.71113 0.98494416
--
car 135.40408 153.64088 18.469769 32.798866 0.31186718
car 131.52618 152.91139 4.773876 32.20333 0.35616988
car 451.06937 474.6478 25.507858 44.139442 0.4100275
car 150.36728 178.08914 -0.832103 23.70052 0.7730493
car 163.7534 224.60869 77.92126 115.690414 0.98522323
--
car 135.3841 153.65652 18.583088 32.79954 0.33727685
car 131.53093 152.85724 4.7138243 32.150772 0.3416964
car 150.39638 178.08185 -0.8572488 23.697166 0.7792654
car 163.74066 224.78668 78.006096 115.64766 0.9856977
