--
bus 105.20594 187.294 60.247715 140.68617 0.31117755
car 411.01483 436.6372 50.905933 75.06251 0.9604248
car 262.98853 323.88635 71.031044 101.26362 0.98623145
--
truck 108.472664 188.8483 60.89365 140.24179 0.39538866
car 410.74655 436.14215 50.27555 75.43849 0.96969855
car 259.77975 321.6649 71.78124 101.07424 0.9936732
--
truck 108.38992 188.94142 60.981697 140.25949 0.39715755
car 410.85623 436.02298 50.38831 75.36716 0.9671524
car 259.8612 321.55228 71.68954 101.18437 0.9924538
--
bus 106.263885 187.58923 60.54173 140.6627 0.6447206
car 410.21643 435.94302 51.07326 75.604 0.97665435
car 257.90533 319.82275 71.36362 101.52746 0.99554324
--
bus 109.71611 188.71931 62.30897 141.48097 0.78183436
car 408.34525 434.8429 51.144913 76.32356 0.9764296
car 258.53043 317.45102 70.996284 101.70442 0.9868712
--
bus 111.20937 188.39021 62.277794 142.16756 0.6601555
car 250.47942 315.65427 71.72109 101.40991 0.97154963
car 406.97284 434.80145 51.126274 76.875175 0.9782111
--
bus 110.06511 192.44785 60.768955 145.37761 0.6606604
car 406.20978 434.23798 51.664474 76.83943 0.98565423
car 250.6843 313.04 71.35565 101.34814 0.986646
--
truck 113.27345 199.30527 62.481556 141.09949 0.3658886
car 250.58752 308.72226 70.862366 102.15883 0.9846032
car 405.26837 433.79556 51.912632 77.36103 0.987083
--
truck 113.152214 199.52798 62.447796 140.98154 0.36543027
car 250.7543 308.70248 70.82596 102.14156 0.98404473
car 405.289 433.81448 51.96092 77.34545 0.98700327
--
bus 112.174255 195.49927 61.04936 146.84042 0.7732141
car 243.35544 306.85046 71.85676 101.7928 0.9699232
car 404.91693 432.94986 52.56476 77.460785 0.99052453
--
bus 114.05839 196.99872 62.380108 146.708 0.84055656
car 404.0346 432.3849 52.798325 78.1586 0.98880684
car 240.86572 304.98462 72.21793 101.228874 0.98972005
--
bus 114.85644 198.68243 61.780823 147.50356 0.78561544
car 402.799 431.04892 52.82818 78.09871 0.9901582
car 238.57217 301.62708 71.802765 101.686066 0.9929614
--
bus 116.265854 200.34926 61.485477 147.60057 0.77279854
car 402.19223 430.6762 53.06416 78.34046 0.9851046
car 238.04654 300.74197 71.51497 102.0364 0.9887004
--
bus 116.992424 200.4565 61.20949 147.89722 0.75524783
car 401.53616 430.48868 53.118515 78.75479 0.97851664
car 233.1785 297.67877 72.189026 101.319595 0.99190503
--
bus 117.06204 200.46603 61.229355 147.91145 0.77315855
car 401.50992 430.5201 52.890728 78.73118 0.9779051
car 233.24432 297.7015 72.197266 101.32358 0.9921215
--
bus 118.523926 201.52449 61.127296 148.1079 0.7839812
car 399.5561 429.11798 52.76529 81.12071 0.97625685
car 230.69006 296.6295 72.1475 100.74547 0.99389046
--
bus 119.899864 201.68277 61.487495 147.86609 0.81792897
car 399.20853 428.45258 53.45502 80.92368 0.98473966
car 229.36147 293.74548 71.58296 100.990364 0.9934894
--
bus 120.87859 202.9002 60.11962 148.89783 0.7512009
car 398.30908 427.55035 53.03865 81.195114 0.9858775
car 229.17027 290.2456 71.65733 101.06731 0.99177873
--
bus 120.77974 204.31924 58.335663 150.35526 0.69786793
car 397.23026 426.3654 53.20584 81.69706 0.9866809
car 222.82971 289.60153 71.31835 100.71502 0.99606705
--
truck 125.31627 202.41731 65.983795 157.66629 0.6080829
car 395.40723 425.58347 53.806583 81.740395 0.98432815
car 222.31311 284.81622 71.03634 100.74331 0.9964816
--
truck 125.18216 202.42929 66.16036 157.72562 0.5883376
car 395.41272 425.6146 53.68473 81.743256 0.9857484
car 222.19267 284.6638 71.088356 100.77218 0.9966659
--
truck 125.92083 203.18207 66.07063 158.00117 0.69517523
car 394.62698 424.89417 54.14451 82.477516 0.92549974
car 221.16269 281.90527 71.393074 100.6086 0.99677604
--
truck 126.56829 203.5785 67.2799 158.48076 0.7345709
car 394.35785 424.11942 54.36075 82.5031 0.916949
car 215.84492 279.9346 70.70918 100.45579 0.9966836
--
truck 127.108696 204.03125 67.8069 159.62578 0.8462585
car 393.88504 423.55304 53.907074 83.01476 0.9460685
car 213.37901 279.8213 70.70884 100.57127 0.9969525
--
truck 128.79567 206.24307 68.40746 160.63322 0.82391256
car 391.72086 422.86377 56.25042 84.6761 0.92306393
car 212.35075 273.93 70.63026 100.7011 0.99594754
--
truck 129.14906 207.0395 68.69643 160.82028 0.7968245
car 389.183 421.91644 55.80162 86.36464 0.92947555
car 212.26122 270.2035 71.174644 100.377464 0.99670714
--
truck 130.20052 208.07614 69.83577 161.2633 0.7951006
car 388.9667 421.71912 56.715794 86.67476 0.93290186
car 205.10245 271.4118 71.364845 100.222404 0.9972117
--
truck 130.27606 208.34222 69.95173 161.2785 0.77669895
car 388.96887 421.7 56.700424 86.69217 0.9304339
car 205.1435 271.3423 71.357834 100.20509 0.9972168
--
truck 130.62761 209.74643 70.460335 160.913 0.6549522
car 388.89462 421.30835 57.20913 86.160164 0.96387583
car 206.0568 266.44165 71.312065 100.164986 0.99776983
--
truck 131.31961 210.77937 71.923004 161.87015 0.8290232
car 476.12158 480.2846 29.296047 47.887928 0.3660824
car 388.08813 420.9111 57.65782 86.656586 0.98043764
car 203.72044 263.63184 71.25745 100.356285 0.995436
--
truck 131.50967 211.63527 71.52982 161.84645 0.83880424
car 475.72516 480.1537 28.642828 48.227726 0.5009158
car 386.7901 420.3201 57.906837 87.100395 0.9851326
car 203.70679 260.40817 71.21142 99.65291 0.99598444
--
truck 131.24753 212.56729 72.76662 162.32312 0.78504497
car 474.54596 479.88904 28.866648 47.815407 0.6500654
car 385.70154 418.88043 57.474277 88.03867 0.980695
car 196.26721 261.5506 70.55748 98.82595 0.9961183
--
truck 130.11531 212.10223 74.31481 163.03183 0.83647835
car 474.5196 479.8197 28.638458 47.815884 0.5896274
car 385.00146 418.2063 58.244785 87.96194 0.9764855
car 197.51233 257.67383 70.546005 98.76428 0.99396276
--
truck 129.94444 212.11227 74.146194 163.11176 0.8295899
car 474.37308 479.7581 28.700554 47.69165 0.6103595
car 384.95557 418.16528 58.283394 87.99697 0.97348154
car 197.59747 257.80585 70.544426 98.75647 0.9944944
--
truck 129.27965 213.4152 73.99526 163.14566 0.7458437
car 474.26193 479.6355 28.615566 47.932293 0.5583942
car 383.95892 417.4327 58.72768 88.53859 0.9761808
car 195.98254 252.29498 70.6034 98.11673 0.99701256
--
truck 128.5567 213.41232 75.1541 164.74438 0.6775034
car 473.85687 479.7037 28.572607 47.99386 0.68061996
car 381.53842 416.3547 58.999992 88.91014 0.97386247
car 195.67722 250.15265 70.10056 97.239586 0.994178
--
truck 138.16174 210.53496 73.72986 177.7547 0.7728443
car 473.17285 479.55936 28.589785 48.05491 0.73353255
car 380.19644 416.25684 59.379887 88.752846 0.97687423
car 190.10106 248.27554 70.43238 97.633545 0.99546933
--
bus 138.25826 209.7315 68.423874 176.1449 0.57284003
car 472.62482 480.192 36.53113 50.723564 0.7633035
car 380.06113 415.5159 60.023674 89.43064 0.9835639
car 190.51819 243.76073 69.702515 96.89732 0.99698156
--
bus 137.92795 209.83762 67.557175 177.42221 0.67339295
car 472.6935 479.7793 29.253975 47.997524 0.62244487
car 472.0592 480.4471 37.346123 50.591595 0.78619325
car 377.96466 413.17978 60.019485 92.29997 0.98736745
car 187.87285 241.42688 70.22881 96.21792 0.9963214
--
bus 138.1057 209.80096 67.170204 177.74258 0.67738026
car 472.68906 479.77438 29.290289 47.954784 0.62443465
car 472.0748 480.41776 37.3392 50.57304 0.7862665
car 377.8946 413.22415 59.991383 92.313805 0.98745245
car 187.83707 241.45255 70.20753 96.234085 0.9961666
--
truck 141.21655 211.23985 73.30256 180.5807 0.6345201
car 471.95172 480.32574 36.797157 51.1281 0.7641204
car 377.4882 412.99173 60.1765 91.69742 0.9932841
car 187.70076 239.89397 69.19473 95.99596 0.994295
--
truck 143.06543 211.24028 74.76636 180.98373 0.69697505
car 471.81277 480.2147 36.31436 51.90145 0.76806647
car 184.29446 235.18185 68.82074 95.20082 0.9935257
car 375.9514 412.84708 60.623985 91.83655 0.99472034
--
truck 143.66733 210.70238 75.11615 182.34964 0.70744085
car 471.43155 480.099 35.489403 52.154545 0.7414445
car 374.82538 412.38623 60.68418 92.430275 0.99172175
car 183.33777 232.40169 69.421555 94.89776 0.9948669
--
truck 144.4553 210.06451 76.29509 184.52863 0.6385698
car 470.47437 480.25476 34.959137 52.665424 0.6964226
car 181.10585 229.87007 69.6436 94.61589 0.9895639
car 373.24332 411.00504 60.476055 93.149666 0.99247473
--
truck 144.97414 209.18706 77.368835 186.26167 0.62725765
car 469.73285 480.3409 34.47009 53.201702 0.6775761
car 372.33142 410.1371 60.54263 93.71005 0.9897062
car 180.96794 228.55803 68.89417 94.84624 0.9902909
--
truck 145.12354 209.30182 77.46351 185.81007 0.6409863
car 469.7462 480.31036 34.319916 53.199436 0.64530176
car 372.37125 410.1962 60.5746 93.76527 0.98970604
car 181.05028 228.57085 68.872574 94.87864 0.9897759
--
bus 146.83226 207.35309 77.20531 188.7885 0.5656258
car 469.0295 480.43637 33.72457 54.255703 0.6600195
car 176.54283 225.7614 68.08505 96.35193 0.9869886
car 370.90356 409.38815 60.556114 94.03577 0.9901466
--
bus 147.84381 205.7177 79.087135 189.00415 0.8223394
car 468.69495 480.185 33.571007 54.598072 0.65799856
car 176.08087 222.08243 69.12705 95.85473 0.9915849
car 369.98236 408.58902 60.68896 93.76803 0.99228084
--
bus 148.83015 204.51494 79.667816 190.58833 0.86477494
car 468.21405 480.18842 34.1586 55.333767 0.6131969
car 369.10727 408.2948 61.23052 93.084335 0.99263257
car 176.91722 219.55144 69.5385 94.98789 0.9934588
--
bus 149.48132 203.17795 79.08937 192.42554 0.88740027
car 467.84244 480.34933 34.5826 55.740284 0.61566776
car 174.19348 218.98386 68.786125 95.13624 0.98388183
car 365.5582 405.95996 61.57335 93.74696 0.99428916
--
bus 150.36267 201.17613 78.943016 195.33185 0.93540215
car 466.3552 480.02786 30.928864 56.563595 0.6852109
car 165.23447 215.29665 69.15717 95.10371 0.9910727
car 364.24167 405.95786 61.667465 93.763565 0.99283576
--
bus 150.47267 201.14021 79.006035 195.04472 0.9354528
car 467.75504 480.09448 35.04816 56.259274 0.6892406
car 165.09692 215.35454 69.15679 95.06176 0.9912031
car 364.23273 405.9323 61.754536 93.68106 0.9930554
--
bus 149.56924 200.42682 80.67278 196.39984 0.9280351
car 465.91595 479.88724 31.028448 56.390594 0.7272399
car 166.16782 211.97127 69.2455 94.910416 0.9938439
car 363.08554 405.07767 61.206184 94.28649 0.9943452
--
bus 149.51648 199.65666 80.685234 198.00418 0.9325848
car 465.27667 479.67905 30.482586 56.832603 0.5804686
car 165.08803 210.47438 68.47216 94.60781 0.9929524
car 361.78275 403.5469 61.07463 94.42697 0.9936181
--
bus 148.1896 199.2887 80.20932 199.67383 0.8789779
car 464.62268 479.38 30.931526 57.207108 0.70879054
car 358.66202 402.487 64.6616 94.46455 0.98597795
car 161.9211 209.58328 66.90302 95.02041 0.991185
--
bus 147.99664 198.4803 80.0279 200.2627 0.88953483
car 464.21057 479.44116 30.152723 57.59919 0.40889
car 354.93408 399.8819 63.470207 96.59053 0.9798653
car 158.53192 206.82744 66.76314 96.011925 0.99157614
--
bus 145.892 197.6604 79.70349 202.44376 0.761732
car 460.54077 479.5736 29.12401 58.57387 0.5846429
car 157.8924 203.35089 67.34218 95.237434 0.9916158
car 354.0647 400.04242 63.520863 96.56018 0.99177927
--
bus 145.76146 197.70027 79.81958 202.23058 0.7457988
car 460.5671 479.56024 29.13683 58.553932 0.59588397
car 157.89726 203.30869 67.35283 95.28102 0.9917985
car 354.09744 399.994 63.56518 96.55092 0.99191844
--
bus 144.60316 196.71721 77.91625 205.14586 0.90998
car 460.05264 479.91324 29.351337 58.745583 0.5454775
car 353.9734 398.87354 64.25246 96.69431 0.98448086
car 154.37314 200.71872 68.068115 93.97748 0.99250144
--
bus 136.65442 193.41156 86.144554 204.47195 0.9061481
car 460.0391 479.8684 29.94115 59.272854 0.6434833
car 153.2232 200.45537 67.42224 92.594696 0.9839477
car 352.6074 398.3372 65.1922 96.10911 0.98905224
--
bus 139.7537 190.50763 88.65823 203.65329 0.9656758
car 459.9904 479.8931 28.66068 60.08691 0.73807216
car 146.39766 199.20312 67.27969 92.16924 0.98267287
car 352.2476 398.028 65.354675 96.19882 0.9840957
--
bus 139.57385 189.96365 87.30379 207.69948 0.9851484
car 459.23444 480.15094 27.375175 60.752098 0.6432046
car 349.56754 395.94266 66.68899 96.06334 0.980024
car 145.86235 196.3653 64.94299 90.2742 0.9886792
--
bus 138.73561 190.72131 89.71353 208.42082 0.9875672
car 458.2461 480.56808 25.899517 61.51854 0.7564538
car 143.34387 192.69083 65.711235 89.87323 0.9837821
car 347.65118 395.17188 66.99399 96.25933 0.98499435
--
bus 138.84625 190.61496 89.83523 208.17583 0.98837686
car 458.27344 480.5662 25.88675 61.52879 0.7458136
car 143.30032 192.72882 65.69741 89.90373 0.9838382
car 347.62454 395.2083 66.94117 96.25284 0.9848134
--
bus 137.18614 190.89922 89.97366 211.28653 0.9916752
car 457.61658 480.44843 25.279852 62.140865 0.79315823
car 346.1609 394.48633 66.8136 96.70171 0.984717
car 140.47421 188.58495 63.939873 91.520134 0.99171406
--
bus 133.20738 192.2932 90.260796 214.51471 0.99056065
car 456.70947 480.8472 25.253248 62.651337 0.892238
car 341.42575 394.4163 65.606926 97.25423 0.9918966
car 138.69937 188.22975 63.8443 91.4704 0.9940753
--
bus 128.43326 193.3425 91.4326 217.49217 0.99679464
car 455.90854 480.75772 25.50428 62.49652 0.8791745
car 341.27222 392.82748 67.03963 96.94334 0.9928173
car 137.79631 186.01567 63.542015 91.20417 0.99640834
--
bus 125.873825 192.2523 92.748344 218.61775 0.9899844
car 455.50922 480.3944 25.637476 63.089954 0.8901798
car 339.44452 391.189 67.909706 96.49703 0.99514705
car 135.08 183.48328 63.616283 91.48579 0.99652815
--
bus 123.8039 191.44472 92.17244 219.94698 0.981842
car 454.82416 480.40964 25.941956 64.0977 0.87309045
car 338.1366 390.23486 68.9989 96.73192 0.99605435
car 133.83574 181.89626 63.651417 91.558 0.99614215
--
bus 123.77695 191.3994 92.109215 220.0252 0.9805524
car 454.80264 480.377 25.94305 64.11684 0.8732113
car 133.8708 181.86661 63.65018 91.55649 0.9958263
car 338.0461 390.32645 69.09203 96.72556 0.99642384
--
bus 119.34729 192.31476 92.4071 222.92189 0.9559462
car 454.36417 479.44315 26.145187 64.506226 0.917478
car 335.65704 389.7052 68.53574 97.35197 0.9946706
car 130.26057 180.11032 63.134983 92.020294 0.9951223
--
bus 115.278786 193.16487 93.767044 223.98277 0.97542655
car 453.52457 479.398 26.085821 65.64816 0.91187495
car 334.51468 389.27527 68.956345 97.3583 0.99508065
car 128.0075 177.98605 63.58067 91.08827 0.9952271
--
bus 112.46628 193.22371 93.669205 224.64813 0.9893382
car 452.5582 479.07553 26.462132 66.15628 0.87153965
car 331.07184 386.13144 68.63695 98.69182 0.9939854
car 126.931046 175.23012 62.874813 91.3937 0.99692464
--
bus 111.034584 193.92163 93.41342 225.49736 0.95477396
car 451.33713 478.78568 26.688175 67.352264 0.8845167
car 329.06573 385.3999 69.16696 98.96341 0.992072
car 126.948425 172.07474 62.81951 91.05014 0.9973048
--
bus 107.09553 196.26752 95.783005 232.7839 0.9098274
car 450.0247 478.33017 27.784264 68.38503 0.8661786
car 327.40747 383.5425 69.63996 99.09285 0.99428695
car 122.723595 170.58247 62.91873 91.442955 0.99525905
--
bus 107.09787 196.47014 95.71633 232.84969 0.9026972
car 449.99426 478.32608 27.80667 68.40857 0.8691681
car 327.36203 383.61172 69.67601 99.07419 0.9944958
car 122.73352 170.55829 62.91589 91.48088 0.9949576
--
bus 103.62287 197.19144 96.59174 233.52466 0.91316724
car 449.2302 477.41562 28.0756 69.30914 0.84224135
car 324.7562 382.23016 70.28011 99.08873 0.9947308
car 121.53382 168.81483 63.105347 89.57509 0.997898
--
bus 101.16551 198.30472 97.15809 235.85152 0.8878303
car 449.65524 476.42 28.508913 69.11937 0.7484393
car 324.2068 380.87045 70.135925 99.58688 0.995116
car 121.148575 164.76793 62.999695 88.72019 0.99795425
--
bus 99.45183 198.3118 98.400085 237.9258 0.8946582
car 449.28125 476.7323 27.952652 69.37094 0.5557592
car 319.704 379.55536 69.46098 100.36497 0.99302816
car 119.59154 163.1508 62.74765 88.308815 0.9982503
--
bus 99.44811 198.12366 100.92483 238.70581 0.957415
car 445.7266 474.43262 32.75937 71.481575 0.67380923
car 319.41385 378.52142 69.91976 100.122025 0.99363816
car 118.963005 160.45459 63.020023 88.255424 0.9972823
--
bus 94.64698 195.91582 104.28379 236.96452 0.9686693
car 445.35803 473.59344 33.36817 71.82281 0.7495764
car 318.77814 376.5027 70.646454 100.05061 0.9965046
car 115.49946 158.30246 63.309273 88.08085 0.99818563
--
bus 94.6701 195.87167 104.25656 236.83363 0.9683474
car 445.35486 473.62253 33.31768 71.83283 0.7494046
car 318.67773 376.5305 70.663826 99.99522 0.99646103
car 115.48592 158.28685 63.29617 88.03501 0.9981452
--
bus 92.2889 195.88208 104.84652 239.30772 0.91547143
car 444.45587 472.98337 34.49376 72.668045 0.81172717
car 315.84274 375.47733 71.010994 100.16996 0.99766093
car 114.31344 155.35661 63.25833 87.42963 0.99810505
--
bus 84.922966 195.34525 96.95751 247.55048 0.9695629
car 443.5895 473.5434 35.625477 74.73026 0.8783382
car 313.00388 374.35965 71.25558 100.74095 0.99508375
car 113.01116 153.5006 62.232513 87.26853 0.9977228
--
bus 83.42338 193.24956 96.60764 247.94649 0.9757865
car 64.62346 85.44223 69.84093 91.24486 0.6281065
car 442.57117 470.63568 34.721825 74.86811 0.7275622
car 310.71683 368.83582 70.22407 101.16872 0.9901761
car 111.88398 150.7694 62.006893 86.84238 0.9970842
--
bus 82.04082 191.61537 97.11427 249.36539 0.9651945
car 440.74353 474.96542 31.50468 74.30025 0.8136956
car 65.35253 88.0943 68.714386 93.142296 0.8209717
car 309.71942 368.65094 70.46816 100.93948 0.99358064
car 107.96342 148.4784 62.82887 86.845665 0.9952941
--
truck 85.68303 186.03339 95.991745 218.49738 0.34048536
bus 83.67073 191.36012 104.389336 246.01727 0.9073591
car 438.31735 473.41617 31.87878 74.421646 0.51978844
car 64.25417 90.68036 69.25816 94.27735 0.91771966
car 306.32187 369.4953 70.84737 101.2525 0.994976
car 106.61734 146.30862 62.01104 85.555084 0.9960758
--
truck 85.6511 186.21767 95.76711 218.60684 0.32862037
bus 83.642845 191.29594 104.50662 245.83081 0.9114348
car 438.3829 473.41757 31.860222 74.38087 0.54303163
car 64.24647 90.73248 69.10734 94.318146 0.9175265
car 306.3421 369.4647 70.86365 101.25309 0.9952251
car 106.597824 146.30708 62.037785 85.567 0.99612
--
bus 78.23813 186.8159 98.44434 254.15042 0.97861147
car 437.17307 473.96707 31.400213 75.254395 0.5111583
car 64.27141 94.33083 68.44785 95.25324 0.9747912
car 106.53871 144.27658 61.67343 85.54611 0.9944426
car 302.42535 368.2589 71.20762 101.63233 0.9954765
--
bus 75.22347 186.79834 100.39615 257.5241 0.9902854
car 435.40442 466.62012 35.77724 80.78999 0.6631807
car 64.28468 97.51146 68.169205 95.5246 0.9701835
car 303.50696 364.18988 71.04626 101.465256 0.9921036
car 104.81383 142.49709 61.645447 85.05597 0.9950016
--
bus 72.90716 185.3407 100.68693 259.78214 0.9931059
car 435.05014 466.38025 35.55561 81.2247 0.7961674
car 66.762436 100.488686 69.71029 96.335014 0.98971385
car 300.41266 360.63412 70.84872 100.95025 0.99266565
car 103.81524 140.3313 61.553795 84.84321 0.9945027
--
bus 71.316795 184.31522 102.41221 262.3162 0.9898128
car 434.85876 465.58182 35.574684 81.42565 0.8102459
car 103.47988 138.81448 61.47187 85.137505 0.98751646
car 68.1236 103.03064 69.80927 96.72504 0.99223965
car 297.1864 361.56973 70.79175 101.27678 0.9923915
--
bus 68.94501 183.93497 102.95101 262.73047 0.9904495
car 433.31406 464.49692 36.372932 80.54898 0.7936787
car 101.797935 135.60687 61.351746 85.0824 0.98919296
car 293.34085 362.68307 71.18889 101.33113 0.99222755
car 69.692505 107.05026 70.83329 98.52079 0.9930139
--
bus 69.00375 183.9178 102.8623 262.66812 0.9895465
car 433.38205 464.4485 36.3259 80.56232 0.7800863
car 101.792885 135.6027 61.3866 85.079865 0.988772
car 293.46204 362.69373 71.15755 101.31304 0.9918703
car 69.66282 107.040924 70.70841 98.395805 0.9927326
--
bus 66.14701 184.0802 104.89186 264.16913 0.98822623
car 431.65582 463.89685 36.720055 80.22834 0.5408116
car 100.46683 134.03778 61.25084 84.866844 0.983952
car 72.380905 109.41997 71.21954 98.69278 0.9925026
car 290.45224 358.94583 69.651505 101.18321 0.9946889
--
bus 60.614956 184.2637 107.96121 267.8386 0.9868223
car 428.91144 469.58127 32.732662 81.48147 0.5370499
car 99.1848 131.71901 61.073654 84.63817 0.9852629
car 74.979355 113.42944 72.62789 99.93792 0.99023867
car 287.0775 354.82034 69.66342 100.99116 0.9950387
--
bus 55.82521 185.1032 109.93295 268.30307 0.99669665
car 427.3661 457.90024 35.95223 83.64828 0.43225324
car 99.146675 129.72511 60.385193 83.665 0.9803369
car 77.654205 118.78187 71.69382 101.04829 0.9858985
car 286.238 351.90808 68.8652 102.04316 0.9959059
--
bus 54.066345 183.42853 109.8848 269.67328 0.9967179
car 426.03528 458.90665 37.970966 84.33273 0.5498609
car 80.675064 120.83189 73.93422 103.50047 0.93151706
car 97.46589 128.29663 59.519478 82.846596 0.96408826
car 285.11646 349.8572 68.32037 102.524895 0.99693066
--
bus 49.70807 180.49934 109.64613 270.47324 0.9942352
car 425.16037 458.68796 39.48645 86.730354 0.37087557
car 92.56318 126.960266 60.858383 81.66179 0.92484266
car 83.660904 124.80992 75.337906 103.10999 0.9554329
car 283.12167 348.52502 68.475845 102.1733 0.9970105
--
bus 49.91818 180.35262 109.55878 270.1089 0.9941202
car 425.20847 458.65982 39.589462 86.698494 0.37273428
car 92.60359 126.93414 60.85693 81.815765 0.9270287
car 83.563675 124.755394 75.15571 103.23239 0.95592284
car 283.16867 348.3501 68.468575 102.082954 0.9968785
--
truck 423.61758 457.3494 41.639908 89.674 0.37559423
bus 47.619495 180.65182 109.099304 271.31015 0.9951357
car 86.60127 127.32296 76.77632 103.032486 0.8805132
car 91.22939 126.29716 61.244106 82.35645 0.91588724
car 283.25433 346.84546 68.9669 102.04794 0.9899316
--
truck 421.0461 456.02188 45.08261 94.893166 0.46573696
bus 44.39156 181.49283 109.98881 275.01297 0.9939304
car 90.93403 134.7211 79.58173 104.8552 0.8056019
car 90.64574 124.25179 60.85604 81.681694 0.85066605
car 276.37637 346.98642 71.35426 100.9414 0.98621744
--
truck 419.03815 454.81445 45.47902 94.73526 0.6211215
bus 43.390812 182.55907 111.674934 273.18246 0.98154986
car 88.09256 121.805695 60.316433 80.25209 0.8430845
car 93.16655 140.06398 78.94814 104.9779 0.9436391
car 274.06567 346.54468 71.56672 100.80791 0.99223006
--
truck 417.27277 453.23798 46.37275 94.1017 0.7328042
bus 39.24613 171.34749 109.85341 276.23904 0.980681
car 86.94032 119.155014 60.15268 80.36604 0.8672741
car 95.609726 146.95064 76.284836 106.802925 0.96061176
car 273.5555 343.83063 71.96711 100.88251 0.99452925
--
truck 414.8994 452.55133 46.322357 95.02249 0.6304536
bus 38.422836 169.2918 110.506325 274.5929 0.9822678
car 85.974945 119.010155 59.369694 81.99328 0.93911356
car 101.65698 146.70511 76.61671 107.038475 0.98988575
car 273.73325 337.28787 69.34517 102.268745 0.9901074
--
truck 414.92288 452.4225 46.4042 95.00515 0.62388176
bus 38.404053 169.33261 110.457855 274.71542 0.98374295
car 85.989716 119.02333 59.377884 82.06053 0.9368952
car 273.76913 337.16135 69.34213 102.322754 0.9898115
car 101.74792 146.7767 76.75026 107.11024 0.990426
--
truck 415.29883 449.37653 38.36129 97.38749 0.48681816
bus 32.218845 167.65045 116.127464 288.56317 0.9691451
car 85.27878 115.93374 59.100517 82.21708 0.96222997
car 271.76398 334.21906 68.95718 102.58196 0.9760389
car 103.97546 150.67796 77.79344 108.91183 0.9803033
--
truck 412.75876 448.37762 38.331177 97.74766 0.50171405
bus 27.77765 166.26395 120.72389 286.01477 0.9355287
car 83.511475 114.558624 59.519485 81.59229 0.9610801
car 105.89903 156.78899 77.3587 110.55478 0.98613673
car 270.27048 332.8422 68.68774 102.932274 0.9926521
--
truck 409.23654 447.9385 38.774506 97.37545 0.61232716
bus 22.82527 164.5863 123.42184 284.32166 0.9108079
car 81.15566 111.9927 60.182682 80.71987 0.9719418
car 268.7066 331.88715 68.44694 102.801025 0.9902467
car 109.90826 160.97821 77.75214 111.28607 0.9918455
--
truck 406.9829 447.20203 37.691654 98.057594 0.591539
bus 20.833447 162.3283 124.571175 283.85715 0.95670176
car 80.53934 110.77635 59.38693 80.81379 0.97096646
car 262.96747 333.0934 72.189384 100.32934 0.97972375
car 111.96079 167.41077 76.78938 113.86767 0.9950688
--
truck 403.69202 447.1706 44.640476 103.16575 0.703512
bus 14.631829 163.87093 120.98935 290.41235 0.9819725
car 79.337524 107.9588 57.37258 79.88445 0.9750418
car 261.07065 326.25757 71.07646 101.211655 0.9818967
car 116.979706 170.70782 78.24402 113.5468 0.99711543
--
truck 403.74164 447.1674 44.710316 103.1669 0.70836824
bus 14.496653 163.64972 121.0308 290.57034 0.98217225
car 79.31725 107.86544 57.341633 79.94765 0.9746712
car 261.14435 326.12308 71.05745 101.193756 0.98168856
car 116.84605 170.73555 78.24101 113.54996 0.99720156
--
truck 402.5284 447.92902 45.62133 104.430435 0.7247606
bus 12.832303 162.23528 119.790565 295.23145 0.92287445
car 79.339386 106.64082 57.684246 79.44176 0.96814924
car 119.52284 177.52968 78.07121 114.21971 0.9906762
car 256.90897 328.99014 72.37164 99.82235 0.9934559
--
truck 398.29028 444.64645 46.640656 106.67458 0.8266471
bus 12.020531 161.10248 117.983345 296.61383 0.96796656
car 78.02313 104.39134 59.01828 80.602585 0.9442212
car 123.93395 180.2705 79.50233 112.79425 0.98822
car 258.1267 322.51178 70.40485 101.17625 0.99543625
--
truck 395.71954 443.22803 46.097862 108.185036 0.8069228
bus 9.688061 160.19368 118.89243 296.95013 0.9685289
car 76.14606 103.13474 59.723824 79.98058 0.95795107
car 128.92365 186.92462 81.53804 116.05036 0.98365504
car 255.3069 321.23306 70.695145 101.49135 0.9924591
--
truck 393.23773 441.55875 48.11988 109.7005 0.81917274
bus 8.512802 159.00945 118.76232 298.7353 0.98280025
car 74.99292 102.28263 59.925194 79.71419 0.9517584
car 133.53142 191.95232 80.21462 118.55676 0.9815725
car 252.26146 318.948 70.18274 101.54266 0.986911
--
truck 390.89542 440.2471 49.761513 112.74342 0.81555927
bus 4.8293567 158.20561 120.26522 301.74573 0.98567665
car 73.81995 100.94141 60.381138 79.59558 0.942499
car 251.2761 318.68655 69.35383 101.73359 0.9835477
car 139.25381 194.81113 80.224754 118.661476 0.98378617
--
truck 390.82364 440.22668 49.76593 112.84604 0.8145458
bus 4.9749756 158.55293 119.9224 302.09332 0.9819178
car 73.818634 100.93173 60.354397 79.588745 0.94301516
car 139.18333 194.9063 80.34474 118.453674 0.984731
car 251.28485 318.62497 69.364845 101.71352 0.98483115
--
truck 387.65814 437.2325 48.636433 113.918396 0.85420936
bus 3.4210181 155.09619 123.81676 301.4501 0.98833877
car 73.143585 98.50533 58.243317 78.53964 0.8821728
car 245.0851 318.7232 72.37734 99.547775 0.9840829
car 142.87416 201.0579 81.401146 120.160934 0.9901937
--
truck 384.95984 435.4747 49.638313 118.21857 0.87188286
bus 4.3809056 151.49283 124.88605 302.5001 0.9903921
car 72.16266 96.82772 60.240356 79.31136 0.7407314
car 244.82771 312.74902 72.11625 100.30623 0.9854263
car 149.51399 207.92487 83.45024 122.99643 0.99508756
--
truck 381.31137 433.8953 49.272335 121.47369 0.90830934
bus 3.9837313 149.49641 126.35838 301.8579 0.99506074
car 72.33655 95.7087 60.469624 79.186806 0.43352523
car 237.6953 311.43915 72.40885 99.943016 0.98764926
car 154.19945 212.20471 83.200745 124.62243 0.99485207
--
truck 379.59695 434.1134 48.056995 123.19178 0.8342168
bus -1.2127805 143.51666 124.86823 307.9531 0.9965734
car 160.96844 217.11996 84.05514 125.68346 0.9867421
car 240.39233 306.10025 71.00069 100.464134 0.9933664
--
truck 375.65994 430.6035 53.9783 125.01113 0.88768566
bus -1.400671 143.39719 127.42784 311.12366 0.99649566
car 237.18686 303.86472 70.43549 100.64163 0.99024326
car 164.7968 225.79652 87.662285 127.84122 0.99244565
--
truck 375.5806 430.6573 53.982708 124.91306 0.883924
bus -1.6838121 143.81145 127.514 311.07654 0.99637425
car 237.13972 303.64355 70.60536 100.779205 0.9891367
car 164.87299 225.71217 87.631645 127.87675 0.99154454
--
truck 371.279 428.34415 55.220734 126.09564 0.94308186
bus -1.0018373 142.22586 128.43423 315.26202 0.9980982
car 169.24072 232.70657 89.4003 127.01154 0.9933874
car 233.60895 301.46503 70.172295 100.91256 0.9952151
--
truck 368.5531 427.9202 56.322968 127.9355 0.9038987
bus -1.9736338 141.78969 128.71259 318.00278 0.99765474
car 170.98222 242.73013 90.39757 128.69083 0.9889869
car 231.21872 299.70953 69.91199 100.62037 0.98983556
--
truck 362.7713 427.69107 56.80598 132.04175 0.9104307
bus -1.0594153 138.88467 129.6273 321.17282 0.9984987
car 180.3607 248.05893 90.105194 133.15115 0.9883291
car 229.50197 297.82233 69.61421 100.16994 0.9926803
--
truck 358.49213 423.7296 57.208298 134.48888 0.8955437
bus -1.6058421 136.02934 130.24196 320.77365 0.9965808
car 185.41374 254.4052 93.1979 133.94194 0.97683746
car 228.82668 295.69995 68.75358 100.650856 0.9948366
--
truck 355.69595 422.1366 59.511517 138.9508 0.6759161
bus -1.4049983 132.97354 131.03052 324.34076 0.99416476
car 189.14174 261.82648 94.44078 135.86833 0.98274434
car 226.611 293.75107 68.846954 99.62516 0.9857024
--
truck 355.71793 422.0884 59.322453 138.6963 0.68069655
bus -1.4118075 132.94556 130.92567 324.3935 0.99449575
car 189.19737 261.7966 94.41912 135.88545 0.981081
car 226.58788 293.9768 68.745026 99.586754 0.9874681
--
truck 350.7377 421.8507 61.987335 140.78215 0.60605544
bus -2.3832393 131.86435 134.29611 322.39938 0.990186
car 195.45908 269.36118 96.31308 137.70992 0.988717
car 217.67363 292.92557 71.349754 99.18336 0.9924166
--
truck 348.82043 419.05948 62.546894 142.86375 0.70891815
bus -0.21647215 129.17845 143.27388 335.84262 0.9887073
car 199.90648 275.53662 98.4783 139.56288 0.9596411
car 218.63683 289.42163 70.87392 99.37498 0.98872846
--
truck 343.86038 414.90488 69.196175 145.77031 0.78394794
bus 0.061912537 126.26128 141.70851 340.32437 0.98963815
car 206.87733 281.55576 97.32258 143.96014 0.9717313
car 219.61002 284.68616 70.91818 99.236465 0.9913099
--
truck 339.1747 413.15765 66.11725 148.98871 0.84727806
bus -0.20939827 126.98211 142.14915 340.6533 0.9747487
car 212.48085 288.08148 100.512375 144.64384 0.98105985
car 209.83409 282.68616 70.97625 99.58724 0.993972
--
truck 338.12308 416.19003 65.97669 152.47054 0.9128318
bus 5.0042796 124.04614 143.51526 313.1094 0.9841315
car 215.79262 297.76508 105.25608 145.20155 0.9902102
car 209.4059 279.5484 71.352806 99.08892 0.99322927
--
truck 338.28128 415.95953 65.82179 152.94131 0.91559106
bus 4.922204 124.06056 143.55714 313.053 0.9831398
car 215.77992 297.86502 105.25574 145.18126 0.98797715
car 209.46793 279.3835 71.42815 99.12871 0.99299794
--
truck 333.79056 414.60754 69.129326 155.98187 0.9187471
bus -1.5743709 123.50999 143.38208 340.14008 0.97780657
car 223.85027 302.0251 104.006165 147.61919 0.99078906
car 207.98433 274.9363 71.41368 99.46993 0.9928108
--
truck 324.51868 406.7471 71.76153 156.69157 0.9219722
bus -2.5005627 120.07313 144.24806 340.79102 0.97561485
car 227.97029 307.67993 103.49149 149.82892 0.9952317
car 199.39204 276.0195 72.048615 99.05733 0.9955017
--
truck 323.1743 401.87555 76.022224 159.64368 0.9449576
bus -2.6662874 118.027084 144.26787 342.2927 0.9684174
car 232.83246 317.09164 102.002846 151.30075 0.9956497
car 200.88528 271.26984 72.59074 98.49026 0.99581444
--
truck 320.82727 398.0019 76.292656 163.19247 0.943126
bus -1.4755833 114.476654 144.74641 343.52747 0.97338
car 200.25618 267.08878 71.69885 99.4305 0.993197
car 239.69244 322.38614 101.941986 154.0232 0.9938586
--
truck 315.00552 394.9414 76.244484 166.70149 0.8797271
bus -1.9633162 114.35649 146.48117 343.0672 0.9834451
car 243.08667 322.48917 102.68763 155.1705 0.9893424
car 201.4331 262.9724 71.38716 98.905624 0.99284023
--
truck 314.89948 395.17685 75.8777 167.19212 0.88029027
bus -1.9806075 114.306885 146.41156 343.03738 0.98124206
car 242.86131 322.71063 102.63728 155.301 0.99008995
car 201.52017 262.8418 71.31435 98.86254 0.99310976
--
truck 296.3296 393.39078 76.25286 179.40384 0.86569583
bus -1.5965581 112.73925 145.05649 343.2918 0.9844247
car 251.81985 319.05984 103.308754 155.28297 0.9811413
car 193.3011 263.94696 72.330475 98.46433 0.98584306
--
truck 292.32312 388.86606 76.16447 183.65486 0.85781354
bus -0.5792177 107.49646 147.03506 314.02216 0.9862266
car 257.5036 312.1865 104.6025 152.20717 0.9163857
car 191.297 260.9003 72.21973 98.86106 0.9899845
--
truck 290.80313 384.7934 76.11518 187.2608 0.8369239
bus -0.07368207 104.47519 150.28738 310.5277 0.9723516
car 260.8075 312.14163 106.07908 152.52184 0.7604611
car 190.63504 255.95 71.66879 98.040596 0.994554
--
truck 277.8939 383.7201 77.99235 192.0304 0.84875435
bus -4.1751375 97.13452 155.27463 305.71463 0.9759002
car 185.05013 254.19875 72.02769 97.57387 0.9902585
--
truck 279.64764 381.30518 81.63464 202.09479 0.8492774
bus -4.4412985 95.301575 153.52 309.2987 0.9690171
car 185.2559 250.91718 71.69488 97.72515 0.98916525
--
truck 279.8421 381.16046 82.37137 201.6729 0.82964796
bus -4.5202374 95.245605 153.63503 309.32364 0.967442
car 185.20816 250.82193 71.74461 97.68971 0.9895102
--
bus 274.3802 383.787 81.26152 210.32405 0.9175984
bus -3.8403583 93.58335 154.26636 308.23813 0.9734152
car 185.53261 245.46507 70.730156 96.761505 0.99397177
--
bus 269.77313 383.64453 81.59672 217.40158 0.9622473
bus -3.8344252 90.77856 161.81714 314.60104 0.96572256
car 184.1 243.33327 70.10236 96.63284 0.9904726
--
bus 265.104 385.2586 86.03588 221.93465 0.92226356
bus -4.232161 85.84101 162.45363 315.18393 0.9738412
car 182.02388 244.81384 70.02724 96.97265 0.9688206
--
bus 256.54056 387.3642 85.18648 228.89905 0.8442488
bus -4.567112 84.38566 163.9469 313.98892 0.9669345
car 176.5755 239.94818 71.47292 96.67436 0.9796114
--
bus 249.09027 384.0543 91.87072 237.82605 0.87884545
bus -3.331182 81.507515 163.64366 315.15115 0.95799816
car 175.86702 235.20996 70.907234 96.14864 0.98888105
--
bus 249.11522 383.8941 92.35342 237.47002 0.8864707
bus -3.2884598 81.47742 163.93306 314.90344 0.9604744
car 175.82077 235.35136 70.93343 96.15758 0.9891779
--
bus -2.1763194 80.69391 165.75302 314.40924 0.9353022
bus 241.4169 380.49133 94.97129 240.97876 0.94634384
car 168.13577 235.61826 69.875496 96.65075 0.97839683
--
bus -1.5315986 79.99073 166.87946 315.27136 0.9282764
bus 230.41612 379.8467 98.86835 249.96088 0.98856723
car 168.47107 231.37549 69.8581 95.95209 0.9920077
--
bus 219.35973 381.85663 110.0422 253.99936 0.9479505
bus -0.47053456 68.23783 167.93855 315.97968 0.95290774
car 169.5928 227.09622 69.73788 94.64552 0.9890527
--
bus 214.56749 381.89328 112.67409 255.60034 0.7886873
bus -0.48918486 66.29385 170.60023 313.7883 0.9299427
car 167.28401 224.03598 69.30824 94.41219 0.98873764
--
bus 201.82892 393.77597 109.42808 264.84586 0.7947588
bus 0.7937801 63.246517 170.10957 313.1208 0.95401406
car 159.97806 224.41418 69.330635 94.22566 0.9912862
--
bus 201.70477 393.97852 109.60993 264.9885 0.77427924
bus 0.7388592 63.55766 170.08728 312.94363 0.9534749
car 159.90195 224.4425 69.41564 94.22528 0.99149734
--
bus 194.84927 403.12396 110.20227 273.03543 0.62410396
bus 0.82823396 61.103252 165.99976 316.26917 0.9769737
car 161.63907 219.9836 69.437096 93.451 0.99326926
--
bus 178.12071 370.7646 123.19843 283.4006 0.681446
bus 1.5057206 58.243942 170.45357 314.6007 0.9820295
car 159.00092 216.21451 69.49798 93.24171 0.9928457
--
bus 160.8456 368.7297 121.39349 289.04602 0.4814077
bus 1.4924669 54.88107 172.12587 315.05402 0.98022884
car 154.26845 213.00316 68.47579 93.58445 0.98626304
--
bus 149.94333 373.03598 123.21235 296.4314 0.42882508
bus 1.6975325 51.95554 173.54309 315.3375 0.96998495
car 154.34637 211.30426 68.95028 92.77236 0.9955873
--
bus 144.02563 376.75778 124.72655 301.86786 0.46352798
bus 1.3459182 47.10401 171.71358 317.00052 0.9672986
car 151.86636 208.49622 69.02958 92.68771 0.99565256
--
bus 144.04773 376.7927 124.992744 301.68497 0.47539562
bus 1.3467765 47.13909 171.7946 316.95398 0.96621495
car 151.82585 208.42964 69.03399 92.68346 0.99558985
--
bus 0.7710546 42.69377 173.77809 316.41656 0.9581999
car 128.25276 360.7427 129.09938 307.86136 0.5707624
car 148.75594 206.83545 67.82746 93.1078 0.9950728
--
truck 120.54137 353.40964 145.12996 330.94388 0.40975854
bus 0.76664865 40.39436 173.80692 316.6776 0.95369893
car 146.55399 206.45612 66.81423 93.3905 0.9900524
--
bus 1.3021874 38.908653 169.78548 318.66266 0.9248711
car 473.01538 480.2232 37.278946 50.96103 0.41169092
car 144.4943 202.69513 67.46924 92.63776 0.9879053
--
bus 1.1805242 38.72885 171.42554 318.4567 0.90812993
car 472.6037 480.70404 37.848446 51.185 0.39830044
car 90.15376 340.89026 148.21237 332.53384 0.51078874
car 144.30666 200.37836 67.93715 92.37424 0.9898562
--
truck 85.152214 336.42758 149.47241 331.93988 0.46547484
bus 0.621171 39.45711 172.07166 320.42252 0.74040616
car 471.33887 480.54813 37.43528 51.387722 0.7169752
car 280.05942 357.74152 122.236404 176.02626 0.9702695
car 141.02548 196.99565 67.07814 92.55218 0.9816033
--
truck 84.86695 336.86526 148.98117 332.34372 0.4920368
bus 0.56694925 39.506413 172.03223 320.53827 0.74651647
car 471.3462 480.54532 37.426323 51.39295 0.7223241
car 280.42404 357.91537 122.3233 175.93048 0.97918886
car 141.06223 196.93954 67.06026 92.54786 0.9806795
--
bus -0.08097589 34.261944 168.44395 323.69318 0.48555195
car 81.903694 331.96277 152.28764 330.05536 0.31071633
car 471.00754 480.53232 36.81344 51.690876 0.6932451
car 274.38812 358.58408 122.34829 177.47717 0.96052504
car 138.8359 195.59734 67.10571 92.51823 0.97550684
--
bus -0.46513438 29.286873 173.95122 313.83078 0.37025595
car 470.58014 480.71136 36.618732 51.861046 0.59553057
car 136.25394 194.13882 66.43924 92.32271 0.97773373
car 273.01306 358.79453 122.93731 178.88603 0.98454684
--
bus 58.426926 317.2187 163.40189 326.53308 0.33368883
car 470.3608 480.5053 36.597687 52.248966 0.82965225
car 135.03922 190.99118 64.7949 90.0866 0.98893887
car 270.54095 359.88956 123.79509 184.7658 0.9924185
--
bus 0.20037353 25.596895 173.1606 314.35236 0.5252943
car 469.867 480.62393 36.03095 52.42354 0.81354845
car 272.25275 358.74393 124.5832 188.88545 0.99516076
car 133.30798 189.634 63.942856 90.44244 0.9960482
--
truck 22.251163 288.38263 179.2793 338.30978 0.53579867
car 469.15344 480.628 35.114388 53.352592 0.8137801
car 272.29892 358.56012 124.23501 187.78116 0.99373174
car 131.85667 188.02414 64.512054 89.95057 0.99710375
--
truck 22.74476 288.3111 178.99132 338.16965 0.55761766
car 469.1526 480.63663 35.103302 53.34917 0.8084902
car 272.11722 358.62173 124.28054 187.82909 0.9941233
car 131.85869 188.06972 64.527985 89.936615 0.9970777
--
car 468.61658 480.78122 34.373104 54.013054 0.79443884
car 272.8125 358.04404 124.48933 188.27736 0.9932415
car 130.6761 185.20987 64.48965 90.10699 0.99438214
--
car 468.10577 480.74942 33.97838 54.160843 0.8305654
car 132.75134 182.60619 64.120514 90.51315 0.986771
car 272.71606 358.01718 124.2195 188.26573 0.99409205
--
bus -6.388464 250.49738 214.43922 364.50327 0.43880025
car 467.72394 480.55194 34.203922 54.562263 0.8084236
car 128.62228 181.46497 64.31549 90.1288 0.9926688
car 272.34964 358.60147 124.106155 187.28505 0.99408513
--
bus 0.13789415 239.10582 222.57207 364.57886 0.6237942
car 467.6312 480.33685 35.08601 54.62208 0.85207194
car 272.67902 358.14398 124.06207 187.58232 0.9940366
car 129.08968 179.08293 63.828423 89.57194 0.99480027
--
car -2.3910713 234.6182 224.89542 364.74197 0.3849911
car 467.09995 479.7485 37.33018 54.574425 0.84920603
car 272.81714 358.07437 124.29588 187.23491 0.994654
car 126.77596 177.54698 63.859436 88.99841 0.99580973
--
car -2.6357603 234.69069 224.28514 365.1976 0.33927417
car 467.11487 479.72192 37.4044 54.623596 0.8521902
car 272.76584 358.07037 124.20995 187.13072 0.9939742
car 126.74219 177.4723 63.839676 89.04289 0.9957767
--
car 466.5383 478.93503 37.601433 55.23144 0.83752465
car 272.73123 358.1873 124.20193 187.43246 0.99349594
car 126.01762 175.5142 62.933765 89.226364 0.9961052
--
car 465.72934 479.19806 37.39829 55.617493 0.8413836
car 272.86127 358.12692 124.24553 186.86491 0.9933472
car 125.042694 173.28569 62.943108 89.27258 0.995878
--
car 465.24472 478.96793 38.003613 55.87412 0.7481331
car 272.65747 358.30487 124.37331 187.05139 0.99361336
car 125.656555 171.74532 61.677395 88.87464 0.9943652
--
car 460.93842 479.27917 39.465942 56.955566 0.8142457
car 272.7137 358.24234 124.666145 187.43924 0.99357545
car 122.50068 169.29723 62.875538 88.02898 0.9963038
--
car 460.64496 479.0602 39.217205 57.224064 0.89548504
car 273.0462 357.96295 124.66836 187.66878 0.99393874
car 122.842316 166.93082 62.95418 86.93078 0.9969855
--
car 460.54294 479.13174 39.179317 57.276073 0.89855856
car 272.86902 358.17133 124.703865 187.60498 0.99453217
car 122.85288 166.95712 63.013653 86.88556 0.9969979
--
car 460.15143 478.62918 39.3879 57.05583 0.91715884
car 272.87042 358.0073 124.50729 187.6997 0.99359846
car 121.605835 165.22623 62.91893 86.33549 0.995655
--
car 459.9494 477.96024 39.455612 57.046837 0.9253534
car 272.6626 358.2367 124.36552 187.88025 0.99284226
car 120.945595 163.87727 61.977512 86.5293 0.99366856
--
car 459.32358 477.7598 40.259296 56.73761 0.88931125
car 119.76436 162.90724 61.623383 86.37196 0.9936584
car 272.3235 358.62613 124.56647 187.01117 0.9951941
--
car 458.5532 477.42554 40.054134 57.116245 0.88817006
car 119.410416 161.49423 61.67084 86.270775 0.9941063
car 272.3233 358.6447 124.449646 186.96155 0.9950232
--
car 457.49445 476.83057 40.374702 57.417683 0.83527094
car 118.68011 160.6403 61.14193 86.299034 0.9942971
car 272.50937 358.4767 124.39225 187.0938 0.99514693
--
car 457.50705 476.8069 40.34053 57.413746 0.83251935
car 118.70619 160.6089 61.132328 86.278046 0.9944387
car 272.54282 358.47223 124.457886 186.90158 0.9950079
--
car 456.59976 476.092 40.583176 57.310116 0.7231428
car 116.93298 157.53096 61.820004 86.17348 0.99135107
car 272.88522 358.0414 124.54594 187.27042 0.99488163
--
car 455.4716 475.5334 38.93149 58.921417 0.76469827
car 115.935425 156.60953 61.31541 85.558044 0.9866868
car 272.65536 358.2639 124.451836 187.26874 0.99373424
--
car 454.55493 474.70648 39.22704 59.204197 0.8602613
car 115.44818 155.85258 61.37937 85.17616 0.9912812
car 272.35886 358.581 124.296036 187.06702 0.99302423
--
car 454.15686 474.52448 39.444553 59.322567 0.8906257
car 272.13235 358.67776 124.650635 187.0588 0.99361485
car 114.84488 154.98769 60.929405 85.057785 0.99469554
--
car 453.77786 473.9196 39.1114 59.72465 0.8849696
car 271.9317 358.96924 124.92524 187.13803 0.99419296
car 113.81081 153.94298 61.176933 85.01882 0.99503386
--
car 453.7989 473.8839 39.17284 59.72191 0.8824579
car 272.00406 358.88834 124.96714 187.2907 0.9937503
car 113.83216 153.92024 61.19139 85.00214 0.9948046
--
car 452.65985 473.8422 39.23819 59.884518 0.9300441
car 113.412186 153.34729 60.61997 84.85218 0.99402696
car 272.0404 358.90808 124.928925 187.21796 0.99410796
--
car 451.79092 473.59976 39.55751 59.882793 0.92768574
car 112.82294 152.14584 60.62562 84.51073 0.99281174
car 272.01236 358.91226 124.90498 187.30629 0.99401706
--
car 450.99237 473.14975 42.5301 60.188007 0.8451071
car 112.24604 150.79744 60.27483 84.340355 0.9925085
car 272.764 358.63928 124.18424 187.18895 0.993044
--
car 450.89767 470.7675 41.968266 61.266384 0.88024586
car 112.16196 149.52731 60.339188 84.02858 0.9917387
car 272.66928 358.7633 124.2076 186.9489 0.9932863
--
car 450.79337 470.41882 41.872658 61.71566 0.9148036
car 112.32775 149.0689 60.016518 83.80794 0.9866638
car 272.63824 358.678 124.25485 187.13568 0.9934418
--
car 450.76553 470.43756 41.90248 61.696564 0.9113845
car 112.31511 149.0876 59.99692 83.77866 0.9871394
car 272.71533 358.56244 124.20462 187.30177 0.9930351
--
car 476.55765 480.36273 46.902184 65.99898 0.3632824
car 449.14685 469.0991 44.196938 62.71057 0.9080158
car 111.30741 145.71118 60.538326 83.862946 0.9619985
car 272.73782 358.5082 124.21454 187.28804 0.99286276
--
car 476.30453 480.11746 46.28011 67.18118 0.659142
car 448.7239 469.23682 41.451263 62.808365 0.93223464
car 111.18228 144.9708 59.696564 83.46811 0.97768253
car 272.66852 358.5578 124.1429 187.48167 0.993008
--
car 475.30905 479.95374 45.900124 67.51475 0.81144315
car 447.80038 468.25992 41.744118 63.109825 0.9342225
car 110.65961 144.58908 59.843555 82.87197 0.98133993
car 272.80258 358.4347 124.200966 187.40611 0.99262494
--
car 474.43243 479.98215 46.42171 66.50508 0.8246644
car 110.06134 144.39197 59.797558 82.11851 0.94409996
car 447.3246 467.82217 41.820446 63.465176 0.9510975
car 272.755 358.44708 124.194176 187.52031 0.992726
--
car 474.6065 480.01498 45.875946 67.53479 0.77694774
car 109.52115 143.66718 59.761044 81.946915 0.92971295
car 446.25217 467.25494 42.233784 63.553955 0.9603639
car 272.67285 358.47784 124.23857 187.53409 0.9929997
--
car 474.59305 480.02405 46.010902 67.52576 0.7760502
car 109.44657 143.59666 59.722366 81.956184 0.9254082
car 446.20166 467.23807 42.30493 63.626366 0.96138096
car 272.68307 358.50247 124.2282 187.43477 0.99296546
--
car 474.22656 479.81763 44.724113 68.185425 0.7977503
car 108.51116 142.91173 59.928265 81.61538 0.8698343
car 445.4823 466.3144 42.628685 63.8975 0.96896845
car 272.6233 358.5631 124.241135 187.55676 0.99301976
--
car 473.00525 479.52518 44.635468 67.72596 0.81605536
car 107.92252 141.85797 59.500145 81.80695 0.8784223
car 445.36258 465.43024 42.87607 64.07066 0.96786207
car 272.54135 358.69836 124.26934 187.48744 0.9929971
--
car 472.78537 479.3694 43.79104 68.01201 0.7738722
car 107.50155 141.48595 59.606853 81.85889 0.9001838
car 443.68634 464.24493 43.720028 64.72421 0.968865
car 272.4968 359.08652 124.14785 187.46182 0.9926027
--
car 472.57684 479.4367 43.933716 68.40342 0.722938
car 107.12268 140.82516 59.786835 81.88184 0.75877994
car 443.1377 463.94287 44.08819 64.96702 0.9622823
car 272.50992 359.11227 124.21017 187.47182 0.99277574
--
car 472.2353 479.71454 52.42661 73.76059 0.6796966
car 107.07785 139.90546 58.95961 81.63787 0.80942297
car 442.77936 463.9262 44.223923 65.420166 0.97256875
car 272.51587 359.137 124.14368 187.3657 0.99323165
--
car 472.2181 479.7216 52.4022 73.71655 0.6916796
car 107.39793 139.7993 59.02988 81.52263 0.88003993
car 442.80893 463.86682 44.22649 65.37921 0.9736718
car 272.52386 359.12225 124.11604 187.36427 0.9933996
--
car 470.3858 480.075 38.550636 73.71805 0.7228629
car 107.05019 139.09642 58.595345 81.53136 0.85410357
car 442.2688 463.5603 44.407223 65.4319 0.9760242
car 272.4378 359.18167 124.056 187.23781 0.9931566
--
car 469.8442 479.80936 37.361843 74.9388 0.82345814
car 107.11766 137.91273 58.27291 81.50326 0.85770416
car 441.85706 463.83334 43.6283 65.657234 0.97590107
car 272.40176 359.21252 124.1979 187.31789 0.9935798
--
car 469.2114 479.6491 37.471478 75.63416 0.8262342
car 107.63406 137.08792 58.22606 81.31554 0.8452066
car 441.45813 461.7627 45.50524 66.39791 0.981913
car 272.08612 359.35858 124.08777 187.27559 0.99328446
--
car 468.75858 479.70932 36.706844 77.11456 0.81184137
car 107.59104 136.08923 58.118732 81.30424 0.88959044
car 441.37976 461.5158 45.340534 66.49388 0.98731637
car 272.2023 359.33356 124.124214 187.44662 0.9938424
--
car 467.97586 479.57376 36.221573 78.34259 0.7819418
car 107.207924 135.31071 56.830414 80.0833 0.9066502
car 440.72873 461.78845 46.29303 66.97507 0.986209
car 272.31262 359.19864 124.187416 187.00504 0.99367297
--
car 467.5714 479.3603 36.002544 78.00299 0.85177696
car 107.277565 134.73157 57.285477 79.57059 0.9303681
car 439.92294 461.83975 45.55204 68.06275 0.9896188
car 272.2493 359.2247 124.198746 187.06422 0.9930733
--
car 467.57983 479.35663 35.911266 77.978676 0.8548584
car 107.22818 134.75845 57.284904 79.57213 0.91919976
car 439.90494 461.85385 45.54274 68.11785 0.9901002
car 272.31543 359.2207 124.18407 187.16202 0.9928064
--
car 467.34766 479.47488 35.281063 79.26085 0.85647434
car 107.7068 134.21986 57.313866 79.43365 0.93387586
car 438.52667 461.52988 46.06326 68.45235 0.9851172
car 272.33276 359.32474 124.10085 186.73299 0.99371403
--
car 466.10507 479.47223 47.140617 79.07078 0.83947134
car 107.36318 134.03526 57.501514 79.23819 0.94077796
car 436.93976 460.38428 46.986027 69.07414 0.98354584
car 271.88864 359.38525 124.253784 187.40405 0.99209386
--
car 465.48642 479.83496 46.577663 78.68551 0.7815587
car 105.62271 132.71063 56.60357 79.32755 0.9303452
car 436.15634 459.7033 47.312645 69.29318 0.9857533
car 271.7344 359.47614 124.25535 187.3497 0.9922624
--
car 464.84967 479.83383 46.841805 79.40183 0.7576497
car 105.789665 132.31073 56.77424 78.977585 0.9725028
car 435.5264 459.23102 46.913063 70.330956 0.989852
car 272.01956 359.39258 124.2881 187.21085 0.9924012
--
car 464.12726 479.97607 44.391644 80.418175 0.77199346
car 105.52253 132.26923 56.222694 78.88159 0.983262
car 434.79242 458.9799 46.93251 70.51357 0.99234456
car 272.03464 359.3433 124.340065 187.32446 0.99240434
--
car 464.1216 480.00064 44.23028 80.47268 0.7480872
car 105.52968 132.28305 56.223312 78.8338 0.9839499
car 434.83182 458.98932 46.946426 70.5148 0.99237126
car 272.06512 359.331 124.51329 187.28635 0.992673
--
car 462.75626 480.2693 44.37614 80.80701 0.7637611
car 105.449295 131.77663 56.35434 78.64916 0.9794307
car 434.25726 458.48138 47.22118 70.58674 0.99198496
car 271.9847 359.3809 124.4713 186.9844 0.99260575
--
car 459.097 481.64737 41.347084 83.959145 0.7981193
car 105.09893 131.39935 56.074585 78.688095 0.9811932
car 433.89444 458.11844 47.538036 70.49074 0.9907991
car 271.93204 359.4797 124.50555 187.06737 0.99255526
--
car 458.84482 481.77658 40.003124 85.25852 0.84506255
car 104.81929 130.95164 55.888416 78.46686 0.9722721
car 433.03168 457.7037 47.801254 70.44763 0.98935056
car 271.91806 359.44946 124.532906 186.83887 0.9928529
--
car 458.8394 481.64395 39.892426 85.38205 0.84333676
car 104.69857 130.02995 56.33541 78.235176 0.9279522
car 432.18533 457.48926 47.809216 70.66185 0.9899911
car 271.9226 359.45004 124.54818 186.82553 0.99274105
--
car 458.56314 481.5861 40.209373 85.43864 0.7993132
car 104.652466 129.8381 56.270073 77.97314 0.9264079
car 431.59808 457.18713 47.770916 70.69383 0.99034905
car 271.8408 359.42563 124.43506 187.05206 0.99245936
--
car 458.54742 481.60184 40.185066 85.40263 0.8058954
car 104.76609 129.8766 56.16665 77.98246 0.9344303
car 431.60715 457.14224 47.7636 70.70489 0.9896935
car 271.7588 359.50287 124.46187 187.01382 0.99253136
--
car 457.80826 481.8056 40.796925 86.059975 0.5478486
car 104.35334 129.24742 56.09933 78.083305 0.943919
car 431.2267 457.0558 47.667675 70.75249 0.9831285
car 271.77914 359.4452 124.4274 187.03458 0.9930127
--
car 457.04193 481.75815 40.85075 86.77548 0.44383103
car 103.9531 129.02571 55.66017 77.78713 0.8338084
car 430.9635 457.17288 48.385677 70.351 0.9776637
car 271.59286 359.7132 123.83055 187.7417 0.9919851
--
car 456.19485 481.7227 40.969162 86.975365 0.5482741
car 102.91592 128.50183 55.77012 77.68381 0.7472107
car 430.91022 457.0448 48.319706 70.250565 0.95627314
car 271.61096 359.7141 123.90281 187.7721 0.99226147
--
car 455.55606 481.56268 41.115425 86.5932 0.48689413
car 104.34116 128.25398 56.414402 77.32172 0.64645725
car 431.122 453.79095 50.468647 71.17287 0.9630493
car 271.6301 359.60495 123.86658 187.78 0.9918807
--
car 454.4878 481.45724 41.485744 86.883385 0.45729303
car 104.49407 128.3691 56.36621 77.1186 0.6721362
car 430.45624 454.063 49.93377 71.56467 0.97725147
car 271.6318 359.61966 123.86063 187.82759 0.9917827
--
truck 454.50232 481.4653 41.64418 86.873024 0.45649076
car 104.53615 128.26617 56.34762 77.05464 0.5416867
car 430.4639 454.03903 49.944736 71.59026 0.975944
car 271.68863 359.49756 123.93325 187.78328 0.99129426
--
truck 453.41772 481.2228 43.334618 87.15601 0.490571
car 104.06248 127.90046 55.81352 76.725975 0.5302949
car 429.61835 454.20804 49.726948 72.09867 0.98348725
car 271.76575 359.43365 123.84157 187.83119 0.99136496
--
truck 452.87326 481.34576 43.490376 88.18701 0.48485672
car 104.6565 127.97161 56.169662 76.39324 0.50775665
car 429.056 454.5168 49.455116 72.40223 0.9825167
car 271.74182 359.4736 123.84209 187.73381 0.9917522
--
car 104.46784 127.49993 56.239937 76.12341 0.37249216
car 452.69888 479.62283 52.506344 88.88219 0.48565456
car 428.192 453.92065 49.414574 72.97662 0.98032755
car 271.6679 359.54446 123.82167 187.82854 0.991589
--
car 427.7774 453.2242 49.67797 73.13939 0.9774584
car 271.69458 359.51334 123.823586 187.7745 0.99144113
--
car 451.60968 480.21658 50.841324 90.76893 0.39949095
car 103.89772 127.116165 56.09272 76.00431 0.6534906
car 427.0733 452.02704 49.972095 73.27416 0.96846044
car 271.6864 359.5383 123.85498 187.79124 0.99163395
--
car 451.61493 480.2351 50.728973 90.80633 0.39097247
car 103.87652 127.07075 56.107895 75.996864 0.6415701
car 427.08743 452.02927 49.93141 73.25775 0.967594
car 271.83652 359.40533 123.79606 187.89168 0.99168533
--
bus 451.55466 478.17355 41.26827 90.3341 0.39899594
car 104.05054 127.15622 56.11049 75.83512 0.687943
car 426.7568 451.8418 50.540737 73.46201 0.97350913
car 271.85928 359.37552 123.80189 187.85327 0.99181324
--
truck 451.77716 481.84656 41.64753 91.704605 0.3587197
car 103.795654 126.44248 56.04938 75.53871 0.42515302
car 425.7406 451.13727 50.444912 73.7313 0.97259617
car 272.31607 358.98294 123.52667 187.26393 0.99114335
--
car 449.19794 477.6573 46.821644 95.27822 0.38713428
car 104.019424 126.26515 56.014233 75.59957 0.49355626
car 425.15234 450.49622 51.20875 73.89909 0.98149544
car 272.31506 358.99152 123.52291 187.38011 0.99151534
--
car 449.34427 477.49188 46.858707 94.2947 0.41531995
car 104.130775 125.82117 55.735744 75.5619 0.47333857
car 424.82898 450.05627 51.866787 74.35754 0.98660433
car 272.34848 358.9802 123.57583 187.31546 0.99097574
--
car 104.090355 125.54406 55.559303 75.44917 0.37744436
car 449.61066 478.4704 42.392014 92.51046 0.5334533
car 424.55627 450.13123 51.880215 74.50786 0.98621887
car 272.39612 358.9167 123.55391 187.3975 0.9910921
--
car 104.09465 125.54641 55.579594 75.429 0.37330967
car 449.59583 478.4989 42.336956 92.55894 0.5275346
car 424.53152 450.09247 51.96973 74.50685 0.98663247
car 272.35687 358.99146 123.56234 187.37045 0.99137217
--
bus 448.56235 477.5898 46.47431 94.52439 0.40135613
car 104.08678 125.51285 55.43638 75.39045 0.34598073
car 423.9416 449.9651 51.87966 75.26537 0.9877395
car 272.40567 358.9002 123.5215 187.42291 0.9916546
--
car 104.0769 125.23158 55.114132 75.247696 0.34101743
car 448.1115 478.79572 41.297157 92.99847 0.4682337
car 425.03238 449.1889 50.59744 76.7443 0.98617417
car 272.369 358.95276 123.49884 187.50272 0.991697
--
bus 447.04242 477.9235 46.70536 94.65825 0.570977
car 104.00186 124.98273 54.83525 74.915924 0.4040477
car 424.6058 448.56247 50.865177 77.10738 0.9858098
car 272.34247 358.94363 123.44045 187.53748 0.99169457
--
car 104.03826 124.79501 54.582256 74.76408 0.3358842
car 443.75485 477.89062 47.029568 95.92934 0.54616964
car 422.80856 449.5978 51.00588 76.795906 0.9885806
car 272.36224 358.9247 123.44732 187.59409 0.99165285
--
bus 445.95828 478.4701 45.677696 96.512375 0.70926684
car 422.2337 449.1859 50.760365 77.50989 0.98602134
car 272.4222 358.8696 123.489525 187.67372 0.9918079
--
bus 445.93738 478.49478 45.6637 96.53727 0.70573103
car 422.2577 449.20892 50.69751 77.53755 0.9859384
car 272.38092 358.9101 123.53926 187.7314 0.99184185
--
bus 445.49588 478.87756 45.38037 97.08161 0.7546668
car 422.19998 448.69122 50.510567 77.475525 0.9835613
car 272.4423 358.86487 123.528984 187.70485 0.9919367
--
bus 444.8789 479.2015 44.991074 98.57876 0.8150161
car 422.2333 448.1207 50.7412 77.72377 0.98225814
car 271.96542 359.12244 123.6146 188.74503 0.9891756
