--
--
--
--
--
--
--
--
--
--
--
--
--
--
--
--
car 301.8295 313.64255 3.720305 16.290907 0.39139247
car 278.56137 300.97052 17.761875 40.63471 0.59394974
--
car 301.96902 313.49237 3.8577776 16.364592 0.35179862
car 278.59592 301.13855 17.62658 40.698753 0.5027125
--
car 301.86853 313.46317 3.7870646 16.242228 0.40513802
car 277.61328 300.3437 18.364391 40.75164 0.48717147
--
--
--
--
--
--
--
--
--
--
--
--
car 301.40057 313.896 3.65568 15.644024 0.36100262
car 457.53137 480.4112 34.654266 54.400284 0.5470522
--
car 450.44934 478.90378 33.55028 54.995274 0.7665819
--
car 450.48474 478.9152 33.58292 54.946533 0.7856198
--
car 267.5422 290.7588 25.801678 48.272236 0.30265433
car 449.11728 478.2525 32.65304 54.42111 0.50679266
--
car 440.793 476.8519 28.342377 51.963646 0.39857763
--
car 440.67715 476.92816 28.274008 52.004078 0.38494012
--
--
car 264.6565 287.3217 27.447973 49.444263 0.3204209
--
car 264.65906 287.315 27.427513 49.403183 0.3300488
--
car 263.91867 287.32355 27.953829 50.513012 0.54848737
--
car 263.05322 287.25586 27.678709 51.75968 0.501703
--
car 262.93777 287.30234 27.780567 51.638783 0.4291733
--
--
--
--
--
car 420.34265 458.30246 24.787697 49.82173 0.4974545
--
car 420.27005 458.3129 24.76026 49.87393 0.5313816
--
car 418.10803 457.69156 24.318806 49.14112 0.6005146
--
car 254.89114 278.2025 32.20279 58.71058 0.31239685
car 301.4909 313.14563 4.6751113 15.658152 0.41752458
car 416.4738 454.90802 23.82162 48.69367 0.9208567
--
car 301.52673 313.1399 4.694436 15.6528015 0.40222126
car 416.48224 454.8847 23.797306 48.71313 0.9204816
--
car 301.60117 313.2056 4.955704 15.634535 0.30774117
car 413.16595 449.63898 24.269333 47.42519 0.9334845
--
car 301.67017 313.29745 4.836201 15.613805 0.30370638
car 252.59909 277.88046 33.13777 60.21025 0.46191046
car 409.8416 447.03897 23.631552 45.93957 0.90846914
--
car 252.57108 277.80692 33.142635 60.03632 0.4229474
car 409.9156 446.95197 23.615812 45.9012 0.8979952
--
car 301.64935 313.0956 4.8054166 15.582076 0.34123003
car 251.68906 277.60397 34.55067 61.85954 0.560725
car 408.6161 445.6053 23.88571 46.16256 0.8972087
--
car 301.47208 312.95493 4.6023293 15.728243 0.41923168
car 249.69733 276.40515 35.07287 63.34828 0.43077523
car 405.5359 439.9331 24.298792 44.13994 0.9466371
--
car 249.89436 276.60916 35.131203 63.312325 0.41199037
car 301.39777 312.94522 4.539328 15.741906 0.42000297
car 405.4878 439.91803 24.256493 44.21208 0.9427835
--
car 246.89687 278.297 34.84321 64.999664 0.34959194
car 301.21774 313.32776 4.2349653 15.992039 0.46432137
car 402.36453 437.59323 24.565264 45.868702 0.968345
--
car 315.6333 327.11963 3.293019 15.107937 0.31303018
car 301.1897 313.38904 3.9431088 15.995189 0.5571552
car 246.1942 274.46014 36.52648 63.709084 0.56749195
car 400.66107 433.98303 24.382208 45.43189 0.97256964
--
car 315.52618 327.16696 3.2176335 15.150935 0.30842063
car 301.1876 313.4983 3.9145734 15.993755 0.5549799
car 246.19861 274.34146 36.55868 63.676373 0.59573025
car 400.6424 433.99393 24.377535 45.51198 0.9751346
--
car 315.25256 327.58353 2.9570167 15.239276 0.36645377
car 242.84618 272.69827 38.830254 70.35187 0.4165061
car 301.10376 313.58405 3.6981688 16.034294 0.6079865
car 398.63434 430.23325 24.293194 44.652668 0.9785065
--
car 315.3092 327.4221 2.9877334 15.003194 0.36950165
car 301.09412 313.62238 3.795258 15.830932 0.62853336
car 242.49376 272.443 39.48538 70.94537 0.7242177
car 394.66605 429.13898 24.063946 45.060345 0.98038524
--
car 315.32516 327.43576 3.014526 15.028302 0.3600974
car 301.08536 313.6175 3.8242588 15.838623 0.6178431
car 242.52008 272.4197 39.47977 70.95111 0.7307376
car 394.65387 429.1468 24.055593 45.08921 0.98106617
--
car 315.0994 327.67667 2.7591221 15.022393 0.43025684
car 301.00217 313.69382 3.6056714 15.90499 0.7086693
car 240.26962 271.81665 40.462418 71.872185 0.8227234
car 391.98755 426.18146 23.036655 45.160534 0.9878748
--
car 315.2836 327.5055 2.9318328 15.037079 0.40787634
car 237.95085 269.88626 40.533264 75.248116 0.5551064
car 301.00577 313.59015 3.6971 15.878334 0.6828942
car 390.03076 424.1742 22.7183 44.9246 0.9833949
--
car 315.3609 327.4712 2.9546585 15.05501 0.40125254
car 237.93462 269.8852 40.533024 75.11867 0.55272543
car 301.01642 313.63437 3.710191 15.889633 0.679527
car 390.05936 424.1195 22.663298 44.976864 0.9832736
--
car 315.01898 327.61868 2.6613622 14.89303 0.5024434
car 301.04083 313.54025 3.4249086 15.942687 0.7845332
car 235.50327 268.5055 41.257015 76.59808 0.8660427
car 387.0011 420.80798 22.680899 44.36497 0.99227566
--
car 315.32483 327.4101 2.827022 14.998926 0.4581888
car 20.327833 44.296352 104.658165 133.74693 0.46162182
car 234.14276 266.58575 42.058674 76.48525 0.64342797
car 301.0645 313.5696 3.5622962 15.977332 0.74678284
car 385.18616 417.26297 21.743975 44.69496 0.99197865
--
car 315.36005 327.3899 2.8607993 14.9928 0.45181465
car 20.31562 44.309437 104.5309 133.83804 0.49036133
car 234.21132 266.48468 42.0801 76.445015 0.6186735
car 301.07657 313.55322 3.6596904 15.971848 0.737921
car 385.12012 417.2429 21.71703 44.743877 0.99164784
--
car 22.739403 48.775635 105.3754 131.95323 0.31727386
car 315.34714 327.362 2.7655358 15.022689 0.44819495
car 231.91151 262.9194 40.397026 78.427536 0.49651578
car 301.0285 313.69415 3.404312 16.008602 0.7658428
car 381.83856 414.89807 19.445412 43.211205 0.9931716
--
car 315.1338 327.33987 2.7506475 15.082136 0.43061414
car 227.87985 263.3712 45.76652 82.95718 0.7453056
car 300.97205 313.81726 3.2483408 16.10605 0.769534
car 377.70874 413.00638 18.748402 44.064297 0.98539203
--
car 315.08728 327.3157 2.698161 15.08304 0.44288784
car 227.81659 263.4861 45.92084 83.13659 0.77607983
car 300.97162 313.8508 3.175883 16.13618 0.779807
car 377.6218 413.13812 18.760042 44.001904 0.985989
--
car 315.0391 327.35104 2.636032 15.203791 0.46037957
car 225.14503 263.4238 47.860672 85.45078 0.65019375
car 300.94092 313.79993 3.0157135 16.180292 0.7930948
car 374.63205 410.02307 18.304602 43.679447 0.9896842
--
car 223.68683 259.49585 44.092983 87.563484 0.3016653
car 314.74347 327.74512 2.7976365 15.241356 0.42921323
car 301.1938 313.6104 3.238416 16.122885 0.707458
car 373.13983 407.5334 18.72685 42.810463 0.98900485
--
car 223.67667 259.54056 44.10477 87.54538 0.32477137
car 314.79715 327.70413 2.8143287 15.27708 0.41290763
car 301.16727 313.6648 3.2938437 16.161928 0.69412947
car 373.15012 407.55505 18.73181 42.791103 0.9891809
--
car 35.002464 66.29777 103.99251 131.6271 0.4001535
car 314.6594 327.77994 2.4474936 15.348984 0.4672474
car 218.43387 257.59122 49.94496 90.953835 0.7510111
car 301.18475 313.9081 2.907229 16.335926 0.7591361
car 370.88147 406.19553 18.394617 43.4288 0.9912146
--
car 314.86487 327.80396 2.6761231 15.518339 0.40082094
car 39.60077 73.151405 103.58636 132.2148 0.60361814
car 301.02454 313.7341 3.0953236 16.26409 0.677029
car 365.08194 403.5344 17.051208 43.567543 0.99060863
--
car 314.93405 327.75137 2.7211487 15.477376 0.3822034
car 39.59118 73.11447 103.641754 132.19073 0.6015961
car 301.0504 313.73294 3.1567106 16.269478 0.6495514
car 365.00766 403.5553 16.960297 43.654278 0.9901926
--
car 313.74857 328.32684 2.0435717 15.588084 0.44930714
car 301.01285 314.0812 2.5293567 16.556671 0.75473714
car 42.55079 77.914894 102.192375 132.97852 0.8621823
car 214.45918 254.08588 54.647648 93.452515 0.8958889
car 361.39426 399.88583 16.80492 44.734783 0.9926782
--
car 313.9082 328.1466 2.0817442 15.451778 0.43753546
car 300.99878 314.1377 2.616829 16.496666 0.75777817
car 47.72461 83.767105 102.02118 132.33063 0.82735956
car 209.55939 248.4405 55.98414 98.446075 0.95922375
car 360.76794 397.9662 17.575365 44.164925 0.9864289
--
car 313.91644 328.1419 2.1256266 15.445533 0.43206212
car 301.02002 314.12137 2.6723707 16.46208 0.7513651
car 47.747425 83.794426 102.00497 132.46053 0.8127104
car 209.52933 248.42299 55.891636 98.5134 0.9584214
car 360.76126 397.96777 17.555857 44.22161 0.98585004
--
car 314.1924 327.7948 2.2377355 15.375251 0.437832
car 301.15802 314.15445 2.706831 16.463139 0.77389556
car 51.70247 90.32958 101.11388 134.15083 0.87682015
car 208.30974 248.71393 56.641468 98.71639 0.9310383
car 356.61264 395.4754 16.495827 42.43477 0.98712575
--
car 314.46252 327.5365 2.330438 15.268987 0.43877396
car 201.99448 248.09198 57.928 103.33602 0.7581223
car 301.10278 314.11722 2.730714 16.465748 0.79326856
car 56.856125 96.363 100.82119 135.7353 0.9182141
car 353.36636 391.35785 16.592346 43.283314 0.98447376
--
car 314.42538 327.55515 2.3184223 15.270933 0.43619043
car 201.90068 248.14368 57.88827 103.28073 0.7387763
car 301.09256 314.11893 2.7362998 16.454327 0.7920133
car 56.804615 96.29042 100.83522 135.71844 0.92047906
car 353.35187 391.31885 16.59931 43.219246 0.9845071
--
car 59.10415 67.62419 60.242775 70.227234 0.3166263
car 314.53754 327.42862 2.4326012 15.381015 0.433521
car 200.7571 244.6123 61.590515 106.924225 0.7030797
car 301.08148 313.97528 2.7473893 16.518353 0.7846326
car 63.48762 104.26824 99.591255 135.8132 0.94846416
car 351.6769 389.19778 16.722654 42.824375 0.9825098
--
car 314.1878 327.7375 2.3453243 15.810815 0.46728045
car 300.85208 313.7681 2.2196467 16.621233 0.81540656
car 198.72107 241.2214 65.70389 107.70732 0.85496825
car 68.37675 112.64943 100.97573 136.38556 0.96223265
car 348.3768 385.86707 16.002167 43.994858 0.9884172
--
car 314.20575 327.72574 2.3418937 15.799225 0.4714251
car 300.86246 313.75143 2.2283893 16.614136 0.8181842
car 198.71748 241.22806 65.68282 107.759056 0.8563472
car 68.40531 112.57942 100.95274 136.44576 0.96242493
car 348.40775 385.8607 16.008442 43.99857 0.988577
--
car 314.34927 327.54715 2.445478 15.543935 0.44390726
car 300.8953 313.78336 2.4806912 16.412088 0.7935328
car 73.97599 125.73103 100.548096 143.92079 0.9268299
car 194.06802 239.34236 68.71076 110.76038 0.93862873
car 346.1212 382.99536 16.037611 43.28094 0.9853178
--
car 314.3429 327.39386 2.4584155 15.442105 0.3907423
car 300.92578 314.02026 2.5502543 16.423162 0.7761497
car 82.85501 133.83679 99.57242 144.91669 0.9373169
car 188.62457 234.64742 70.7402 115.8731 0.9480035
car 343.96024 381.8534 16.267767 42.13776 0.987438
--
car 314.32635 327.4486 2.425444 15.43485 0.39613268
car 300.90594 314.0422 2.5437956 16.42576 0.77487075
car 82.91789 133.969 99.59323 144.81622 0.9225495
car 188.4519 234.55623 70.82684 115.903404 0.9474473
car 343.80353 381.81635 16.23835 42.384727 0.98764676
--
car 314.458 327.27872 2.386934 15.358247 0.41806835
car 300.9742 313.92297 2.6597273 16.45567 0.79544264
car 184.1503 231.91899 74.481735 121.115204 0.9581793
car 91.06582 145.62885 98.17308 144.21107 0.9772492
car 338.42474 377.51593 15.864317 43.185436 0.98796964
--
car 314.08347 327.42603 2.2141402 15.327993 0.39549124
car 300.90573 313.95786 2.638186 16.327593 0.77820903
car 101.267555 154.06293 96.356865 147.16835 0.87568367
car 179.80124 225.21538 79.1136 126.7232 0.9053829
car 336.34424 375.82886 15.607601 42.558884 0.9873723
--
car 314.09692 327.4132 2.2412298 15.323063 0.39392212
car 300.90167 313.9693 2.654863 16.322502 0.7758683
car 101.362564 154.03438 96.30571 147.20186 0.86084276
car 179.93544 225.06862 79.21049 126.63612 0.8907611
car 336.33542 375.86633 15.625634 42.50152 0.98705083
--
car 314.41745 327.38742 2.1841068 15.199826 0.39509493
car 300.94266 313.9631 2.778875 16.280317 0.7820211
car 176.87183 227.06073 80.06965 134.1232 0.9578739
car 334.2556 371.3358 16.106628 40.594585 0.985053
car 105.54428 167.97827 98.27911 144.8346 0.99214345
--
car 314.13907 327.47726 2.036767 15.548167 0.38566998
car 301.02863 313.94116 2.639757 16.348166 0.7800813
car 169.60442 222.01038 83.550575 135.57436 0.8750539
car 329.77512 368.1928 15.406461 41.75192 0.9785528
car 111.91646 179.45 99.9793 145.87625 0.9971578
--
car 314.24905 327.4578 2.0541496 15.525292 0.38619447
car 301.0246 313.9428 2.7272346 16.34915 0.77581614
car 168.83923 222.00381 83.65956 135.41667 0.87765855
car 329.7961 368.209 15.467455 41.732838 0.9778661
car 111.95444 179.5802 100.07296 145.79343 0.99741644
--
car 169.34598 221.73483 83.819305 141.35944 0.44897592
car 313.69922 327.89493 1.8974028 15.53278 0.4502379
car 301.0915 314.1548 2.4856915 16.182455 0.78895795
car 122.07404 198.28242 93.95164 150.33835 0.9183289
car 326.22586 365.44556 15.454168 41.505108 0.9822213
--
car 314.31732 327.2581 2.0924826 14.99339 0.40407816
car 122.84248 219.6784 92.968735 159.34825 0.7438634
car 301.1641 314.34866 2.5482762 16.089958 0.7790795
car 324.74203 363.6103 15.480302 40.290863 0.9733992
--
car 314.33276 327.23334 2.106442 14.98807 0.40838218
car 122.91584 219.70459 92.88596 159.46361 0.749441
car 301.1684 314.30597 2.5806558 16.104042 0.7850591
car 324.78027 363.86414 15.518492 40.222607 0.97519845
--
car 314.44525 327.19653 1.965793 15.071842 0.4649211
car 184.28664 225.02766 88.03067 143.58632 0.7361911
car 300.97922 314.33304 2.5354714 16.330172 0.8137522
car 129.59637 211.42128 101.71153 162.11781 0.91718125
car 321.59988 358.2184 15.571261 40.37953 0.9627992
--
car 314.21777 327.6175 1.6993833 15.231822 0.49123368
car 184.06042 232.62177 92.81396 147.56018 0.6157097
car 300.86267 314.26614 2.4241369 16.363813 0.8254936
car 138.54013 211.86809 103.43436 166.08678 0.8940874
car 317.99786 355.73315 15.061778 41.148712 0.98189056
--
car 314.19122 327.64615 1.6484689 15.255627 0.4791619
car 183.86147 232.68549 92.75987 147.89493 0.58776563
car 300.8352 314.2572 2.380237 16.342241 0.8250592
car 138.55396 211.9592 103.27829 166.04106 0.89445
car 317.8338 355.71255 14.948378 41.24754 0.9809149
--
truck 184.69048 242.71646 90.699104 154.38403 0.3533099
car 314.408 328.4241 1.4618636 14.712086 0.51424485
car 300.79782 314.2171 2.081787 16.121128 0.81495756
car 145.34741 217.26767 103.45141 175.5614 0.88847816
car 315.6756 352.63068 14.219393 40.98808 0.96790504
--
truck 151.26598 256.18765 100.04955 179.45284 0.7851881
car 314.6729 328.11823 1.4554404 14.903889 0.52865785
car 300.99268 314.24985 2.0687294 16.397358 0.86739707
car 311.58224 349.4602 14.437712 40.362797 0.9708403
--
car 314.69028 328.09073 1.4648683 14.864763 0.53268164
car 151.67719 243.10109 100.937546 179.07959 0.7799249
car 300.98627 314.2722 2.0411766 16.364157 0.8664233
car 311.545 349.47205 14.418614 40.3552 0.9699657
--
truck 161.10378 260.10947 100.62204 189.64505 0.72715276
car 314.75812 327.879 1.5858514 14.752506 0.39856726
car 300.52258 314.8772 1.9143281 16.057903 0.7770969
car 307.8584 346.0508 14.288774 41.377438 0.92543167
--
car 299.88217 314.92322 2.129682 16.186445 0.43091735
car 166.43294 249.76352 105.88127 200.0203 0.78818405
car 306.01285 343.29993 13.11781 41.416134 0.8389836
--
car 299.89377 314.9301 2.1606038 16.18093 0.42671406
car 166.26846 249.05391 106.094025 200.16393 0.820824
car 305.9932 343.32587 13.168728 41.398964 0.84626794
--
car 300.29135 314.88754 2.364771 16.255497 0.43631086
car 166.91805 250.38751 116.572075 210.56543 0.67376137
car 303.60513 339.93958 13.717118 41.07605 0.88016844
--
truck 169.64532 282.76495 116.32263 219.62614 0.73582166
car 300.1826 314.89694 2.6947343 15.71665 0.36424524
car 299.30695 337.05225 14.2597065 41.168766 0.8915812
--
truck 169.38263 282.91843 116.2452 219.48947 0.759207
car 300.2003 314.87015 2.7269905 15.731842 0.36852562
car 299.33163 337.04056 14.251374 41.16374 0.8931714
--
truck 175.28818 281.35034 120.614204 224.85645 0.7215512
car 299.68405 315.41458 1.6349264 14.741542 0.44944748
car 296.62 334.6162 14.030558 40.12967 0.9386455
--
truck 183.34393 285.78738 128.12265 238.51266 0.7892385
car 299.94608 315.94193 1.9466648 15.306648 0.31666687
car 293.92798 330.1987 14.161652 39.789032 0.8809674
--
truck 183.3624 284.31506 129.2095 238.7128 0.77975094
car 299.98434 315.9674 1.9172739 15.283454 0.30563658
car 293.98007 330.09836 14.199215 39.761612 0.8781818
--
car 299.892 315.77295 1.9878561 14.927686 0.37848863
car 187.95224 262.9866 108.7933 155.0632 0.64270335
car 187.36392 301.73727 133.40126 245.08011 0.86695474
car 289.5402 326.84763 14.756661 39.60132 0.91935223
--
car 299.7254 316.01807 1.8308504 15.914445 0.5167187
car 187.81123 265.9926 111.50018 166.98495 0.67784774
car 287.33072 324.17755 14.553412 40.214737 0.8419499
car 194.74179 313.24 147.639 256.6956 0.93872154
--
car 299.7558 316.0608 1.7963638 16.006079 0.5102089
car 187.78256 266.58707 111.26242 166.77818 0.7593052
car 287.45306 324.0725 14.725447 40.09579 0.8261983
car 194.91245 312.86957 148.05397 256.31857 0.94034
--
car 299.86508 316.10803 1.9668324 15.282576 0.46851817
car 191.32364 276.71686 113.6916 176.24847 0.6848348
car 284.59012 320.28082 14.783623 40.40072 0.8529625
car 202.5893 322.14886 156.4712 266.57187 0.9479511
--
car 312.26465 329.00336 1.4808576 13.880289 0.42868614
car 299.0783 316.1656 2.4424565 14.406209 0.6774014
car 279.35086 318.40668 13.910081 39.77121 0.9082601
car 200.06274 276.6305 112.803894 182.16637 0.9375755
car 212.1026 338.16098 151.8486 275.83258 0.97782964
--
car 311.8337 329.2762 1.4795098 13.931592 0.4312657
car 299.03983 316.21475 2.407441 14.352318 0.6557966
car 200.75386 275.60873 113.12372 182.86194 0.89847165
car 279.3682 318.32715 13.899996 39.765343 0.9092827
car 212.24281 337.68848 152.24141 275.59546 0.9808177
--
car 312.48865 328.81915 2.0246131 14.174843 0.33261693
car 299.66742 316.59866 2.7208402 14.201725 0.55249333
car 207.74698 281.21976 114.854034 185.21635 0.6665957
car 275.0196 313.7618 13.802176 38.20247 0.88319635
car 220.67773 350.03064 158.59276 283.77777 0.98174787
--
car 221.24043 286.77338 116.963776 190.49515 0.47748023
car 312.99454 328.83786 1.5602893 14.233574 0.5141381
car 300.37903 314.57678 3.125202 14.98493 0.62777466
car 236.30014 366.43237 167.65974 312.6577 0.8855759
car 272.99664 313.07047 13.1780405 39.64032 0.95015013
--
car 312.96912 328.86316 1.5518658 14.2357025 0.5146552
car 221.04701 286.49887 117.0078 190.62283 0.5585086
car 300.3724 314.59433 3.1145563 14.98765 0.6286347
car 236.67009 366.22104 167.17535 312.91565 0.896511
car 272.99338 313.0501 13.158676 39.656353 0.9494568
--
car 232.28769 281.64972 120.13112 191.32494 0.5704796
car 313.8732 328.10294 2.0025883 14.103755 0.609205
car 246.34702 382.11484 172.41658 314.0849 0.7145617
car 300.68964 313.72327 3.1397839 15.69592 0.7758179
car 268.62497 308.4064 13.147475 40.242935 0.97466373
--
car 242.40211 295.27432 119.73841 190.10442 0.54339683
car 313.95734 327.94797 2.0936506 14.107737 0.56251097
car 301.0244 313.9465 2.8853548 15.413419 0.7404431
car 256.78064 398.55875 181.71223 323.89572 0.8340094
car 266.67636 304.1499 13.492905 39.324726 0.9551938
--
car 313.96582 327.91354 2.0418813 14.075206 0.5468361
car 242.10217 295.62698 118.72911 190.44603 0.66901624
car 301.0138 314.08743 2.6614118 15.365364 0.71958375
car 257.28583 398.1402 181.36784 324.04205 0.82084215
car 266.68076 304.1712 13.406919 39.56541 0.9532096
--
truck 251.58548 305.25943 118.196465 195.27278 0.7614858
car 313.66187 328.4558 1.7493676 14.298125 0.5385288
car 300.78983 313.96854 2.3211212 15.596823 0.7243882
car 271.17108 413.0841 187.99684 331.64703 0.8650933
car 263.3039 304.07208 13.189459 41.319897 0.9436013
--
car 313.7984 328.31506 1.9937422 14.269972 0.5657049
car 253.57884 314.13773 124.86492 201.02106 0.6257949
car 301.07205 313.9526 3.0167496 15.543594 0.80009526
car 284.08154 427.65512 189.13713 340.6371 0.83115596
car 260.8925 298.9945 14.072659 39.788174 0.98110515
--
car 313.7716 328.38684 2.0081477 14.244596 0.56868035
car 253.55098 314.07523 124.45302 201.49217 0.6702027
car 301.08685 313.85703 3.162869 15.601837 0.7985603
car 283.98074 427.6427 189.08328 340.68353 0.8515269
car 261.04108 298.9649 14.1484785 39.700123 0.9812785
--
bus 304.01526 444.55627 194.80092 342.02982 0.36539257
car 313.5726 328.68173 1.7253544 14.221273 0.5836424
car 251.42552 324.59253 120.64694 208.5619 0.7584551
car 301.0771 313.9961 2.9719386 15.529468 0.81555384
car 258.02942 298.49377 11.633427 39.342052 0.9663774
--
truck 313.79236 465.73758 218.04767 348.02606 0.78750086
car 314.01907 328.11847 2.1753023 14.124661 0.60160387
car 301.37564 313.90063 3.3965852 15.739782 0.79784167
car 254.74332 293.87598 13.766239 39.621727 0.9689121
car 251.61317 332.8803 126.4061 202.88454 0.98777175
--
truck 312.89294 465.75278 218.03857 347.84497 0.8177539
car 314.13623 328.2241 2.1921787 14.107026 0.601934
car 301.31995 313.77835 3.3693166 15.770485 0.82601327
car 254.58075 293.82483 13.7170105 39.69945 0.9740793
car 251.79085 332.53024 126.14899 202.88013 0.9818664
--
truck 326.96805 470.74103 221.3965 350.81232 0.7026708
car 313.90433 328.3887 2.2584958 14.155865 0.5864213
car 301.07147 313.69586 3.4055767 15.775694 0.8036972
car 253.11565 289.2072 14.063151 39.631153 0.971235
car 254.33206 341.6942 124.25609 204.23373 0.9763913
--
car 314.04352 328.1598 2.3270805 14.392581 0.5597727
car 301.11758 313.944 3.110287 15.7389345 0.7849768
car 345.76453 474.35297 227.38835 352.89728 0.7923055
car 250.33281 287.1044 12.9883795 37.773735 0.9711308
car 248.199 353.32593 118.95027 199.01523 0.9757216
--
car 314.01108 328.17612 2.293388 14.398264 0.5616635
car 301.10724 313.96796 3.055645 15.736756 0.78543097
car 345.48886 474.46835 227.195 352.9934 0.79591405
car 250.32214 287.15134 13.069887 37.737736 0.9734341
car 248.61096 352.95975 119.00196 199.03488 0.97783965
--
car 314.1262 328.11847 2.3912134 14.441215 0.54425395
car 360.55875 476.24725 236.14378 350.8895 0.7319399
car 300.8604 313.85965 3.1492426 15.705227 0.7812483
car 248.05716 284.3704 13.928958 36.362633 0.97717464
car 247.83365 356.69574 119.135315 197.90407 0.98197436
--
truck 372.93768 479.7264 244.12042 353.75092 0.8019741
car 314.4278 327.94916 2.5977213 14.637925 0.53253514
car 300.90085 313.87772 3.2859561 15.734653 0.75996554
car 245.85497 280.21127 13.979372 36.338997 0.9779319
car 246.631 358.13257 124.22354 206.06038 0.9883179
--
truck 373.33282 479.35117 244.84465 353.63275 0.7751241
car 398.1901 476.48355 66.21928 238.76686 0.32854226
car 314.4611 327.90594 2.6050324 14.619757 0.54943174
car 300.9501 313.8445 3.3013968 15.769525 0.7731164
car 245.81076 280.1851 14.041865 36.335846 0.9788231
car 246.79393 358.93692 125.38314 206.69905 0.9876667
--
truck 386.36453 481.77448 248.2681 355.95172 0.72625315
car 470.24567 479.59747 190.49405 253.82207 0.41269782
car 314.4524 327.89996 2.5791345 14.485867 0.5681916
car 300.97498 313.5948 3.3447764 15.676892 0.78514475
car 242.13853 277.73553 13.289079 35.808735 0.9808359
car 247.29063 363.80518 127.478546 204.673 0.9894295
--
car 314.69412 327.76974 2.9668646 14.612948 0.53240687
car 401.50397 481.4477 250.55605 356.14505 0.5777249
car 301.20407 313.5679 3.9573855 15.736209 0.7362843
car 240.3653 274.81213 14.10692 35.690346 0.9614117
car 246.75613 372.56018 130.16943 206.1163 0.9931702
--
car 314.82965 327.65717 3.0548625 14.594704 0.5239897
car 401.36478 481.62534 250.9918 355.92215 0.55947465
car 301.22427 313.498 4.025598 15.717536 0.7253987
car 240.45888 274.63202 14.059253 35.764503 0.9569351
car 246.42638 372.13177 130.7112 205.95175 0.9914657
--
truck 414.17615 479.23056 253.58505 356.34238 0.4860626
car 314.6614 327.8059 2.838056 14.5424 0.54863906
car 301.12497 313.46384 3.7800868 15.719946 0.7329017
car 238.24048 271.3946 14.684023 35.2712 0.98280287
car 252.4463 376.19647 131.06696 207.67035 0.9897124
--
truck 424.2791 479.16086 253.74757 357.27658 0.62561214
car 314.6013 327.9209 2.8530173 14.646974 0.52553105
car 301.09024 313.582 3.8432822 15.704729 0.713466
car 234.6855 269.32196 14.353328 35.467827 0.9766649
car 252.00145 380.07187 133.28503 207.81502 0.9939242
--
truck 424.22214 479.1096 253.6749 357.2544 0.63410145
car 314.57675 327.93536 2.8609421 14.622069 0.52675945
car 301.14133 313.5003 3.9580312 15.755891 0.71623766
car 234.7639 269.22485 14.270492 35.51008 0.97680855
car 251.48232 380.8185 133.11081 207.50664 0.9944201
--
car 314.69916 327.8743 2.9881759 14.752056 0.4753768
car 301.17953 313.49384 4.02985 15.745699 0.6698686
car 232.67937 267.0453 13.282623 35.567085 0.946411
car 256.2761 382.69733 134.54149 210.30077 0.98671466
--
car 314.5567 328.1429 3.0487483 14.915759 0.41861334
car 301.09103 313.36237 3.9654226 15.539402 0.5861637
car 229.04169 265.04794 14.588444 35.33708 0.92776716
car 261.7775 386.15463 136.81265 211.6656 0.9880913
--
car 314.6762 328.06833 3.113236 14.88875 0.4194943
car 301.10788 313.3241 4.0095725 15.536622 0.588043
car 229.05797 265.04242 14.59917 35.346195 0.92261153
car 261.59558 386.0142 136.74283 211.83485 0.98976
--
car 314.78836 327.94357 3.1171246 14.90742 0.39486805
car 301.08188 313.44046 3.957942 15.550702 0.58592665
car 228.54938 260.64398 14.442792 35.084637 0.9051188
car 267.9578 389.00665 139.24667 213.39568 0.99216294
--
car 314.14688 328.53815 2.7379909 14.914435 0.4508502
car 300.95465 313.5707 3.626557 15.499953 0.6289274
car 224.08713 259.64194 14.980443 34.964005 0.95176446
car 273.04135 395.42624 138.483 214.84567 0.97808665
--
car 314.20328 328.47424 2.7136412 14.916427 0.4599759
car 300.9677 313.5965 3.703965 15.567171 0.6483992
car 224.16666 259.51028 14.896012 34.843975 0.95973957
car 273.26987 395.43942 138.59798 215.49504 0.97262657
--
car 314.39993 328.33478 2.606554 15.053426 0.42965442
car 300.83862 313.9194 3.3823621 15.66899 0.66324496
car 222.37177 255.71814 14.966088 35.5766 0.8959114
car 273.0309 397.05478 138.50827 215.59395 0.9945318
--
car 427.6998 455.76517 26.15811 48.0229 0.3647883
car 314.57678 328.2363 2.70297 14.980655 0.43821388
car 300.90097 313.80298 3.6317265 15.667376 0.66180414
car 220.31795 253.7443 15.884442 35.79985 0.7924794
car 275.22482 401.54987 140.18137 221.08443 0.99468225
--
car 427.7282 455.75455 26.153006 48.023193 0.368062
car 314.61606 328.204 2.737423 14.995743 0.43249276
car 300.90295 313.78998 3.666681 15.682375 0.6559911
car 220.3267 253.78111 15.850644 35.799664 0.7885056
car 275.31024 401.06134 140.27809 221.01048 0.9946148
--
car 314.59164 328.2396 2.8092659 14.830757 0.457939
car 300.85733 313.69647 3.7063046 15.618532 0.67185056
car 218.74239 251.27135 16.393925 35.697983 0.8173191
car 279.95694 407.28052 141.32037 223.71767 0.9963591
--
car 424.3307 455.03235 24.7833 47.64942 0.46403754
car 314.8297 328.015 2.963841 14.716909 0.48153517
car 300.9884 313.50012 3.8068237 15.561316 0.68234056
car 216.02115 248.98584 16.614565 35.32299 0.9350794
car 283.4438 410.12244 142.30719 223.97278 0.9973361
--
car 424.35217 455.0993 24.725073 47.67486 0.44819182
car 314.93036 327.98047 3.0139594 14.709506 0.49595234
car 300.99463 313.43814 3.8197498 15.5936365 0.6911864
car 215.98102 249.0872 16.631266 35.329506 0.9235389
car 284.0457 409.45523 142.63393 224.47795 0.99726486
--
car 315.1975 327.75934 3.182404 14.74086 0.49164593
car 301.01984 313.37375 3.8698282 15.623509 0.7003261
car 215.97717 247.2789 15.732079 35.950672 0.842521
car 285.8944 413.62833 143.47615 222.5512 0.9953284
--
car 315.4551 327.36566 3.3490794 15.073535 0.4062161
car 301.17972 313.2909 4.0345817 15.658313 0.596395
car 213.03296 244.76166 16.15829 36.739376 0.7983266
car 288.01627 418.05914 143.40286 221.86215 0.9964968
--
car 315.44083 327.38034 3.3635423 15.061302 0.4083695
car 301.17712 313.254 4.032984 15.645776 0.594756
car 213.00485 244.76048 16.143888 36.76497 0.78913563
car 287.60034 418.37262 143.4448 221.22006 0.99666536
--
car 315.61914 327.21344 3.5234303 15.007673 0.39148158
car 301.24808 313.18008 4.136778 15.623965 0.57884145
car 211.08864 242.5845 16.253815 36.513294 0.78314275
car 289.08008 422.512 143.68463 225.74069 0.9955247
--
car 315.7487 327.1457 3.602253 14.906136 0.42181006
car 301.17987 313.1541 4.1357784 15.62319 0.60927874
car 210.33542 240.48723 15.894269 35.92501 0.8527403
car 292.90033 431.39322 143.46082 227.14095 0.9981656
--
car 315.5159 327.33157 3.4628887 14.733475 0.4442033
car 301.30096 313.035 4.1743 15.571208 0.61521804
car 210.2089 240.64516 15.816365 35.86982 0.87852347
car 292.5236 432.13684 143.27785 226.6695 0.9986854
--
car 315.35736 327.48254 3.3394635 14.734506 0.50280595
car 301.25995 312.96655 4.0608864 15.601294 0.67335075
car 207.17082 238.56151 16.390148 36.634026 0.83334327
car 295.1702 433.7036 143.25107 228.74698 0.9981722
--
car 315.84213 327.07108 3.711523 14.778725 0.3298324
car 202.17566 236.28523 16.821787 37.17772 0.38814768
car 301.448 313.1181 4.212918 15.459635 0.49478328
car 297.84442 435.48526 145.6719 229.42383 0.9971018
--
car 315.8531 327.06076 3.644527 14.707134 0.35615078
car 202.14764 236.3756 17.009386 37.082577 0.40437713
car 301.33084 313.16745 4.0493236 15.393074 0.53300345
car 298.18054 435.29764 145.20943 229.0724 0.99707204
--
truck 202.39154 234.86769 16.68746 36.89352 0.53539747
car 315.92987 327.1647 3.6085947 14.759731 0.41466492
car 301.28207 312.97147 4.0008225 15.506535 0.5994934
car 306.06534 438.3765 144.25795 231.46794 0.99611264
--
truck 201.78181 233.55504 16.890848 36.919434 0.4629841
car 316.19623 326.81348 3.8817067 14.845949 0.31223515
car 405.1625 433.3042 19.34304 42.17412 0.36231908
car 301.44217 313.12256 4.210321 15.513257 0.499764
car 307.64523 440.3381 144.00827 231.15208 0.99620193
--
truck 201.82797 233.6636 16.870852 36.862568 0.4906315
car 316.18198 326.84225 3.8402276 14.841968 0.318595
car 405.183 433.4044 19.456429 42.100113 0.43222144
car 301.4601 313.13373 4.23016 15.561354 0.5088439
car 308.00873 440.17786 144.28636 231.006 0.99603665
--
car 315.98972 327.04504 3.6814747 14.854149 0.34964812
car 301.3843 313.12628 4.1381555 15.56837 0.5434308
car 404.56238 431.26727 20.099874 41.370995 0.597478
car 311.9907 441.74713 144.2657 233.3922 0.9946409
--
car 316.19556 326.8265 4.076026 14.861571 0.32286114
car 401.04605 427.69852 20.841393 41.117138 0.45907277
car 301.35184 312.72235 4.3406606 15.684126 0.5538835
car 316.30734 445.67136 143.9991 229.80392 0.99153596
--
car 316.21634 326.83353 4.1285715 14.913095 0.30276197
car 401.05707 427.69623 20.84022 41.14035 0.47844014
car 301.3186 312.72012 4.3373256 15.678791 0.5346088
car 316.21692 445.46585 144.52805 229.66934 0.9925229
--
car 301.45093 313.05347 4.6057568 15.614567 0.30940375
car 399.4535 426.93173 20.650879 40.782394 0.34086648
car 321.38605 444.80133 146.41942 231.14676 0.97941864
--
car 397.27386 425.23074 20.287567 40.734337 0.5053019
car 324.79245 446.38135 149.68057 233.49709 0.98546416
--
car 397.20374 425.2203 20.368538 40.718964 0.5437489
car 324.89215 446.84668 149.75665 233.77966 0.98865527
--
car 395.60443 424.04922 19.879547 40.365047 0.74019706
car 325.85867 446.06467 151.68866 232.96028 0.98974305
--
car 301.40027 313.1544 4.314926 15.658733 0.3335061
car 394.29517 420.9028 18.58426 39.707367 0.50465965
car 329.87027 446.6906 152.96408 233.68561 0.9907051
--
car 301.39743 313.12683 4.3441334 15.668795 0.33655497
car 394.35034 420.78934 18.510132 39.648434 0.50039595
car 329.366 446.8507 152.82999 233.82626 0.9906716
--
car 301.23 313.2597 4.252239 15.675344 0.35875577
car 390.73904 419.10492 18.19192 37.99231 0.6219101
car 333.84085 448.3509 154.50513 234.07744 0.9921842
--
truck 188.6754 221.68167 17.630617 37.46764 0.38154373
car 301.277 313.09528 4.271587 15.660574 0.44677535
car 390.00894 417.9004 18.267433 38.50349 0.7262995
car 336.11258 452.03732 155.57213 234.11473 0.994771
--
truck 188.7656 221.51897 17.662457 37.478687 0.3775778
car 301.32095 313.02118 4.3089137 15.668694 0.48835593
car 390.0185 417.9109 18.339252 38.4419 0.71882886
car 336.2188 452.3182 155.52515 234.42685 0.99458903
--
car 301.2588 312.92334 4.3246155 15.658472 0.5135618
car 187.74168 216.46956 17.920538 37.98189 0.5326599
car 388.1597 417.56335 17.7854 37.89676 0.68249875
car 337.48523 456.16626 156.1679 233.64417 0.9923266
--
car 301.4315 312.65155 4.320981 15.721529 0.4674734
car 386.0767 413.97983 16.886833 38.65212 0.52731264
car 187.78827 215.1204 18.09136 37.76362 0.5889138
car 338.40158 459.36935 154.26909 234.99724 0.9891061
--
car 301.4341 312.63394 4.3548145 15.709898 0.465837
car 386.07248 413.93787 16.889473 38.67915 0.5307368
car 187.75883 215.10727 18.107418 37.775543 0.59150404
car 338.5543 459.33865 154.21207 235.11607 0.99003166
--
car 301.51736 312.46057 4.5613446 15.605464 0.43966067
car 385.21268 412.31622 17.283188 38.471714 0.5309768
car 185.90047 215.15646 18.267612 37.75073 0.61041045
car 343.64633 459.24905 158.73009 243.53886 0.99069357
--
car 382.38562 408.91205 17.334377 36.77213 0.3135172
car 316.5182 326.38013 4.5234776 14.947186 0.32782185
car 301.40805 312.49628 4.4649487 15.760023 0.54602545
car 184.22032 213.64674 19.20662 38.07309 0.7910981
car 344.61987 461.1166 158.06 244.95868 0.9821692
--
car 316.55438 326.34076 4.5462265 14.952532 0.32242757
car 382.3201 408.99387 17.371895 36.791218 0.3284744
car 301.42432 312.47928 4.460338 15.750587 0.54007083
car 184.16135 213.67766 19.241985 38.065235 0.77763605
car 344.43057 461.33118 158.25461 244.68408 0.98292947
--
car 183.19514 211.8845 19.008244 38.242878 0.4054291
car 301.48666 312.4198 4.6601467 15.543196 0.44223848
car 381.84808 408.71585 17.176188 36.813866 0.684667
car 346.40454 462.11923 160.04271 243.01305 0.9737708
--
car 316.61786 326.2896 4.5967016 14.894562 0.34273914
car 301.44342 312.49823 4.5900607 15.766061 0.56812954
car 181.84814 210.89655 19.080425 38.33519 0.68096477
car 380.98456 407.65775 16.992014 36.39675 0.7846857
car 352.96265 465.163 161.20401 242.13562 0.9839103
--
car 316.60208 326.29318 4.5567746 14.827442 0.36191773
car 301.45236 312.47424 4.650488 15.7889185 0.59338945
car 181.8754 210.95627 19.076263 38.3367 0.69120884
car 381.03076 407.65393 17.124214 36.383625 0.8053275
car 353.24603 464.7816 161.26004 241.74263 0.98502195
--
car 315.7449 326.8725 3.8494215 14.739503 0.52775216
car 301.32092 312.62186 4.420927 15.907915 0.7468828
car 180.35173 209.35847 19.798435 38.381714 0.80162036
car 379.03918 405.06512 17.15347 36.208214 0.90188694
car 355.4042 466.58133 160.90501 244.11044 0.970621
--
car 316.06268 326.75525 4.009126 14.70886 0.4925226
car 301.3242 312.5909 4.4152308 15.818596 0.71345246
car 178.77533 205.97275 19.731028 38.96353 0.8014613
car 378.16165 403.8778 16.470688 35.44452 0.870317
car 356.8802 467.53513 158.86357 245.25456 0.98438096
--
car 315.93457 326.88315 3.9287345 14.78237 0.48233163
car 301.11185 312.68994 4.2827635 15.820543 0.71041757
car 178.58755 206.34543 19.831139 38.979996 0.84804505
car 378.17206 403.63583 16.418098 35.417404 0.8746448
car 357.04984 467.17923 159.45445 244.59935 0.98608303
--
car 316.35022 326.6109 4.3094616 14.819996 0.4323845
car 301.19998 312.5156 4.4968123 15.743824 0.64826375
car 377.43832 402.76886 16.245155 35.251915 0.7058559
car 177.18472 204.61272 19.792442 39.14373 0.8549409
car 358.853 469.76752 158.56917 245.61775 0.9807418
--
car 316.3249 326.7885 4.374242 14.820547 0.36787474
car 376.26358 401.8667 15.867576 34.66251 0.47447014
car 300.97998 312.5356 4.590506 15.705105 0.60219604
car 175.59828 205.02849 20.53018 39.297043 0.9453054
car 359.4088 472.93893 160.33026 246.818 0.97550815
--
car 316.32916 326.7895 4.35756 14.82959 0.3747768
car 376.28412 401.837 15.84002 34.643845 0.49716315
car 300.98145 312.52808 4.5752654 15.718873 0.61065936
car 175.60077 205.03181 20.513054 39.292267 0.94536996
car 359.94626 472.58588 159.63554 247.10861 0.97462654
--
car 316.21942 326.89212 4.3073587 15.0026865 0.321784
car 300.92682 312.6124 4.535427 15.668515 0.5491532
car 373.777 398.12555 16.497162 33.522076 0.55140185
car 175.32295 203.43849 20.558277 38.955124 0.83167577
car 359.14807 474.6209 159.8305 249.6192 0.98364854
--
car 372.15634 396.15076 17.002539 32.674347 0.35087922
car 300.99857 312.5913 4.7299027 15.526569 0.3660721
car 174.83879 203.72107 20.818298 38.818153 0.82261044
car 362.64893 475.88828 162.5379 250.9203 0.94529504
--
car 301.03494 312.58 4.7472754 15.526821 0.35825258
car 372.06973 396.40988 16.960339 32.571426 0.36711806
car 174.88481 203.8219 20.78157 38.81713 0.81793475
car 362.09973 476.01578 162.55264 251.04668 0.95126724
--
car 300.94467 312.67767 4.6224976 15.6195545 0.38034022
car 174.04497 201.64478 21.045427 38.860733 0.78279525
car 364.16336 478.51703 164.31227 251.31203 0.97488165
--
car 300.97614 312.72726 4.637351 15.649434 0.44167942
car 172.71625 200.61139 21.551716 38.99799 0.8762056
car 367.7638 478.12848 163.84747 253.89816 0.94760513
--
car 300.983 312.7299 4.634959 15.645832 0.42986465
car 172.68051 200.70552 21.487436 39.005474 0.8636606
car 367.88364 477.983 163.45259 254.14787 0.9567808
--
car 316.1979 326.7551 4.2842326 15.024183 0.3200244
car 367.69373 392.98257 15.165396 34.92435 0.3558318
car 301.00165 312.6947 4.539649 15.774672 0.5610173
car 171.68625 200.02869 22.501385 38.97668 0.91469944
car 366.20587 478.60876 163.59653 253.17111 0.96949893
--
car 301.1328 312.60123 4.671877 15.70244 0.5021171
car 169.4166 196.9806 22.53157 40.01192 0.85763735
car 371.32278 478.1944 164.38062 254.49133 0.9279138
--
car 301.05612 312.6514 4.6157107 15.69791 0.5303232
car 169.583 196.95576 22.591946 40.001072 0.8718717
car 370.71448 478.65424 164.64153 254.16304 0.9393956
--
car 300.90924 312.75397 4.5483255 15.700034 0.5065646
car 168.6331 196.35146 22.371582 40.088688 0.8583436
car 372.1776 478.80084 165.0176 252.53516 0.9444778
--
car 315.8797 327.23785 3.735896 14.880066 0.45018962
car 363.02084 387.26703 13.568052 29.672823 0.61013025
car 301.13263 312.69882 4.4736295 15.887113 0.6794857
car 374.1287 479.04727 164.8669 250.85928 0.9200011
car 167.21869 195.20897 21.892761 40.228306 0.9218246
--
car 315.91318 327.21066 3.7639685 14.894108 0.4464054
car 362.15982 387.74646 11.9921 31.028816 0.60533684
car 301.14737 312.69897 4.4873734 15.890077 0.67730206
car 167.21901 195.20364 21.899908 40.22352 0.92139786
car 374.6168 479.13464 164.94058 250.6433 0.93203956
--
car 316.16458 327.07217 4.0452027 14.880264 0.41793612
car 362.09406 385.4167 13.322541 28.979788 0.62455994
car 301.17874 312.65552 4.608675 15.801133 0.62811357
car 166.22285 194.52084 21.769499 40.27612 0.81606925
car 372.63333 479.7438 165.87175 252.58954 0.97510135
--
car 316.03946 327.2298 3.9841607 14.875832 0.44550568
car 361.51978 384.53992 11.526843 31.360779 0.5464172
car 301.15237 312.7087 4.6126237 15.825079 0.6532376
car 164.88058 193.48872 21.860088 40.340454 0.7941587
car 378.99954 479.3705 165.83006 254.96039 0.96553034
--
car 316.016 327.21393 3.9665604 14.8786545 0.45821375
car 361.53235 384.4865 11.515979 31.246445 0.62223756
car 301.13458 312.69385 4.5727773 15.843969 0.66784763
car 164.8724 193.38724 21.887098 40.31984 0.806488
car 377.73828 479.99765 166.19023 254.77814 0.96411145
--
car 315.5822 327.5901 3.6201975 14.939402 0.45159304
car 360.71033 383.3352 12.746376 28.283041 0.5422833
car 300.99084 312.74445 4.3814664 15.834508 0.6644433
car 164.02216 191.1967 21.984001 40.163696 0.744988
car 377.33878 480.10947 167.88896 253.58911 0.9326846
--
car 314.82736 328.0148 3.0669062 14.93136 0.5216039
car 162.67064 190.17691 22.008413 40.221188 0.7549957
car 300.98352 312.9138 4.009581 16.073643 0.7679767
car 359.15472 382.41565 10.16474 31.499079 0.80244434
car 377.1091 479.93762 166.27583 254.37263 0.8792977
--
car 314.8431 328.03317 3.075846 14.932149 0.5144427
car 300.96594 312.92697 4.011569 16.065102 0.7616469
car 359.0738 382.40088 10.080974 31.75369 0.7748535
car 162.70737 190.02779 22.03596 40.20883 0.78669345
car 377.04968 479.8301 166.33147 254.04922 0.87865716
--
car 315.5143 327.74182 3.555378 15.000673 0.3784373
car 300.9165 312.7786 4.4048023 15.800872 0.6031548
car 160.47 187.46439 22.058567 41.075 0.6668509
car 381.90646 479.44272 165.72481 255.11961 0.78501374
--
car 350.0261 380.1298 5.774525 30.981222 0.31857213
car 315.374 327.90286 3.3815763 15.011226 0.39140704
car 300.87274 312.8099 4.335386 15.824655 0.6196936
car 160.2502 186.28989 22.677464 40.67245 0.69629973
car 383.26874 479.5672 165.37215 256.4002 0.8940511
--
car 349.8965 380.1586 5.734292 30.883354 0.31525993
car 315.3859 327.95367 3.3433843 14.992526 0.38411623
car 300.84705 312.85068 4.3352966 15.817319 0.6151015
car 160.15813 186.25467 22.675585 40.68892 0.6979034
car 382.90112 479.34952 165.19533 256.12912 0.879115
--
car 315.50552 327.8804 3.476194 15.046598 0.35729322
car 381.2866 479.3188 163.68599 263.22797 0.4400082
car 300.86362 312.80783 4.401084 15.788984 0.5835756
car 159.42856 185.5287 22.78342 40.639767 0.6578321
--
car 316.19016 326.88147 4.4837394 14.867391 0.31608194
car 356.26233 377.26883 11.063777 25.2069 0.46637347
car 301.32144 312.57968 4.9118805 15.649976 0.5130451
car 156.79866 184.30322 24.086515 41.77489 0.73395926
--
car 316.24927 326.81995 4.535201 14.876396 0.30535156
car 356.30692 377.22235 11.052553 25.219181 0.4703772
car 301.34695 312.5612 4.9485135 15.647749 0.50111616
car 156.79424 184.30858 24.07399 41.79902 0.7230573
--
car 355.98282 376.8545 11.2622175 25.524445 0.33935285
car 301.3255 312.52676 5.0927343 15.604263 0.426725
car 156.01869 183.64862 24.27097 41.61991 0.67728597
--
car 301.28342 312.59265 4.9888606 15.642792 0.44924927
car 155.4973 182.2989 24.254068 41.620872 0.6447543
--
car 356.14145 376.07324 11.431069 25.766207 0.33184597
car 301.26733 312.627 4.9730926 15.672836 0.46609288
car 155.56741 182.33388 24.203932 41.688965 0.6916497
--
car 356.59332 374.63678 11.308739 25.982977 0.37584278
car 160.17075 180.33464 26.039927 40.76536 0.38997555
car 301.29428 312.5692 5.0705433 15.563884 0.4158862
--
car 356.4378 373.50055 11.73611 26.070292 0.3199925
car 159.39517 179.3329 25.68081 40.983387 0.39297026
car 301.32272 312.57736 5.1278954 15.57182 0.4231681
--
car 356.58194 373.67535 11.657653 26.10004 0.32261056
car 159.15993 179.44177 25.574793 41.10903 0.40391845
car 301.35513 312.54938 5.1546044 15.604808 0.45953268
--
car 356.1081 372.4554 11.673842 25.529585 0.41598272
car 301.28723 312.6403 5.170307 15.600849 0.4252649
--
car 301.33005 312.597 5.221235 15.559291 0.41259667
car 355.87567 372.24402 11.613844 25.494568 0.4396036
--
car 301.34845 312.59583 5.13142 15.607248 0.4163718
car 356.06155 372.3025 11.600839 25.581045 0.45018977
--
car 355.20636 372.5375 11.635295 25.317135 0.37385076
car 148.26402 176.66379 24.0831 42.106354 0.3921408
car 301.4333 312.64655 5.2448263 15.65735 0.4292285
--
--
--
--
--
--
--
--
--
--
--
--
car 349.203 364.6134 9.367517 21.198738 0.4377508
--
car 348.9095 363.9478 9.386559 21.216244 0.50242525
--
car 348.91925 363.95312 9.419899 21.185022 0.50031507
--
--
--
--
--
car 346.00534 360.96426 6.2940717 19.007244 0.3922824
--
car 345.94623 360.98056 6.3069973 19.009867 0.42014012
--
car 345.80508 360.63892 6.2722588 19.045336 0.40824053
--
--
--
--
--
--
--
car 133.18979 153.6392 29.100338 44.77417 0.3480434
--
car 133.22021 153.75562 29.085056 44.754257 0.33478385
--
car 132.4331 153.2572 28.807837 44.938965 0.3329636
--
car 132.16179 153.33018 29.035734 44.678055 0.3243692
--
--
--
car 129.50713 153.14415 29.686695 44.48702 0.3824347
--
car 129.54645 153.16783 29.708601 44.506866 0.37075803
--
car 129.59447 153.3146 29.535343 44.054516 0.34750512
--
car 129.12827 152.8981 29.694393 44.526356 0.43880996
car 340.07516 354.43558 3.8939245 17.038765 0.45417416
--
car 129.12128 152.90512 29.716234 44.53585 0.44101208
car 340.115 354.7139 3.9766002 17.067926 0.47159943
--
car 128.83374 152.1497 29.68121 44.60651 0.4331022
--
car 301.32272 313.07455 5.1935987 16.034634 0.339003
car 339.57568 353.10104 3.3628082 16.236431 0.6252204
--
car 301.34006 313.07047 5.1844573 16.05263 0.3324367
car 339.5234 353.07367 3.2423575 16.214617 0.62076277
--
car 339.55682 352.68195 3.6000905 16.081589 0.38810408
--
car 339.57147 352.19855 3.9220226 15.973531 0.39463198
--
car 339.5412 352.19772 3.8845193 15.967805 0.38377073
--
--
