--
car 427.27493 436.70233 8.77866 14.958546 0.34215868
car 447.13202 453.53134 6.9850125 12.5906925 0.4236849
car 461.06207 470.58075 6.177413 14.181626 0.69935447
car 411.5419 424.0185 12.386111 23.94552 0.98191255
car 379.1476 399.88913 17.295116 37.28641 0.985309
--
car 427.17035 436.6187 8.914921 14.914327 0.32470545
car 446.96204 453.44073 7.0699625 12.594749 0.45634353
car 461.01468 470.4809 6.258503 14.170775 0.68940616
car 410.4528 423.62885 12.502656 24.20806 0.97898936
car 378.71497 399.61285 17.247665 37.228256 0.97952145
--
car 427.27826 436.54834 8.953258 14.90128 0.329913
car 446.93118 453.45895 7.1188602 12.582158 0.49963835
car 461.1868 470.49307 6.3454013 14.131284 0.67768776
car 410.43924 423.51212 12.319143 24.43067 0.9804131
car 378.60785 400.35223 18.280787 36.205425 0.9812875
--
car 427.2061 436.50903 9.092658 14.93384 0.36817512
car 446.90222 453.49878 7.0924735 12.500285 0.5185069
car 461.1998 470.47534 6.3550315 14.091999 0.6824269
car 410.40765 423.31848 12.5478 24.568796 0.9784453
car 378.216 400.15555 18.232433 36.39551 0.9817988
--
car 427.22482 436.55353 9.087472 14.946639 0.3383296
car 446.9766 453.5336 7.0875797 12.544159 0.5284595
car 461.07034 470.5593 6.293217 14.13473 0.68646985
car 410.41177 423.22656 12.624624 24.631645 0.98029655
car 378.12128 399.45105 17.54228 37.070156 0.9813795
--
car 427.23267 436.53723 9.149864 14.938818 0.3224222
car 446.8696 453.51395 7.0934553 12.622312 0.51757413
car 461.04788 470.59756 6.1691713 14.202857 0.67946666
car 378.0474 399.2896 17.634144 37.087288 0.9795363
car 410.41196 423.16223 12.688477 24.706911 0.9802553
--
car 427.22348 436.47665 9.205561 14.943962 0.3451724
car 446.9965 453.52084 7.163948 12.692295 0.5749562
car 461.27682 470.48596 6.2653427 13.990228 0.66280174
car 378.02463 399.2544 17.615904 37.075554 0.9791983
car 410.43848 423.08667 12.726282 24.769999 0.9793476
--
car 427.25027 436.56302 9.346461 15.074488 0.3781425
car 446.78302 453.4505 7.238916 12.716491 0.60531634
car 461.1479 470.3688 6.3700156 14.120674 0.68538666
car 410.1422 422.72928 12.800307 24.542652 0.95580715
car 377.89755 398.98685 17.41291 37.075447 0.9747449
--
car 427.19534 436.4206 9.346184 14.992712 0.36544487
car 446.64395 453.4365 7.3501735 12.71338 0.58204395
car 461.3142 470.28638 6.427434 14.058135 0.67272204
car 410.04117 422.75586 12.692315 24.583412 0.94640726
car 377.6394 399.17966 17.38356 37.013042 0.97790134
--
car 427.03763 436.29288 9.522882 15.002223 0.37191215
car 446.79462 453.318 7.369251 12.701027 0.588761
car 461.40518 470.2639 6.5418105 14.064737 0.6741386
car 410.0803 422.65158 12.839176 24.591475 0.9200885
car 377.67236 399.0822 17.795004 36.990185 0.9674759
--
car 426.9083 436.3967 9.510044 15.106171 0.35424432
car 446.9723 453.65918 7.2674804 12.7952 0.68584055
car 461.34787 470.37665 6.0323257 14.008239 0.7316683
car 409.95343 422.71136 12.829687 24.848513 0.91526634
car 377.65878 399.0388 17.785307 37.00716 0.96720874
--
car 426.8759 436.4356 9.390093 15.083987 0.35154822
car 446.96835 453.61884 7.245942 12.853017 0.6547297
car 461.30533 470.50937 6.0124426 14.140761 0.6652056
car 407.2623 421.8632 12.6334915 25.34839 0.9475496
car 377.71692 398.95657 17.822704 36.91246 0.9561764
--
car 446.84686 453.25354 7.2520986 13.012785 0.6435648
car 461.34604 470.71503 5.8656425 14.368228 0.70524967
car 377.78064 398.88635 18.050282 36.785774 0.9269257
car 407.5834 421.44318 12.459147 25.295498 0.9476262
--
car 446.79614 453.34604 7.222644 13.03417 0.68785685
car 461.13873 471.08017 5.433781 14.501512 0.74629784
car 456.68735 480.6121 119.737305 189.00845 0.7581019
car 407.56516 421.303 12.558555 25.362303 0.95473826
car 377.66605 395.61136 19.58055 37.935596 0.9558696
--
car 426.5606 436.10486 9.667776 15.113719 0.31546047
car 446.805 453.50687 7.097873 12.769671 0.72905755
car 460.98325 471.07068 5.295221 14.430031 0.78498757
car 449.45477 480.01492 136.87173 191.85725 0.9159303
car 407.50592 421.3555 12.485308 25.315588 0.96473944
car 377.3491 395.50653 19.173052 38.24572 0.9775282
--
car 426.41553 436.24503 9.618827 15.144342 0.3069168
car 446.78113 453.63464 7.1020575 12.82082 0.7033753
car 460.8907 471.1402 5.3465242 14.464501 0.7539721
car 407.3966 420.93604 12.619677 25.161304 0.975112
car 377.3363 395.47165 19.023905 38.30403 0.9778336
car 445.1306 480.0563 140.96132 193.96906 0.9854333
--
car 426.47284 436.1748 9.622674 15.108039 0.30563062
car 446.7873 453.72134 7.007275 12.783408 0.7041842
car 460.96957 471.11182 5.2051945 14.415645 0.74533266
car 407.42545 420.8741 12.660556 25.340925 0.97599536
car 377.33597 395.4617 19.007454 38.360966 0.97835535
car 444.97995 480.23914 141.41524 193.55743 0.98520124
--
car 446.51987 453.54352 7.021003 12.811894 0.68756944
car 460.9339 471.24622 5.167162 14.508021 0.76186126
car 377.32114 395.38782 18.864706 38.322968 0.97798353
car 407.37323 420.93823 12.54049 25.380322 0.9780705
car 438.21106 480.19077 140.81677 196.24947 0.9874958
--
car 446.51062 453.54196 7.002931 12.87404 0.6862245
car 460.61194 471.4781 5.138719 14.626745 0.75954074
car 377.2812 395.39008 18.855165 38.350277 0.97784436
car 407.4253 420.87033 12.571562 25.417315 0.97872204
car 438.12976 480.06488 141.04306 196.40776 0.98537934
--
car 426.16602 435.75754 9.403896 14.979056 0.34322548
car 446.66223 453.50192 6.939913 13.000659 0.70703214
car 460.71808 471.78647 5.2408223 14.873986 0.73728484
car 376.43713 394.74347 19.504791 38.192112 0.97359824
car 422.6821 479.02515 130.55792 199.36014 0.9835199
car 406.9852 420.3003 12.720215 25.496185 0.98418015
--
car 460.62262 471.77356 5.2232747 14.847746 0.6569954
car 446.40457 453.51508 6.948453 12.98923 0.67204833
car 376.1782 394.8486 19.653378 38.467834 0.9802778
car 406.54688 420.276 12.43375 25.67256 0.98346335
car 413.6602 479.09445 128.80988 199.2713 0.9904176
--
car 460.67453 471.77725 5.1785893 14.823409 0.6564731
car 446.516 453.52042 6.9468575 13.003271 0.67205745
car 376.16022 394.90787 19.755213 38.511868 0.98238724
car 406.52292 420.2595 12.433756 25.686258 0.98414266
car 413.61694 479.20206 128.9531 199.0899 0.99110967
--
car 426.08676 435.8844 9.364209 15.059059 0.31939384
car 460.79355 471.63098 5.3442006 14.82873 0.6699969
car 446.5506 453.50485 6.988004 13.040329 0.6969412
car 375.84192 394.93427 19.82811 38.332798 0.9790022
car 406.39786 420.23978 12.4784975 25.668253 0.98469764
car 408.72314 480.11993 125.95984 201.2152 0.9894778
--
car 460.93652 471.59988 5.26343 14.784574 0.678696
car 446.54407 453.56885 6.96242 13.032826 0.706984
car 375.59647 394.82947 19.953964 38.467182 0.9744119
car 405.85022 419.78464 12.500932 25.858622 0.9826613
car 399.67877 479.97076 127.46807 200.48259 0.9938268
--
car 461.31757 470.93707 5.8512444 14.725019 0.48012498
car 446.154 453.14816 7.251194 13.101638 0.684425
car 406.01434 419.6184 12.634331 25.90551 0.977714
car 375.54245 394.31287 20.103306 38.04374 0.9780164
car 399.59125 479.8629 128.22313 199.54208 0.9954791
--
car 425.95496 436.05838 9.34092 15.245597 0.3413531
car 461.35727 471.0591 5.823538 14.752997 0.45638415
car 445.93112 453.1748 7.2036853 13.097706 0.680228
car 375.43817 394.0324 20.056728 37.99207 0.9720886
car 405.7495 419.20203 12.413346 25.927809 0.9792643
car 383.24066 476.27026 126.457214 201.53561 0.989323
--
car 461.50122 470.88 6.212209 14.729735 0.46751845
car 445.90952 453.142 7.3385324 13.318912 0.70428884
car 375.1669 393.91504 20.3487 37.88731 0.96683645
car 372.69916 476.844 125.011185 204.53333 0.97353166
car 405.13287 418.74866 12.763555 26.15457 0.98164815
--
car 426.08997 436.06683 9.366526 15.12672 0.30574617
car 461.4182 470.9041 6.1799035 14.7981615 0.45086747
car 445.86502 453.12384 7.264876 13.308513 0.73158747
car 375.209 393.8949 20.421024 37.939396 0.96710724
car 405.071 418.53625 12.831414 26.222664 0.9809093
car 364.58887 478.66345 126.11443 206.42116 0.9919619
--
car 425.9462 436.12082 9.297553 15.160661 0.3002953
car 461.40356 470.98505 6.0212502 14.794451 0.46056455
car 445.84888 453.12836 7.194253 13.3014 0.7236105
car 375.2717 393.7007 20.401697 37.90146 0.96338207
car 405.082 418.48846 12.798737 26.241308 0.9829039
car 364.56146 478.7024 126.12534 206.19441 0.99208426
--
car 426.22684 435.8583 9.264812 15.065243 0.33160073
car 461.59082 470.73648 6.258239 14.716479 0.47978976
car 445.9237 453.09747 7.2623115 13.336611 0.7628101
car 374.83737 393.29108 20.70615 37.790417 0.96117073
car 404.90228 418.17276 12.833841 26.182116 0.9811668
car 353.94244 478.6538 126.93405 204.652 0.99680215
--
car 426.1844 435.83194 9.32573 15.130167 0.3445375
car 461.65247 470.97607 6.2446547 14.726486 0.5299548
car 445.76984 453.07666 7.330784 13.458754 0.7675846
car 374.8799 393.20563 20.804646 37.842422 0.96494967
car 404.91064 418.1491 12.83932 26.159397 0.98065215
car 353.89706 478.5467 126.93683 204.88899 0.9970267
--
car 426.68832 435.6669 9.070218 14.8466625 0.31081426
car -0.023530126 7.6705294 88.13492 135.9877 0.38455912
car 461.4778 471.22327 5.953538 14.9218445 0.59568244
car 445.47522 453.12543 7.3134065 13.403019 0.79762626
car 372.6044 394.162 20.856844 38.31788 0.968706
car 404.18326 417.46002 12.446826 26.430815 0.9795464
car 335.83063 480.50858 127.6721 206.83257 0.9967064
--
car 426.7954 435.8117 8.834766 14.938248 0.30168077
car 461.4025 471.25906 5.558121 14.906404 0.6012301
car 0.21486238 10.12545 89.1793 135.528 0.61769825
car 445.28162 453.1714 7.0999737 13.445777 0.79454035
car 404.0979 417.53354 12.330977 26.729322 0.97997403
car 372.34473 394.02927 21.54018 38.539043 0.98143226
car 324.94788 475.1341 127.10714 204.36746 0.99744684
--
car 29.443947 229.93896 255.27748 354.02435 0.3048216
car 426.80316 435.75778 8.906207 14.979259 0.32714778
car 461.44473 471.2305 5.692879 14.912567 0.6263441
car -0.09738207 11.99848 87.98181 135.86758 0.7655747
car 445.3329 453.13306 7.1601806 13.480683 0.8088658
car 403.94528 417.61932 12.514705 26.875732 0.978311
car 372.27197 393.7626 21.669483 38.817547 0.98225343
car 316.6956 467.9387 126.89991 202.27705 0.9982733
--
car 426.75452 435.77048 8.92745 14.995136 0.33078334
car 461.44888 471.2194 5.737542 14.904265 0.62314993
car -0.025677234 12.1728 88.07243 135.7703 0.7632572
car 445.32242 453.1376 7.16826 13.480387 0.8073657
car 372.37775 393.2725 21.353369 38.974995 0.9779963
car 403.63046 417.75418 12.40373 27.024656 0.9808976
car 316.4737 468.03946 126.88443 202.2946 0.99822885
--
car 426.7447 435.96274 8.746326 15.005285 0.31575003
car 44.856647 234.23618 242.38312 354.1221 0.595446
car 461.4061 471.42282 5.630818 15.016012 0.60530776
car 0.044582337 14.836394 89.05053 136.27295 0.69214714
car 445.32547 453.2453 7.1000395 13.469671 0.7802193
car 403.62744 417.40442 12.513995 27.061203 0.9835562
car 372.11807 393.14474 21.392258 39.38906 0.983961
car 307.37247 458.50592 126.92537 202.92093 0.9983899
--
car 46.90769 232.407 242.19647 354.9472 0.51653445
car 461.61823 471.23834 5.9526935 15.037788 0.59582996
car -0.0027568638 14.026684 88.17475 137.16624 0.6569652
car 445.37885 452.92834 7.0354347 13.266069 0.7336222
car 403.6064 417.21408 12.148318 26.965927 0.9842271
car 372.41998 392.84015 21.063036 39.460945 0.98565906
car 307.32108 457.9195 126.9545 202.63898 0.99846536
--
car -0.8782312 20.445871 76.360634 152.2019 0.31550992
car 461.57083 471.242 5.9134154 14.978791 0.6343397
car 445.5623 452.85712 6.9391375 13.1383915 0.7346067
car 93.3313 254.39684 214.99654 353.24496 0.87485707
car 402.50528 417.1956 12.530476 27.566132 0.98607975
car 371.70413 392.62354 21.238335 39.489872 0.98733246
car 287.15552 443.4056 124.604485 208.13875 0.99703366
--
car 427.23682 436.0138 8.891549 15.029162 0.33070046
car 118.926254 268.08176 203.91751 321.2185 0.6393704
car -1.284923 23.085335 80.3586 145.06548 0.64027166
car 461.5075 471.3922 5.9606776 15.003626 0.6404118
car 445.49033 452.71063 7.097277 13.235583 0.75552094
car 402.11252 417.3085 12.661859 27.848482 0.98698753
car 371.30325 392.30212 21.633617 39.56634 0.98848355
car 279.13934 435.53308 124.90366 208.0799 0.9977836
--
car 427.24133 435.75418 8.735465 14.627808 0.32023522
car 461.7057 470.99408 5.937985 14.923036 0.56841576
car 445.58655 452.32477 6.9301715 13.231544 0.6490903
car -0.80664396 25.56931 77.59342 146.2001 0.8491035
car 134.24936 275.35056 193.04759 324.5528 0.8856765
car 401.8226 417.29324 12.574978 27.817259 0.98542285
car 370.98657 392.0277 20.997234 39.97826 0.9901923
car 267.80106 424.8042 125.54103 205.4037 0.9984697
--
car 461.6084 471.19162 5.6242924 14.971583 0.5690731
car 445.2973 452.4022 6.820067 13.293553 0.640017
car 133.31834 274.9202 193.65918 324.8391 0.8471794
car -0.7470864 25.549463 77.346245 146.04742 0.86320084
car 401.9355 417.10675 12.55304 27.73659 0.9859975
car 371.01508 392.0673 20.970564 39.987007 0.99031913
car 267.89542 424.70648 125.46238 205.93613 0.9983537
--
car 461.60947 471.24048 5.8740053 14.969106 0.5256136
car 445.30685 452.2389 6.6793146 13.156172 0.5918182
car -0.9668684 28.777191 75.27072 146.85356 0.9047415
car 151.31433 280.41144 192.12285 303.89493 0.9628963
car 401.4166 416.84625 12.601042 27.698112 0.98460567
car 370.97327 392.21826 21.002226 40.193123 0.98897856
car 259.20752 417.3859 125.65285 209.65793 0.9965439
--
car 461.5813 471.18503 5.93861 15.047767 0.54107124
car 445.38074 452.2679 6.7669272 13.1588955 0.60710275
car -0.95369965 28.78532 75.31555 146.67693 0.8947818
car 151.51945 279.9874 191.52715 305.98364 0.96573573
car 401.48453 416.79956 12.580325 27.623129 0.9840911
car 370.98236 392.07703 20.998411 40.17962 0.9880274
car 258.72195 417.63635 125.5221 210.16255 0.9965411
--
car 461.66336 471.22815 5.672948 15.035522 0.5005155
car 445.27774 452.03583 6.4896793 13.3651905 0.56036246
car 184.51587 295.42358 161.41672 280.37616 0.6643508
car -0.51863194 34.60246 74.266 145.93318 0.9679925
car 234.73264 404.18118 126.28898 210.56847 0.9759903
car 401.21454 416.51062 12.390795 27.672684 0.9850718
car 370.4284 392.03497 21.072693 40.27436 0.9919638
--
car 461.55814 471.26385 5.5536084 15.292593 0.49998283
car 445.3661 451.85815 6.532547 13.425735 0.5342406
car 195.43658 303.90878 154.6088 268.46225 0.8209547
car 243.49245 390.95325 124.95809 214.8245 0.97184664
car 0.32334924 39.416073 72.86282 146.86174 0.9789061
car 400.6459 416.47852 12.372808 27.684158 0.985782
car 370.1124 391.87173 21.025883 40.73946 0.99319255
--
car 461.57678 471.1766 5.6442475 15.137179 0.5199868
car 445.3632 451.87952 6.5672545 13.343992 0.59125584
car 207.91899 304.365 154.85075 258.92313 0.94963974
car 0.047104955 43.27191 73.63567 150.06526 0.98247427
car 399.9316 416.41693 12.382387 28.220953 0.9863347
car 248.77905 384.41437 125.658295 213.67366 0.9894176
car 370.08984 391.55685 20.41906 41.17634 0.9940333
--
car 461.60367 471.1719 5.7430387 15.077541 0.5206557
car 445.20825 451.87985 6.600263 13.278497 0.62115
car 207.81123 304.4752 154.65498 259.01178 0.96973765
car -0.009958148 43.312077 73.97298 150.06776 0.98087144
car 399.7827 416.4574 12.375698 28.16593 0.98649704
car 252.186 384.1254 125.464096 211.92267 0.98946524
car 369.93723 391.4136 20.62586 41.15048 0.9941131
--
car 461.64594 471.08313 5.8089914 15.040527 0.50831723
car 445.2584 451.77963 6.704529 13.292176 0.6372336
car 0.15523553 44.608994 75.16785 150.59482 0.9855718
car 399.51556 416.259 12.527726 28.46873 0.9868516
car 254.85269 378.78824 124.13657 207.68289 0.99189276
car 215.33945 309.81744 147.34775 259.81998 0.9935346
car 369.86182 391.27112 20.859377 41.098866 0.9940187
--
car 461.63593 470.50577 5.973641 14.562552 0.32141304
car 431.8777 440.46402 7.582587 13.154207 0.42262653
car 445.33197 451.56674 6.986156 13.215628 0.64407545
car 399.2456 416.455 12.481115 28.494785 0.98680496
car 0.23728609 45.231216 74.46518 151.02524 0.9901906
car 250.12247 379.69928 124.888824 207.16827 0.99055916
car 215.93237 309.32825 147.14908 261.06195 0.992494
car 369.65137 390.9959 21.021109 40.941772 0.99348235
--
car 461.75836 470.44257 6.0389223 14.428122 0.34463218
car 431.83133 440.3358 7.4877005 13.133766 0.41219956
car 445.22778 451.6088 6.9558563 13.16024 0.66974366
car 226.95663 342.54187 140.94958 230.98808 0.9790463
car -1.3618523 50.223183 77.294785 149.20227 0.9828376
car 398.6254 416.3157 12.428434 29.1004 0.98683876
car 244.44139 369.8316 126.57192 190.89824 0.9871918
car 369.1845 390.8923 20.965195 41.188145 0.99359924
--
car 461.79984 470.3025 5.788549 14.439885 0.37074235
car 431.82205 440.24765 7.417298 13.099685 0.39885703
car 445.065 451.462 6.823832 13.051738 0.65703523
car 398.452 416.11093 12.216895 29.22455 0.981937
car -1.4324462 51.629498 77.10065 149.3929 0.9851538
car 244.43596 367.27496 124.513596 187.30971 0.9901538
car 220.73419 342.47906 138.82883 229.32042 0.99326587
car 369.00903 390.70197 21.290537 41.136955 0.9947662
--
car 461.88913 470.23502 5.712612 14.321774 0.3490775
car 431.91736 440.31024 7.3790917 13.02209 0.39270818
car 444.9282 451.41245 6.803658 13.079536 0.6527472
car 241.9266 365.3232 120.213715 184.89917 0.90507907
car 398.11316 416.23035 12.334197 29.503859 0.9815585
car -1.7889136 52.830807 77.87422 149.60918 0.9815804
car 368.8841 390.4494 21.21386 41.306946 0.99402493
car 217.14229 348.88617 133.0919 235.26312 0.9960541
--
car 461.98126 470.30533 5.876472 14.240083 0.34070724
car 432.0382 440.4443 7.4410486 13.071241 0.4094595
car 444.7782 451.4688 6.835632 13.062956 0.65901333
car 241.474 364.90253 120.33858 184.91046 0.8642906
car 398.28735 416.02948 12.24281 29.554161 0.98214954
car -1.7694497 52.880768 77.94759 149.53973 0.98228097
car 368.98505 390.3051 21.213383 41.3 0.99352396
car 217.34651 348.7741 132.1297 236.13885 0.99517757
--
car 462.13736 470.16452 6.038901 14.148277 0.35243082
car 432.04865 440.3962 7.41404 13.101927 0.41331625
car 444.7011 451.20517 6.7737713 13.101097 0.6659704
car 245.1484 353.52304 117.92444 161.91287 0.6803928
car -1.361922 53.813183 77.34867 148.72412 0.96999484
car 398.4692 415.90576 12.253793 29.456875 0.98055005
car 212.72832 351.7832 128.62929 236.14113 0.99214506
car 368.7438 390.38754 20.928785 41.531685 0.9944361
--
car 462.0271 470.16547 6.003481 14.077411 0.3289413
car 432.03973 440.60718 7.3729877 13.080695 0.42741606
car 245.2809 353.51266 118.03486 162.03377 0.63179326
car 444.4177 451.3635 6.874581 13.049841 0.6823788
car -1.3480479 53.809456 77.33035 148.64821 0.96908283
car 398.5055 415.8401 12.244346 29.439173 0.9788987
car 213.40694 351.39343 128.30823 236.45944 0.9928733
car 368.82907 390.17825 21.410275 41.22722 0.993933
--
car 432.28015 440.83414 7.391648 13.022581 0.42957792
car 444.30884 451.31335 7.034363 13.055026 0.6421901
car 398.6941 415.33334 12.36884 29.147566 0.95598215
car 209.9512 357.6357 122.838455 226.90897 0.9780408
car -0.46973705 58.02501 77.72596 149.19571 0.9792525
car 368.44852 390.0549 21.589605 41.200092 0.9931215
--
car 432.21997 440.71176 7.4338274 12.955582 0.41754392
car 444.27222 451.44708 7.1153026 13.083277 0.66029245
car 398.8772 415.1486 13.113405 28.97811 0.9467244
car 213.47643 362.2367 125.15808 226.96255 0.9679109
car -0.7313937 59.58483 77.3605 148.88689 0.9846305
car 368.5952 389.84787 21.607294 41.220932 0.99364996
--
car 432.25656 440.76074 7.416375 12.952421 0.44083154
car 444.1996 451.31677 7.0552015 13.076428 0.6829095
car 397.78613 413.00024 13.92011 29.197409 0.9263369
car 213.15366 367.30414 127.3831 227.34024 0.9719542
car -0.63945293 61.422573 78.19988 150.10828 0.9871821
car 368.52634 389.80072 21.577635 41.28283 0.9933987
--
car 432.2763 440.63147 7.4027743 12.887528 0.43044823
car 444.26398 451.2325 7.0148253 12.993724 0.67745847
car 397.99585 412.73212 13.799436 29.20267 0.93762463
car 212.9134 366.63748 127.53984 226.61203 0.9675967
car -0.6946027 61.41319 78.2836 150.21596 0.987384
car 368.23645 390.07166 21.813461 41.319016 0.9938209
--
car 432.39832 440.53555 7.438235 12.897688 0.44200894
car 444.3353 451.15002 7.027046 13.014105 0.70853287
car 397.6481 412.97815 13.699114 29.383415 0.95196605
car -0.681839 62.72614 78.84258 150.0976 0.98993
car 368.51993 389.49747 22.012949 41.12119 0.99081314
car 208.2127 369.94656 118.00438 221.28809 0.99468064
--
car 444.1761 451.44376 6.8920555 13.179123 0.7284486
car 397.634 412.99216 13.856788 29.526377 0.95999855
car -0.5793214 62.22192 78.766266 150.01985 0.9882687
car 368.20016 389.86368 21.926144 41.292313 0.99035627
car 207.7395 369.86566 118.48153 220.53552 0.991848
--
car 444.279 451.35355 6.887115 13.192203 0.7337089
car 396.9567 413.48615 13.582067 29.977951 0.97367644
car 208.10544 377.10416 117.867874 214.31169 0.9844279
car 367.96738 389.9203 22.02072 41.16899 0.9847657
car -0.21722674 64.05999 79.010544 150.84782 0.9901176
--
car 462.79364 469.73224 6.2312756 13.639916 0.32489052
car 432.90454 440.97772 7.465973 12.824474 0.3400587
car 443.81882 451.15945 6.942896 13.208863 0.74585056
car 396.72113 413.4643 13.686861 29.862417 0.9708968
car 209.48639 375.51917 120.132126 212.54991 0.98670465
car 368.28638 387.7869 21.856121 41.29308 0.9880652
car -0.26288867 64.47261 79.30314 150.94153 0.9888996
--
car 432.9721 440.9179 7.4726834 12.76831 0.33823508
car 462.66672 469.76892 6.3805346 13.689958 0.34579304
car 443.79953 451.16266 6.955864 13.066777 0.78071314
car 396.655 413.54608 13.632433 29.901566 0.97008026
car 368.18933 387.8564 21.964735 41.27855 0.98743886
car -0.09038687 64.78934 79.491066 150.94165 0.9886735
car 208.28299 378.34854 118.83081 213.47461 0.99677414
--
car 432.97443 440.9002 7.490169 12.761511 0.3424051
car 462.75192 469.70514 6.477736 13.675024 0.3629196
car 443.85513 451.1205 6.9955945 13.061134 0.78126806
car 396.59222 413.59695 13.686985 29.865196 0.9707412
car -0.08213997 64.87113 79.49946 151.1152 0.98780996
car 368.16205 387.83215 21.968838 41.206757 0.988021
car 208.59175 378.13544 118.733 213.3921 0.99639845
--
car 433.02417 440.804 7.53574 12.762674 0.3684227
car 462.86835 469.60056 6.5738297 13.613064 0.37319702
car 202.77682 303.06845 106.124596 167.4624 0.5464974
car 443.91754 451.0495 6.9976187 13.022763 0.78560627
car 396.45593 413.40955 13.648416 29.861551 0.97250545
car 368.01767 387.827 21.858395 41.444286 0.98846835
car -0.32191157 64.9856 79.56713 151.08257 0.98893356
car 203.22252 383.38916 118.3578 212.82552 0.9958207
--
car 432.9961 441.05188 7.5065093 12.83977 0.3851749
car 462.63776 469.90213 6.3513823 13.571136 0.4178751
car 202.73729 302.8632 105.93762 167.7512 0.573697
car 443.67438 451.0851 7.133989 13.192536 0.805705
car 396.3985 413.44684 13.656639 29.914297 0.9743801
car 367.97266 387.83264 21.757504 41.51857 0.98890996
car -0.20308971 64.917244 79.55424 151.04347 0.98891795
car 204.15659 382.57343 119.18029 212.33177 0.9955724
--
car 209.2988 361.09476 113.1362 178.82416 0.3301783
car 433.07648 441.5319 7.5026617 13.0542755 0.35707775
car 462.4855 470.30298 6.3369093 13.824921 0.3981115
car 443.15378 451.0823 7.153381 13.4181185 0.8211758
car 396.3006 412.39948 14.469291 29.450987 0.976869
car 198.86765 304.06506 103.88233 160.64688 0.9854667
car -0.2850902 65.0105 79.65101 150.86795 0.9881396
car 367.654 387.3362 23.248785 42.561413 0.99221325
car 222.20761 378.32803 132.79324 209.80188 0.9956778
--
car 433.0925 441.5379 7.4772925 13.022753 0.35720265
car 462.38647 470.3371 6.370961 13.848332 0.39909896
car 443.13745 450.96744 7.146704 13.358405 0.8118068
car 396.18127 412.46616 14.462854 29.406155 0.97428626
car -0.16171932 64.78666 79.84859 150.70187 0.98778886
car 198.11601 304.7393 103.210945 160.25386 0.98885286
car 367.43765 387.4088 23.01616 42.815884 0.9931374
car 226.57916 378.5079 131.91061 208.9456 0.9964168
--
car 433.22015 441.34232 7.616643 13.010616 0.3518393
car 462.47446 470.125 6.649478 13.846375 0.36519894
car 443.329 450.9644 7.2351832 13.342638 0.8152791
car 396.0463 412.48788 14.233896 29.81952 0.97320944
car 196.41722 298.8561 101.91324 160.4496 0.98173517
car -0.38235426 64.48124 79.652565 150.38818 0.98976713
car 367.26248 387.31647 22.951378 42.93577 0.9931372
car 229.6907 381.67825 129.48326 209.08832 0.995442
--
car 462.64008 469.9592 6.7131186 13.775941 0.31198922
car 433.3385 441.2981 7.605561 12.962963 0.35770428
car 443.29105 450.8257 7.193211 13.36208 0.80118054
car 396.07812 412.30292 14.393388 29.646612 0.97226846
car 196.67294 298.52063 101.907524 160.43521 0.9816042
car -0.29501796 64.47547 79.513794 150.46068 0.99008447
car 367.08325 387.3305 22.99025 42.95001 0.99336225
car 230.05489 381.44632 130.36748 210.17348 0.9954973
--
car 433.56808 441.46268 7.683872 13.016401 0.37195927
car 443.2386 450.76514 7.286938 13.4298725 0.8008163
car 395.84225 412.3927 14.242243 30.04671 0.9598148
car 197.21611 294.70288 101.58679 156.20757 0.9830816
car -0.57552695 64.90814 79.778694 150.86893 0.9895196
car 230.60986 383.2983 129.40317 210.65945 0.99282783
car 366.6558 387.3499 22.796144 43.30221 0.99335384
--
car 433.33322 441.584 7.4612465 13.075877 0.41250724
car 443.00623 450.73215 7.2090626 13.58202 0.8162105
car 396.00702 412.37363 14.212902 30.195238 0.96749455
car 195.2825 294.6806 101.2593 155.25313 0.98106545
car -0.4828012 65.23816 79.74498 150.62747 0.9887137
car 366.51297 387.42218 22.814522 43.165966 0.99328744
car 232.7877 384.13214 129.85152 208.70934 0.9948784
--
car 433.599 441.7243 7.578579 13.154068 0.42168877
car 443.00003 450.59396 7.3246756 13.557403 0.8079031
car 395.1826 411.93353 14.340229 30.150597 0.9609572
car 188.1624 288.0933 99.6025 159.76227 0.98000735
car -0.5095196 65.11049 80.24708 150.77943 0.9881756
car 365.8956 387.29724 22.718775 43.549072 0.9914578
car 233.42099 384.42303 130.08583 212.18652 0.99279803
--
car 433.772 441.56793 7.5586305 12.988678 0.40305963
car 443.27814 450.57477 7.3901606 13.507895 0.80727816
car 394.95276 411.15958 14.77581 29.675001 0.9648731
car 186.2108 284.64532 97.918335 159.17746 0.98208493
car -0.45863628 65.255295 80.67435 150.793 0.98582035
car 365.36813 387.05408 22.787949 43.589718 0.99308413
car 234.31026 384.00763 128.65231 211.16136 0.9959811
--
car 433.85568 441.51743 7.5199165 12.913838 0.4159996
car 443.25848 450.55872 7.280339 13.428404 0.8259586
car 394.7447 411.05096 14.654884 29.736618 0.9668324
car -0.3355229 65.36167 80.45866 150.85818 0.9857322
car 187.04066 280.1279 96.8134 160.1737 0.98666114
car 365.41788 386.866 22.717731 43.77362 0.9930868
car 233.6395 383.86276 128.90308 210.4947 0.9952769
--
car 433.8188 441.465 7.593849 12.97712 0.40164936
car 443.27914 450.46637 7.368098 13.556123 0.82324183
car 394.6676 411.04538 14.4948435 29.80027 0.96618307
car -0.2761531 65.2166 80.63136 150.63057 0.98606974
car 187.19598 279.89685 96.63055 160.44865 0.9861534
car 365.26956 386.95276 22.652555 43.788853 0.99242556
car 233.89787 384.12143 128.91115 210.98367 0.99508107
--
car 433.78116 441.47644 7.534211 12.982901 0.392421
car 443.17737 450.47534 7.3066096 13.555112 0.8325672
car 186.39853 276.99033 95.66004 159.25365 0.9735306
car 394.12347 410.7593 14.382266 29.828005 0.9755666
car -0.36367178 64.95474 80.53928 150.7805 0.98602486
car 364.95993 386.779 22.818789 43.59633 0.9917976
car 231.50171 384.33807 130.24516 211.6859 0.996197
--
car 463.05478 469.58978 6.4197397 13.452326 0.31284
car 433.40414 441.25327 7.3786926 12.960105 0.38911107
car 443.07916 450.409 7.284842 13.606033 0.8335536
car 186.27399 276.91284 95.668076 159.30322 0.974981
car 394.05475 410.66907 14.277074 29.845924 0.97693384
car -0.39924502 64.89903 80.58123 150.75708 0.9864007
car 364.92996 386.79208 22.823317 43.529102 0.99129033
car 232.29918 384.33267 130.44539 211.64578 0.9962172
--
car 462.87323 469.74817 6.4673724 13.605006 0.33451504
car 433.49243 441.52258 7.432306 13.065379 0.38264114
car 442.84518 450.2907 7.4097753 13.861901 0.83178777
car 393.35837 410.29526 14.637242 29.86554 0.9589052
car 179.12517 270.79214 93.37827 153.5913 0.9680915
car -0.3785634 64.92997 80.70177 150.6344 0.9861328
car 363.7921 386.11334 23.057127 44.444504 0.99195254
car 231.01776 384.33438 128.07686 210.91786 0.99759424
--
car 462.88254 469.6168 6.588092 13.725043 0.30685574
car 433.52698 441.50076 7.4247084 13.082661 0.35432902
car 442.80606 450.50195 7.389808 14.002861 0.83519655
car 178.16953 269.4197 93.23394 153.65149 0.965631
car 393.25015 410.036 14.729204 29.733397 0.96738166
car -0.4647696 64.806206 80.54904 150.75066 0.9849183
car 363.79752 385.8313 23.048662 44.42928 0.99208754
car 230.9521 385.1095 127.807526 211.16684 0.99792045
--
car 462.83347 469.6474 6.509165 13.7087555 0.32091817
car 433.36868 441.42325 7.411181 13.140134 0.35551357
car 442.89114 450.5351 7.2875986 13.891509 0.8235781
car 392.73465 410.31427 14.650506 29.921389 0.95882976
car 175.03549 264.0169 93.54646 153.01196 0.98198646
car -0.32709718 64.66859 80.67528 150.46686 0.98691446
car 363.64798 385.48404 23.053581 44.24841 0.9911732
car 230.08638 384.54764 128.39156 212.02618 0.99826336
--
car 462.93677 469.54248 6.564626 13.713876 0.3038706
car 433.306 441.23233 7.384126 13.131656 0.33727154
car 442.96036 450.40726 7.221666 13.955885 0.813624
car 392.71704 410.26508 14.368629 30.05419 0.9540251
car 175.06793 264.01718 93.5677 153.0264 0.98346007
car -0.3299725 64.61977 80.72963 150.44238 0.98690265
car 363.48114 385.52985 23.023054 44.529747 0.99247277
car 230.60414 384.7409 128.31178 211.49197 0.9982955
--
car 433.43863 441.3149 7.3722367 13.087711 0.34029233
car 442.95657 450.35083 7.3329816 14.039975 0.8215323
car 392.47833 409.8095 14.479786 30.111975 0.9551879
car 173.47023 261.3145 93.74285 152.75816 0.98107094
car -0.36429405 64.8203 80.91038 150.51697 0.9860235
car 363.44604 385.32382 22.962818 44.91095 0.9930479
car 229.94016 385.28043 128.50438 211.21439 0.9983712
--
car 433.59076 441.5759 7.484662 13.104089 0.3117934
car 442.6168 450.32416 7.5011635 14.0907345 0.84257257
car 392.5626 409.152 14.528381 30.098616 0.9595226
car 172.18546 262.37662 93.6124 152.7426 0.97967917
car 0.019015074 64.98975 80.58653 150.38991 0.98653764
car 363.0065 385.1862 23.116682 45.15986 0.9938062
car 232.62248 385.04657 127.78067 211.18034 0.9985889
--
car 433.57108 441.3903 7.593831 13.1873665 0.33723453
car 442.77548 450.4954 7.663048 14.127549 0.8435435
car 391.93387 408.9362 14.574885 30.10973 0.9585801
car 165.17636 256.0266 93.73881 152.74883 0.977897
car -0.015957355 64.788536 80.186165 150.30606 0.98722494
car 362.5577 385.2654 23.14487 45.085724 0.993849
car 232.21402 384.1129 128.686 209.61185 0.9991604
--
car 433.3175 441.11377 7.61419 13.229063 0.3075205
car 442.6843 450.88132 7.714956 14.293864 0.87520194
car 392.27716 408.3159 15.218541 32.054485 0.9644694
car 163.88477 255.59409 93.65988 152.2659 0.98338985
car -0.14139175 64.83869 80.02875 150.27068 0.98754346
car 362.4986 385.3022 23.350697 45.37053 0.9944968
car 231.99007 384.20596 129.37195 209.39542 0.999053
--
car 442.7537 450.89142 7.7038918 14.249139 0.8859113
car 392.0649 408.1844 15.306237 32.237312 0.96851176
car 163.4725 252.12544 93.2659 151.64012 0.97692496
car -0.0882411 64.754944 80.062874 150.29065 0.98752046
car 362.1712 385.19815 23.459173 45.604233 0.99488443
car 231.28613 384.1139 129.26436 210.23927 0.9989518
--
car 442.73813 450.77805 7.6648865 14.182499 0.86985165
car 392.07843 408.19165 15.265035 32.25414 0.9683084
car 163.50226 252.05638 93.373695 151.76483 0.9759316
car -0.03438592 64.74422 80.0164 150.3353 0.9879293
car 362.0675 385.204 23.561634 45.641777 0.9948407
car 230.81912 383.9499 129.00938 210.14098 0.9990435
--
car 433.54108 441.0924 7.613956 13.19661 0.30306664
car 442.71646 450.66586 7.6422033 14.19876 0.86609197
car 391.5113 407.98416 15.457034 32.130417 0.9733626
car 162.95917 251.03726 92.68808 152.08763 0.9747141
car -0.060474873 64.77208 79.98019 150.41719 0.9871534
car 362.1837 384.93985 23.58681 45.4778 0.99472016
car 229.8993 383.9512 128.99576 211.10799 0.99905676
--
car 433.49646 441.14737 7.5940614 13.190712 0.3122109
car 442.59717 450.78323 7.59834 14.281962 0.8700304
car 162.79051 251.0204 92.662834 152.15852 0.9702747
car 391.47415 407.94968 15.4087305 32.124046 0.9711344
car -0.09627342 64.769554 79.957565 150.43501 0.98732674
car 362.11642 384.9128 23.619871 45.56144 0.9946264
car 229.56891 384.09103 129.08417 210.89218 0.9991761
--
car 433.33078 441.20535 7.4727592 13.173671 0.3013616
car 442.5627 450.99268 7.63183 14.354488 0.8757123
car 155.03781 248.52802 93.66238 148.25958 0.9716372
car 390.11887 408.37512 15.281441 32.409195 0.97921276
car -0.013629198 64.63909 80.104614 150.25041 0.9887462
car 361.10782 385.0139 23.633766 45.50228 0.9951447
car 230.05365 383.85498 128.53084 210.21573 0.9991863
--
car 442.53094 451.07175 7.521094 14.488613 0.8521593
car 389.6213 408.6243 15.200395 32.43289 0.974293
car 156.0451 247.28728 92.0606 148.86809 0.9755603
car 0.07474065 64.570114 80.1622 150.19681 0.9893041
car 360.74704 384.9101 23.765903 45.61237 0.99548787
car 229.97318 383.56833 128.50023 209.87933 0.999175
--
car 442.5661 451.12402 7.596166 14.557093 0.86113477
car 389.241 408.45007 14.627744 32.81298 0.9649959
car 157.07254 244.0436 90.64123 148.87947 0.9883993
car 0.041009188 64.58938 80.14005 150.15771 0.989776
car 360.4063 385.0549 23.79121 45.847904 0.9960668
car 229.83894 383.63657 128.34924 210.14595 0.9991762
--
car 442.6568 451.26663 7.5068035 14.461592 0.8608738
car 389.06 408.36975 14.771196 32.747032 0.9695921
car 0.03157854 64.59405 80.113716 150.20613 0.98960817
car 156.95464 244.13515 90.65702 148.98668 0.9902406
car 360.35867 384.9949 23.754555 45.887196 0.9958187
car 229.56743 383.6342 128.49043 210.12357 0.99914294
--
car 442.74582 451.36105 7.520403 14.513137 0.86246765
car 156.50388 240.82658 89.853935 148.77696 0.969296
car 388.46603 408.69003 14.881919 32.727806 0.97116935
car 0.029790401 64.603264 80.05983 150.20992 0.98906946
car 360.11914 384.98358 23.991943 45.901104 0.9954613
car 229.66959 383.77664 128.72165 210.10176 0.99906665
--
car 432.7834 440.90567 7.401828 13.488361 0.32252544
car 442.65356 451.29623 7.4615755 14.586698 0.8574209
car 388.3444 408.67557 14.82907 32.933937 0.9713113
car 0.073456764 64.55739 80.77498 150.00409 0.98916864
car 156.85481 240.15315 90.09438 147.56839 0.989832
car 359.80316 384.84348 24.241968 46.186718 0.9956232
car 229.5593 383.97467 128.12302 211.23128 0.99907446
--
car 432.8255 441.05884 7.3640275 13.494275 0.31690425
car 442.58774 451.24307 7.455539 14.54919 0.84488684
car 151.98724 234.67516 88.99048 146.21667 0.96391386
car 387.86972 408.2176 14.700797 32.985523 0.9703324
car 0.038155317 64.53281 80.73441 150.05383 0.98853576
car 359.62335 384.46567 24.259953 46.05638 0.9960673
car 229.54712 384.3421 128.44952 211.2339 0.9988689
--
car 432.5859 441.12238 7.3308845 13.598285 0.30805913
car 442.47015 451.54355 7.4431434 14.735493 0.8746895
car 150.55951 233.84961 89.12116 146.68892 0.9329358
car 387.52277 408.32983 14.606566 33.099995 0.9662449
car -0.03522277 64.63636 80.7422 150.05855 0.98840594
car 359.38574 384.35458 24.327356 46.140915 0.9959772
car 229.61363 383.94037 128.93835 211.23524 0.99873465
--
car 432.50735 441.19623 7.3309627 13.643168 0.31363478
car 442.38083 451.6402 7.5272026 14.800293 0.8785085
car 150.71695 232.81485 88.78204 145.72598 0.9356617
car 387.48282 408.1655 14.575411 33.09006 0.9604206
car -0.03536582 64.647736 80.78236 150.0743 0.9877383
car 359.23657 384.23276 24.260334 45.79748 0.9961722
car 229.60344 384.29895 129.15193 211.15036 0.9987477
--
car 432.72333 441.2714 7.4964375 13.624177 0.33264858
car 442.43375 451.48013 7.669842 14.810963 0.860064
car 150.72006 232.90698 88.66127 145.94247 0.92835706
car 387.3974 408.2347 14.656626 33.04142 0.9606511
car -0.009448528 64.67356 80.74597 150.06157 0.9879842
car 359.1714 384.17203 24.336964 45.824547 0.9962794
car 229.0547 384.25534 128.95818 211.61235 0.9987434
--
car 432.5183 441.22946 7.4690657 13.686512 0.33448702
car 442.41522 451.70898 7.6236563 14.903724 0.867756
car 151.3097 232.67303 88.149254 145.762 0.9162578
car 387.39752 408.2323 14.726869 32.976704 0.95758206
car -0.053493977 64.68125 80.72882 150.03116 0.98763496
car 358.88327 384.21652 24.454868 45.75738 0.99617374
car 229.75412 384.73657 129.1057 211.5447 0.9985571
--
car 432.55722 441.2528 7.4923954 13.683409 0.32492927
car 442.4449 451.73694 7.6258287 14.877934 0.8680197
car 151.19966 232.38965 88.09171 145.61795 0.91973555
car 387.36877 408.24194 14.794326 32.976192 0.9639123
car -0.050200224 64.694336 80.697075 150.03384 0.9877295
car 358.8701 384.09305 24.45443 45.709625 0.9964364
car 230.01065 384.7886 129.50119 211.14871 0.9985382
--
car 432.6569 441.3042 7.4848423 13.692807 0.3240468
car 442.46326 451.56665 7.6919436 14.946131 0.87292504
car 136.29762 229.42105 88.00157 142.88039 0.885661
car 387.27914 407.9811 14.8454685 33.198376 0.9415598
car -0.055063963 64.79411 80.56066 150.15395 0.98571455
car 358.37918 383.58713 24.648956 45.67583 0.9968729
car 229.8386 384.63892 130.04483 211.55167 0.99887043
--
car 432.82858 441.5316 7.719257 13.763465 0.34727407
car 442.43414 451.4534 7.7830243 14.965713 0.86387104
car 136.85693 227.83821 86.846375 143.38354 0.86746186
car 387.44092 404.9807 16.05345 33.528835 0.9541749
car -0.094782114 64.841125 80.58438 150.06033 0.98661435
car 358.18857 383.3372 24.533962 45.73146 0.99686915
car 229.94402 384.86728 130.01906 211.16476 0.9988578
--
car 433.00247 441.5801 7.7760553 13.811221 0.35776123
car 442.47742 451.42206 7.7877364 14.986836 0.84623444
car 137.52216 226.5291 86.748505 142.22476 0.8960011
car 387.36008 405.1013 16.085978 33.513103 0.9560353
car -0.08664608 64.883026 80.5861 149.95517 0.9876715
car 358.17892 383.33655 24.656326 45.87179 0.9972576
car 230.04102 384.9016 129.66704 211.2709 0.99892384
--
car 433.0651 441.55844 7.806053 13.781652 0.3649844
car 442.5339 451.4274 7.816492 15.035516 0.8437121
car 137.64021 226.35028 86.921265 142.37181 0.8867531
car 387.30646 405.15033 16.079407 33.51191 0.95700175
car -0.1102674 64.84366 80.61372 149.94394 0.9876062
car 358.13937 383.32574 24.716982 45.87545 0.99736917
car 230.12555 385.09183 129.5053 211.48257 0.99894565
--
car 433.09573 441.60852 7.8372607 13.804519 0.35028172
car 442.5543 451.45026 7.8607893 14.947943 0.824623
car 137.28578 225.20494 85.08273 143.3382 0.8644964
car 387.19937 405.122 16.162882 33.631123 0.9713593
car -0.15953064 64.865555 80.57806 149.9004 0.98770887
car 357.958 383.23862 24.851847 45.947544 0.9972017
car 230.1639 385.15048 129.66699 211.3846 0.9989471
--
car 433.26834 441.38516 7.653422 13.507404 0.35200417
car 442.30566 451.18524 7.9233623 14.866848 0.869001
car 136.65982 225.34398 85.96157 142.34137 0.9020174
car 387.32498 405.02344 16.207424 33.671093 0.969713
car -0.15631557 65.02101 80.559395 149.99788 0.9897742
car 358.03806 383.20612 24.876818 45.905807 0.9970723
car 229.7987 384.83456 128.80067 211.59503 0.99891514
--
car 433.2614 441.3688 7.771399 13.575566 0.3662098
car 442.21942 451.1124 8.006181 14.893361 0.8483578
car 135.1864 222.24727 85.54491 141.80185 0.9424026
car 387.13373 404.81393 16.218975 33.743027 0.98189014
car -0.17758727 64.968925 80.54751 150.01656 0.9897746
car 357.5887 383.19067 24.941996 46.048668 0.9970064
car 229.84569 385.1034 128.32492 210.99374 0.9988742
--
car 433.2793 441.36157 7.7386217 13.510298 0.3704001
car 442.09946 451.01663 8.142422 15.050076 0.8469891
car 135.17146 220.37181 84.9953 140.85388 0.96326977
car 386.9623 404.76938 16.266323 33.891903 0.9829897
car -0.14966726 64.993385 80.60925 149.97624 0.99000794
car 357.4101 383.2565 24.937788 46.05787 0.99708056
car 230.00598 385.33453 128.37924 211.0817 0.99869406
--
car 433.1771 441.33798 7.636587 13.469752 0.3725732
car 442.11008 451.09512 8.13229 15.052081 0.85040843
car 134.4621 218.12285 85.246185 141.21748 0.9775992
car 386.84088 404.7824 16.03045 33.95262 0.9813059
car -0.105006695 64.96902 80.610725 149.75607 0.99070853
car 357.40698 383.19385 24.886372 46.25842 0.99703026
car 230.15544 385.44153 128.57045 210.86235 0.998725
--
car 433.16687 441.48178 7.6481233 13.512861 0.37385353
car 442.10193 451.08536 8.105901 15.001467 0.843817
car 134.62106 218.05533 85.40397 141.32085 0.97597766
car 386.79916 404.82498 16.002668 34.005352 0.98203385
car -0.15782833 65.034515 80.619484 149.81378 0.99061966
car 357.31604 383.26248 24.882576 46.346607 0.996845
car 230.20784 385.45078 128.67271 211.06601 0.99862194
--
car 433.11658 441.48062 7.6874046 13.541443 0.3749124
car 442.13297 451.1608 8.1272135 15.020164 0.84354025
car 132.28612 217.37025 85.89867 140.608 0.9807376
car 386.79724 404.5906 16.020012 33.929173 0.98643845
car -0.22144318 64.99157 80.59976 149.80402 0.9906824
car 357.40607 383.01913 24.817707 46.25767 0.9967898
car 230.57516 385.42493 128.74866 211.12212 0.9986606
--
car 433.1865 441.52396 7.6747966 13.534096 0.39405316
car 441.93756 451.0035 8.197846 15.136299 0.85671943
car 132.14845 217.39027 85.82013 140.80756 0.9792522
car 386.69357 404.57043 16.082058 33.89375 0.9870475
car -0.2515626 65.043396 80.645584 149.80801 0.9907019
car 357.41913 383.04816 24.833372 46.230934 0.99686587
car 230.71103 384.96423 128.43608 211.28572 0.99868625
--
car 433.25027 441.8432 7.6896963 13.712845 0.43311134
car 441.73035 450.86176 8.156354 15.240491 0.8361479
car 130.25374 216.38855 86.19038 140.11748 0.98007894
car 386.14337 404.30057 16.037407 34.054962 0.9881154
car -0.24467468 65.01353 80.7106 149.75159 0.9911813
car 357.15506 383.05698 25.023396 46.517815 0.99661833
car 231.49162 385.4331 128.73186 212.40813 0.9986328
--
car 433.2859 441.75226 7.7073917 13.669629 0.43100202
car 441.82837 450.86725 8.192342 15.230668 0.83560383
car 131.06738 215.47122 85.54106 140.19171 0.98419815
car 385.89417 404.3557 16.33529 34.112415 0.988247
car -0.2356875 64.99216 80.66477 149.75166 0.9909409
car 357.0775 382.88577 25.026705 46.61364 0.99527663
car 231.19215 385.11023 128.74568 212.6733 0.99877065
--
car 433.27725 441.7907 7.631043 13.676855 0.4151524
car 442.02155 450.85077 8.098052 15.283558 0.80138004
car 386.00443 404.2701 16.1807 34.18897 0.9884938
car -0.23500443 64.97844 80.6726 149.73547 0.9914088
car 130.03667 214.40909 86.25216 139.39491 0.9915847
car 356.943 382.9639 25.109516 46.593243 0.995703
car 231.40482 385.3607 128.55812 212.1958 0.99879515
--
car 433.4237 441.90363 7.6946306 13.701759 0.42239878
car 441.954 450.7438 8.150696 15.272301 0.79675156
car 385.97668 404.17444 16.214632 34.118114 0.9883322
car 130.13724 214.52487 86.15651 139.38705 0.98874885
car -0.24725676 65.010445 80.66559 149.76187 0.9913621
car 356.83994 383.02832 25.08728 46.72167 0.99558604
car 231.5819 385.49338 129.25697 212.72527 0.99875796
--
car 433.5827 442.1394 7.8362923 13.826116 0.42972383
car 441.79593 450.76685 8.193407 15.281544 0.8089647
car 130.5214 213.64195 85.73094 138.84291 0.9846549
car 385.6279 403.7314 16.18589 34.022186 0.9873349
car -0.3255844 64.98959 80.68447 149.79768 0.9907774
car 356.8777 382.91168 25.442406 46.29394 0.99612504
car 231.82411 385.43896 129.7103 212.66072 0.9987763
--
car 433.98938 442.06628 7.736848 13.709852 0.38747796
car 441.77573 450.3486 8.143497 15.3117285 0.8369113
car 130.83615 213.82292 85.32608 140.20381 0.97883904
car 385.57568 403.30652 16.434162 33.82623 0.9890986
car -0.4203093 64.88238 80.44689 149.5881 0.990594
car 356.91684 382.80695 25.247875 46.49458 0.99415
car 231.47325 385.17535 128.54605 213.48538 0.9990317
--
car 434.1025 442.08957 7.847738 13.675938 0.39181548
car 441.7441 450.16812 8.277845 15.29617 0.83759856
car 384.7182 403.18515 16.51057 33.597687 0.98580736
car 128.92574 211.33258 85.426895 139.03648 0.9893404
car -0.38021207 64.88542 80.44047 149.5823 0.9904489
car 356.95178 382.67004 25.198845 46.59933 0.99367076
car 231.17249 385.28595 128.85625 213.54971 0.999109
--
car 434.2756 442.2877 7.8129635 13.669614 0.39730486
car 441.6851 449.95694 8.2084465 15.18511 0.82657534
car 384.60077 402.90445 16.527573 33.82941 0.9844749
car 128.34494 211.25682 85.05838 139.01768 0.9891969
car -0.41661143 64.928024 80.453415 149.58458 0.99065197
car 356.86398 382.6196 25.119282 46.91375 0.9941649
car 231.4135 385.1845 128.94229 212.84586 0.999141
--
car 434.0902 442.427 7.665819 13.7202 0.38622123
car 441.51715 449.97726 8.137026 15.269132 0.8303392
car 384.24622 402.62732 16.581032 33.787075 0.9852772
car -0.42230844 64.98435 80.46621 149.5869 0.9905976
car 128.43886 210.9829 85.31646 138.4873 0.99152637
car 356.77576 382.70837 25.049965 46.94668 0.9940771
car 231.38313 385.1071 129.09459 212.64783 0.9991682
--
car 434.1427 442.40274 7.6603475 13.682913 0.38848257
car 441.57745 449.99304 8.1269455 15.223653 0.8231051
car 384.23315 402.62357 16.666353 33.68714 0.9869956
car -0.42024136 64.98411 80.47345 149.56825 0.9906805
car 128.20726 210.90103 85.20838 138.55933 0.99122876
car 357.0719 380.43735 23.590961 47.30672 0.9930357
car 231.39948 385.0897 129.0972 212.78981 0.9991464
--
car 434.61847 442.3211 8.002235 13.73496 0.38113144
car 442.06268 449.90515 8.167983 14.952387 0.7840146
car 384.0942 402.5817 16.586412 33.742504 0.9881222
car 128.23604 210.22523 85.41214 138.9968 0.9905842
car -0.40569305 64.98109 80.44194 149.57176 0.9906795
car 357.1365 380.27188 23.808317 47.1455 0.9939209
car 231.49648 385.07315 129.24028 212.81448 0.999117
--
car 434.48175 442.21722 7.9602885 13.79958 0.3782576
car 442.01447 450.0048 8.062954 15.009193 0.79436356
car 383.98764 402.41623 16.482069 33.753464 0.9855988
car -0.41469455 64.98552 80.429474 149.57875 0.99069273
car 127.92904 210.32063 85.43669 138.98116 0.9909072
car 357.11084 380.27545 23.781464 47.12905 0.9939731
car 231.50417 384.9093 129.25952 212.7341 0.99914527
--
car 434.9032 442.38773 8.0990305 13.882638 0.38464773
car 442.1705 449.85147 8.049527 15.051417 0.7564023
car 383.20987 401.98688 16.72966 33.870525 0.9794598
car 126.84411 210.22462 85.002754 138.27986 0.9901111
car -0.44523597 65.044846 80.44292 149.59128 0.99073625
car 356.9548 380.18924 24.192394 46.879868 0.99445283
car 231.60666 384.5624 128.9755 212.84195 0.9990983
--
car 434.60812 442.3805 8.059674 13.891983 0.39996758
car 442.06784 450.13553 8.065519 15.1025305 0.7700775
car 383.02795 401.9935 17.008308 33.849823 0.9791849
car 126.743286 210.11487 84.95528 138.13702 0.9872807
car -0.43471098 65.05404 80.42711 149.59142 0.9908849
car 356.75388 380.38907 23.822903 47.27346 0.993673
car 231.9395 384.58646 129.13794 212.66913 0.99915403
--
car 434.58524 442.56216 8.109262 13.950441 0.41458693
car 442.0203 450.1055 8.059374 15.124384 0.7693164
car 382.9034 401.93384 17.042374 33.894463 0.9750712
car 126.4109 210.15541 84.87174 138.00488 0.987293
car -0.43902755 65.04062 80.44456 149.5831 0.9909558
car 356.78992 380.19125 23.882496 47.31671 0.99372333
car 232.04861 384.58463 129.0669 212.7967 0.999129
--
car 434.53378 442.5026 8.129182 13.961006 0.41219667
car 441.99014 450.09644 8.08811 15.084373 0.77303416
car 382.84592 401.89615 17.027239 33.898956 0.9770842
car 126.48439 210.11919 84.86592 138.16795 0.98886067
car -0.45225978 65.03223 80.44994 149.56888 0.99093986
car 356.81195 380.12473 23.902843 47.29087 0.99371207
car 231.76123 384.4174 129.07314 212.6601 0.99915737
--
car 434.79913 442.54425 8.135186 14.023866 0.39565334
car 442.1682 450.09592 7.999171 15.133688 0.7418195
car 382.4548 402.11682 16.682793 34.09919 0.9748784
car 126.616806 209.79372 84.80205 137.89172 0.9834035
car -0.44915557 65.00669 80.45084 149.55745 0.9909181
car 357.10004 379.91452 24.176117 47.359684 0.99511594
car 231.84697 384.17722 128.90138 212.99495 0.9991264
--
car 434.4262 442.83728 8.239867 14.341602 0.5099235
car 441.98083 449.95212 8.034766 15.1985445 0.7516944
car 382.53528 402.1099 16.754265 34.110817 0.97968197
car -0.48589826 64.962814 80.66302 149.60982 0.9904829
car 127.05397 209.83014 85.221535 137.16269 0.9921936
car 356.74982 380.02652 24.159958 47.01981 0.9947804
car 232.59155 384.5655 128.55156 214.10272 0.998915
--
car 434.61435 442.99234 8.514818 14.512226 0.5738648
car 442.13608 449.8051 8.18761 15.070704 0.7337118
car 382.4284 401.59744 16.696323 34.162453 0.9853789
car 119.39058 209.10965 85.44281 136.03848 0.989526
car -0.48354506 64.9787 80.69677 149.60384 0.99064386
car 356.98856 379.7257 24.50311 46.99856 0.99602395
car 232.29192 384.4023 129.05807 214.45752 0.9989209
--
car 463.50473 469.23938 6.033085 12.063258 0.3049109
car 434.5764 442.97464 8.561477 14.556606 0.5940236
car 442.01892 449.88867 8.284898 15.116409 0.7494892
car 382.18024 401.55707 16.538713 34.09703 0.9849147
car 119.55706 208.83694 85.45023 136.18001 0.98873276
car -0.53345203 65.01817 80.667 149.63087 0.9905339
car 356.70615 379.8851 24.594784 47.17615 0.99619246
car 232.90442 384.28973 128.99872 213.96869 0.9990434
--
car 463.54828 469.29175 6.1913967 12.117692 0.3216433
car 434.57047 443.05215 8.682871 14.63464 0.6205729
car 441.9436 449.86255 8.404178 15.113903 0.7625941
car 127.07282 209.79884 84.794495 137.74214 0.9854849
car 381.76468 401.60684 17.065886 34.001072 0.9865008
car -0.5190468 65.00428 80.6658 149.61673 0.9905245
car 356.8749 379.73785 25.003683 46.89003 0.99654645
car 232.50111 384.3947 129.22914 214.33777 0.99899364
--
car 463.5744 469.35733 6.034472 12.140448 0.33805317
car 434.463 443.10593 8.5689125 14.645743 0.6185788
car 441.90265 449.83072 8.324001 15.12447 0.7565802
car 381.7621 401.67148 17.015657 34.011276 0.98587805
car 127.28259 209.7809 84.8663 137.49294 0.9865558
car -0.5072093 64.994736 80.687454 149.59319 0.9905069
car 356.7712 379.82993 24.615627 47.138504 0.99609435
car 232.41858 384.465 129.10773 214.55971 0.9989712
--
car 463.5813 469.3629 6.040656 12.131416 0.33509615
car 434.44748 443.1142 8.584224 14.650486 0.6191736
car 441.91678 449.85617 8.318035 15.092243 0.75547886
car 381.6581 401.35895 17.257563 33.94494 0.9878414
car 127.60447 209.63707 85.02801 137.65729 0.9881983
car -0.49821854 65.00623 80.6874 149.59424 0.99037635
car 356.59058 379.94568 24.746176 47.136124 0.9961737
car 232.13759 384.3946 129.24683 214.4547 0.9990175
--
car 463.48788 469.33752 6.040536 12.146702 0.35296652
car 434.38577 443.05118 8.588389 14.588745 0.6257976
car 441.87723 449.9138 8.396723 15.122662 0.76072115
car 127.55619 209.73433 85.14851 137.76572 0.9867916
car 381.73523 401.31097 17.407509 33.974792 0.9879749
car -0.5107677 65.00676 80.68344 149.59544 0.99033844
car 356.6366 379.83737 24.727417 47.198154 0.9954425
car 232.10416 384.41962 129.21191 214.50684 0.9989831
--
car 463.26486 469.26233 5.9345055 12.158604 0.3639369
car 434.4278 443.62616 8.705975 15.026455 0.69600284
car 441.53622 449.61575 8.354485 15.226883 0.7082474
car 381.16458 401.2933 17.853733 34.369064 0.98611474
car 127.30239 209.69585 85.44848 138.32628 0.98708266
car -0.4859197 65.007774 80.70747 149.56088 0.9903896
car 356.7375 379.7325 24.606092 47.50887 0.9955011
car 232.15027 384.59003 128.89568 214.53831 0.9990115
--
car 463.2921 469.28534 5.956788 12.137136 0.35632086
car 441.3675 449.3951 8.42008 15.35093 0.70392394
car 434.51657 443.78876 8.721604 15.129171 0.7264911
car 381.0842 400.9901 17.240446 34.34852 0.9864013
car 126.811584 210.36475 85.335434 138.09267 0.98886675
car -0.4971707 65.00197 80.69898 149.54715 0.99034095
car 356.62 379.84656 24.482113 47.45908 0.9952538
car 231.69048 384.69376 128.80946 214.27646 0.99904895
--
car 463.3215 469.29257 5.9754996 12.149181 0.3552549
car 441.49094 449.35098 8.356577 15.280395 0.6931301
car 434.54947 443.63867 8.698406 15.139509 0.706214
car 380.57806 401.2522 17.232388 34.51488 0.9837093
car 126.456184 210.76257 85.1129 138.11942 0.98780936
car -0.5448532 65.01342 80.658905 149.56062 0.9904306
car 356.61627 379.65213 24.57295 47.46712 0.995387
car 231.76506 384.64352 128.66568 214.36052 0.99901384
--
car 463.28217 469.28854 6.020254 12.172161 0.36553085
car 441.55725 449.40985 8.384334 15.27142 0.7003806
car 434.56754 443.58472 8.725753 15.127341 0.7090161
car 380.65976 401.19623 17.402462 34.569565 0.9842624
car 126.62948 210.65735 85.076355 138.0282 0.9867411
car -0.54201007 65.01151 80.65176 149.57178 0.9903135
car 356.47998 379.57175 24.748936 47.35179 0.9950779
car 231.59566 384.6351 128.61372 214.30501 0.9989872
--
car 463.1897 469.23456 5.9244323 12.145346 0.36414364
car 434.58694 443.6497 8.714161 15.124369 0.7069607
car 441.4815 449.33005 8.367759 15.279226 0.7117394
car 380.31256 401.02417 17.111462 34.7364 0.9846056
car 126.486725 210.62437 85.11378 137.70244 0.98675
car -0.536263 65.005394 80.65586 149.57848 0.99026185
car 356.5841 379.51978 24.839138 47.395412 0.9952698
car 231.7491 384.81674 128.59622 214.6036 0.9988616
--
car 463.08737 469.19287 5.7426023 11.849686 0.34165058
car 441.578 449.32004 8.404073 15.235476 0.67642176
car 434.76788 443.88693 8.751795 15.168934 0.7100603
car 380.37183 401.2046 17.490978 34.69211 0.98403114
car -0.33293724 64.86436 80.75329 149.64493 0.98993
car 127.23809 210.00388 85.37951 138.32536 0.9925902
car 356.28552 379.701 24.527706 47.60611 0.9948513
car 232.05954 385.5548 127.89791 213.25859 0.99921364
--
car 463.0071 469.05234 5.733361 11.843034 0.37692645
car 441.67477 449.37177 8.427494 15.188034 0.6460373
car 434.5653 443.86163 8.8505745 15.256535 0.74813914
car 379.81494 401.0686 17.837894 34.88976 0.9837548
car 127.20788 210.04387 85.21031 138.31644 0.98862094
car -0.27374983 64.8243 80.75272 149.69785 0.98951155
car 356.30322 379.724 24.783855 47.42417 0.9942386
car 231.58868 385.27435 128.29373 213.71255 0.9992571
--
car 462.9329 469.2407 5.488329 11.82322 0.39450565
car 441.55466 449.2856 8.242761 15.150479 0.6406663
car 434.48975 444.13934 8.768132 15.361449 0.75115603
car 379.44098 400.99908 17.491062 35.052055 0.981624
car 126.90507 210.18666 85.26508 138.20099 0.9879497
car -0.3463769 64.87483 80.76511 149.65851 0.9896569
car 356.09277 379.74802 25.257376 47.58502 0.9928203
car 231.48528 385.3455 128.30396 213.63365 0.9990845
--
car 463.00482 469.29245 5.4895935 11.847389 0.38747433
car 441.7478 449.3191 8.151374 15.129557 0.61449754
car 434.3964 444.13214 8.735338 15.431639 0.76750654
car 379.28387 401.08136 17.688704 35.174633 0.98282844
car 126.76897 210.28964 85.1577 138.0799 0.9869351
car -0.35804987 64.90987 80.734886 149.63423 0.9895163
car 356.06152 379.8126 24.887587 47.84829 0.9928142
car 231.53918 385.23758 128.5068 213.36795 0.99907374
--
car 462.93463 469.30783 5.3850965 11.827905 0.41058576
car 441.5805 449.28397 8.106766 15.173721 0.6402649
car 434.6335 444.21838 8.735165 15.403574 0.760651
car 379.33868 401.0529 17.686918 35.122746 0.98283595
car 126.84936 210.29527 85.34155 138.11316 0.98533046
car -0.36710143 64.89681 80.74075 149.6191 0.9896601
car 355.9293 379.79553 25.15279 47.726448 0.9930124
car 231.81708 385.08533 128.43274 213.40202 0.9990967
--
car 462.92847 469.25574 5.432991 11.789838 0.41444957
car 441.90552 449.3907 8.053192 14.948274 0.6087661
car 434.30814 444.14944 8.7341 15.453819 0.7911611
car 379.1569 400.89078 17.392996 35.181496 0.98427004
car 126.684166 210.56203 85.37757 138.03998 0.98473424
car -0.37970424 64.91195 80.76815 149.6136 0.9896898
car 355.86612 379.6157 25.273613 47.73731 0.9930487
car 231.70389 385.20786 128.38434 213.51659 0.999031
--
car 462.7984 469.37814 5.2325835 11.715802 0.4541413
car 441.5291 449.33563 8.07822 15.113204 0.6613872
car 434.49246 444.32986 8.764783 15.526005 0.78093344
car 379.07068 400.85873 17.383934 35.11372 0.9852005
car 127.22588 210.23409 85.28052 138.23538 0.9857223
car -0.37114263 64.90242 80.79343 149.59628 0.98963577
car 355.80237 379.52985 25.301556 47.722507 0.99299884
car 231.72514 385.16898 128.53807 213.57352 0.9990234
--
car 463.01602 469.36926 5.1809263 11.48612 0.44113284
car 441.1371 449.13165 8.249482 15.2600155 0.6582019
car 434.67892 444.6203 8.741398 15.651785 0.79657423
car 379.15576 400.4162 16.665129 35.096046 0.98209506
car 127.272804 210.41676 85.36837 138.01834 0.98805183
car -0.38577318 64.9122 80.8029 149.61714 0.9897098
car 355.6897 379.45416 25.247229 47.657715 0.99283314
car 231.13846 385.5087 128.757 213.70906 0.998879
--
car 462.97028 469.34155 5.185634 11.560993 0.44254756
car 441.16016 449.16324 8.270306 15.307243 0.6557018
car 434.80603 444.63632 8.683067 15.620579 0.80542266
car 379.15894 400.35486 16.436321 35.297028 0.9798788
car 127.57954 210.23866 85.51658 138.31017 0.98589295
car -0.43743968 64.94689 80.8057 149.62578 0.9893249
car 355.48227 379.57828 25.020308 47.86711 0.9927691
car 230.91147 385.48386 128.82422 213.93407 0.9988396
--
car 462.97308 469.34973 5.183722 11.556696 0.4423174
car 441.29028 449.1809 8.24378 15.244761 0.6505576
car 434.87372 444.6382 8.70268 15.592641 0.81133837
car 379.0488 400.4401 16.284885 35.435184 0.9753272
car 127.68178 210.20532 85.50044 138.20535 0.9857484
car -0.434103 64.94919 80.822975 149.67094 0.9893072
car 355.56635 379.5478 24.884827 47.955917 0.99212956
car 231.08275 385.44342 128.7344 213.99002 0.9988753
--
car 463.09314 469.3262 5.381692 11.465328 0.38948148
car 441.45703 449.22443 8.3200655 15.14084 0.6246088
car 434.5921 444.40518 8.7401705 15.548642 0.8341131
car 378.8972 400.451 16.243774 35.508312 0.9759842
car 127.6199 210.2467 85.63377 138.25641 0.98511523
car -0.43643475 64.94894 80.82413 149.66939 0.98925877
car 355.5125 379.47388 24.988216 47.897007 0.99238825
car 231.14986 385.3793 128.58705 213.94759 0.9988829
--
car 463.11652 469.25623 5.456438 11.396948 0.36323407
car 441.80182 449.3005 8.224182 14.807239 0.608423
car 434.44235 444.24026 8.7627325 15.47418 0.8356214
car 378.67007 399.21603 16.515114 35.86358 0.9784095
car 127.827576 210.20134 85.661064 138.00371 0.9860443
car -0.4319036 64.95366 80.79583 149.63739 0.9893044
car 355.47055 379.4184 25.009153 47.80833 0.9921502
car 231.2131 385.4226 128.4655 214.22984 0.998846
--
car 441.20886 449.2612 8.4537945 15.138417 0.5553068
car 434.0203 444.64615 8.521139 15.674089 0.8298654
car 378.6501 399.26553 16.559412 36.13504 0.9807965
car -0.41247725 64.88574 80.58984 149.60359 0.98810905
car 127.35033 210.53151 85.889626 137.09421 0.98905146
car 355.1411 379.42133 24.860134 48.00739 0.99191797
car 231.67963 385.553 128.4218 212.87654 0.9987102
--
car 441.33304 448.9956 8.550574 15.219892 0.52461785
car 434.2831 444.59665 8.646629 15.768798 0.84283394
car 378.43573 398.99292 16.275764 35.703556 0.9740479
car -0.4085791 64.90581 80.59302 149.60211 0.98807526
car 127.38924 210.46954 85.90516 137.09044 0.9889156
car 355.21188 379.44858 25.142073 47.820095 0.99289286
car 231.97282 385.58762 128.34499 212.88948 0.9987622
--
car 441.17145 448.65527 8.477044 15.273809 0.47843823
car 434.47916 444.89087 8.548235 15.92829 0.84572667
car 378.32037 398.98004 16.443977 35.77084 0.96744215
car -0.41230202 64.877235 80.59609 149.5921 0.9879641
car 127.79323 210.27591 85.902 136.82079 0.9895758
car 355.16696 379.44244 25.375462 47.795372 0.99304974
car 231.95918 385.5698 128.36836 212.86009 0.99871457
--
car 441.11148 448.65326 8.5039625 15.230527 0.49593723
car 434.61874 444.8888 8.58091 15.904942 0.8395589
car 378.1922 398.80765 16.363554 35.732315 0.9702538
car -0.4077387 64.8731 80.567055 149.58356 0.9878897
car 127.92958 210.24876 85.98196 136.81706 0.98915666
car 355.1602 379.41187 25.77909 47.760246 0.99349934
car 231.89732 385.54672 128.30695 212.91335 0.99873245
--
car 441.09662 448.65875 8.5163555 15.228004 0.4701171
car 434.49585 444.8774 8.621063 15.951062 0.8462552
car 378.09995 398.8711 16.407309 35.78658 0.97262675
car 127.93656 210.15303 86.160675 137.1124 0.9873519
car -0.4170692 64.87417 80.567825 149.57887 0.9879603
car 355.09692 379.3952 25.767376 47.777023 0.9933117
car 231.9514 385.5715 128.28308 212.82915 0.9987117
--
car 441.09985 448.36432 8.47554 15.051913 0.39046657
car 434.4205 444.9771 8.574125 16.01634 0.85934377
car 377.8991 398.906 16.453005 35.86375 0.9704654
car 128.21179 210.00095 86.22522 137.16681 0.986058
car -0.41843534 64.87865 80.55834 149.59583 0.98798585
car 355.0087 379.48892 25.878065 48.102924 0.9933808
car 231.86626 385.51697 128.32181 212.87204 0.9987291
--
car 441.09872 448.4325 8.4683075 15.07777 0.3943258
car 434.38156 444.95218 8.565456 16.036554 0.8584741
car 377.89633 398.892 16.38385 35.83002 0.9710108
car 128.02594 210.1195 86.085724 137.48311 0.98611224
car -0.3957653 64.85088 80.57881 149.59032 0.98809505
car 355.08594 379.5434 25.921734 48.180504 0.9939397
car 232.00516 385.46423 128.15547 212.92603 0.9987693
