--
truck 372.02017 407.65793 119.606155 159.14124 0.30651397
car 432.0597 451.42432 18.579716 33.976078 0.39102903
car 386.2748 421.06067 7.131771 30.276478 0.91557115
--
truck 372.26746 407.8506 120.10887 159.06824 0.3213689
car 434.92032 455.84894 11.102436 32.06242 0.521303
car 386.05234 421.49646 7.4826365 30.146627 0.95377964
--
truck 372.2449 407.7131 120.109055 159.1918 0.3211181
car 432.2617 451.08212 19.245424 34.42368 0.46125323
car 385.96725 421.58 7.453451 30.18129 0.9498349
--
truck 372.22226 407.73236 120.09335 159.24063 0.32458797
car 432.30438 450.34964 20.832994 35.24008 0.8257206
car 386.2613 421.50836 7.4975357 30.108793 0.9520605
--
truck 372.17157 407.7802 120.16664 159.22241 0.3226144
car 431.8257 449.957 21.415432 36.151638 0.85874397
car 386.2145 421.55936 7.550129 30.07613 0.95612526
--
truck 372.17508 407.74527 120.14463 159.25679 0.34298575
car 431.19742 449.14975 21.82709 36.84939 0.8309764
car 386.24933 421.60388 7.513463 30.083914 0.9555194
--
truck 372.1869 407.7935 120.181656 159.25046 0.33760434
car 430.50714 449.10922 21.605757 37.61535 0.8270632
car 386.18005 421.63803 7.5354114 30.125738 0.9560552
--
truck 372.2775 407.76215 120.17477 159.26755 0.34304205
car 430.6016 449.20792 21.672916 37.588787 0.8278455
car 386.22827 421.62277 7.5215416 30.124557 0.9537918
--
truck 372.25082 407.82587 120.2967 159.18433 0.33579662
car 429.43048 447.79492 21.732843 38.487213 0.7381809
car 386.23782 421.57877 7.4718685 30.19486 0.95699304
--
truck 372.4229 407.72815 120.41116 159.00616 0.35049245
car 430.0516 446.6175 21.756578 39.5403 0.7637219
car 386.44043 421.61264 7.5941916 30.083279 0.9633946
--
truck 372.34637 407.74222 120.323105 158.98267 0.33635122
car 427.88916 447.28232 19.242025 41.519226 0.7486835
car 386.4503 421.6803 7.6692348 30.201256 0.9643388
--
truck 372.32364 407.76855 120.29015 158.92924 0.35467944
car 425.9613 447.5213 18.646059 42.802765 0.8073369
car 386.27182 421.69028 7.69144 30.160522 0.9636102
--
truck 372.33005 407.69006 120.42099 158.9226 0.32581723
car 425.04706 446.44376 22.933926 43.32076 0.72426915
car 386.47974 421.44934 7.484507 30.21342 0.95730114
--
truck 372.36673 407.7068 120.3936 158.9033 0.33091676
car 425.05945 446.23514 22.92508 43.2008 0.7169976
car 386.48996 421.4445 7.4911256 30.20351 0.9568617
--
truck 372.36984 407.62897 120.370674 158.92194 0.33142015
car 424.01758 446.7003 23.235794 44.527565 0.74577254
car 386.39575 421.5694 7.491042 30.243475 0.95603883
--
truck 372.37756 407.62216 120.37675 158.95026 0.32553107
car 423.4953 446.7121 24.565548 45.78283 0.86239886
car 386.32672 421.5766 7.525458 30.254566 0.96128625
--
truck 372.39212 407.64142 120.36713 158.98497 0.32894012
car 420.62143 442.56784 27.801498 47.39008 0.83144104
car 386.03186 421.7017 7.3318963 30.382168 0.9572033
--
truck 372.38345 407.65106 120.374504 158.97641 0.32446912
car 420.91254 442.22638 26.53193 48.64514 0.8034546
car 385.85635 421.61072 7.3891935 30.361462 0.95306456
--
truck 372.40326 407.6722 120.34476 158.99272 0.3366606
car 420.01205 442.0753 27.511503 50.413223 0.6095879
car 385.9162 421.40433 7.2622366 30.38585 0.9259718
--
truck 372.42938 407.65387 120.37856 158.92871 0.3339965
car 419.93707 441.95294 27.683111 50.598885 0.62321573
car 385.83905 421.24133 7.419513 30.39942 0.93281007
--
truck 372.403 407.70633 120.41568 158.90167 0.33254528
car 419.57214 442.06738 27.53022 51.887886 0.8656989
car 385.73178 421.22473 7.456536 30.38048 0.943327
--
truck 372.38065 407.67807 120.377304 158.89229 0.33451086
car 418.48883 442.0581 28.179138 51.630047 0.664381
car 385.8861 421.2816 7.4158735 30.377754 0.9352524
--
truck 372.36795 407.63165 120.434875 158.83955 0.32610556
car 417.5468 439.88843 31.578253 52.91953 0.8275408
car 385.69925 421.52692 7.3648095 30.366575 0.94578785
--
truck 372.36514 407.6209 120.41576 158.83662 0.32772493
car 415.19244 443.2238 31.260138 55.63577 0.8855696
car 385.8292 421.52316 7.423716 30.396864 0.9380615
--
car 413.7552 444.2339 32.40487 57.270172 0.8670837
car 385.72525 421.6703 7.3532453 30.465345 0.9425897
--
car 413.78177 444.2226 32.40579 57.26551 0.85970515
car 385.6965 421.6222 7.3580585 30.472305 0.94350225
--
car 412.3125 445.57135 32.093353 58.984554 0.9193591
car 385.66458 421.65207 7.257323 30.591753 0.9396288
--
car 385.75146 421.5606 7.1266184 30.637726 0.9367262
car 411.9497 446.57886 31.118431 59.672028 0.9413804
--
car 410.13657 445.4412 32.414154 60.10575 0.87624675
car 385.82007 421.5308 7.2707887 30.53188 0.92514753
--
car 410.5973 444.94696 33.711105 61.04803 0.8500168
car 385.89838 421.49756 7.331385 30.485376 0.92536426
--
car 408.67725 429.36484 40.96418 63.65957 0.528799
car 410.24664 445.0687 33.53614 62.24827 0.6812194
car 386.01102 421.47803 7.338913 30.426264 0.92860365
--
car 408.59573 429.36243 41.02656 63.680042 0.5312814
car 410.15808 445.00604 33.381866 62.179607 0.6607828
car 386.0226 421.4768 7.3317513 30.426643 0.9304302
--
car 408.2326 429.16507 40.96579 64.73993 0.49170828
car 409.85873 445.47394 32.451252 63.508778 0.67801976
car 386.00113 421.52026 7.303556 30.489786 0.92998475
--
car 406.52997 428.40155 42.49496 67.105354 0.6533887
car 386.1571 421.4335 7.4289746 30.317158 0.9352976
--
car 402.72964 426.0497 43.948074 70.66808 0.79953396
car 386.28967 421.41968 7.4905167 30.361649 0.93114793
--
car 402.9664 425.2413 44.81797 71.22323 0.87135375
car 386.19724 421.42065 7.456403 30.416845 0.9357187
--
car 404.111 439.06152 0.17400764 17.01283 0.3210003
car 402.2882 423.99365 45.46238 71.531525 0.75713974
car 385.8469 421.35492 7.398407 30.583218 0.9430919
--
car 404.16608 438.98596 0.1868876 16.985788 0.3089675
car 402.28473 424.07214 45.443703 71.51674 0.7641391
car 385.8442 421.38132 7.4166713 30.583609 0.9455216
--
car 401.93265 422.973 48.704086 73.756134 0.79853636
car 385.85138 421.30472 7.37705 30.68211 0.93133616
--
car 404.2067 438.89615 0.17601125 16.983232 0.3212543
car 400.77652 421.01483 48.812492 75.120735 0.8319253
car 385.9328 421.13647 7.5260653 30.564678 0.93371385
--
car 404.6649 438.57843 0.08758284 16.72343 0.35462087
car 400.33868 419.68887 50.65165 77.61036 0.8370054
car 385.992 421.09628 7.691791 30.397495 0.95034295
--
car 404.44885 438.63745 0.157329 16.58359 0.32399398
car 255.72893 290.2949 49.883617 78.65691 0.3453289
car 399.85223 419.39417 52.621807 79.0118 0.54678476
car 386.0622 421.04028 7.6850343 30.332254 0.9362016
--
car 404.3928 438.72733 0.22996724 16.801346 0.3208142
car 399.91498 418.5272 53.33433 80.19585 0.6618087
car 253.23853 295.91864 50.231293 79.34063 0.6966574
car 386.08685 421.03906 7.620475 30.269455 0.9406878
--
car 404.36444 438.75668 0.255064 16.879547 0.32208472
car 399.8028 418.4608 53.05018 80.095 0.6351371
car 253.53796 295.8284 50.17059 79.306786 0.713338
car 386.0891 421.049 7.576795 30.28255 0.940755
--
car 259.0827 301.39502 50.83793 80.65094 0.8911591
car 386.13214 420.96805 7.5166306 30.264536 0.9294478
--
car 261.54944 305.16425 51.645813 82.37795 0.7957185
car 386.13535 420.92453 7.388775 30.29257 0.9286808
--
car 404.3622 438.70593 0.3150496 17.021177 0.32148468
car 370.33395 401.91513 120.80278 158.55463 0.35116768
car 271.34863 312.2578 51.72511 83.96517 0.9335693
car 386.01645 420.95 7.5577383 30.22645 0.94026184
--
car 404.6829 438.55566 0.23484349 16.925844 0.35027137
car 370.27008 401.97852 120.7356 158.76883 0.39129657
car 276.86087 318.385 55.161785 86.12214 0.90269315
car 385.85153 421.03714 7.7247944 30.215477 0.94761926
--
car 370.06885 402.09006 120.63232 159.16563 0.3214471
car 405.17017 438.5074 -0.005115643 16.49661 0.32502264
car 279.09186 322.59717 56.30361 86.913475 0.9397228
car 385.9541 420.86237 7.733593 30.15488 0.9557178
--
car 370.07196 402.08447 120.64328 159.1654 0.31821057
car 405.11267 438.52164 -0.0018299371 16.47028 0.3275434
car 278.97662 322.65472 56.298332 86.833954 0.9380106
car 385.97278 420.87823 7.7452426 30.14749 0.95530176
--
car 287.2825 328.44775 59.316887 86.47155 0.66732013
car 386.10645 420.72888 7.570351 30.1674 0.944612
--
car 294.1169 330.22473 59.379517 87.86541 0.7625285
car 386.01044 420.81262 7.604952 30.199205 0.9457582
--
car 405.0394 438.46158 0.033997 16.33739 0.30051255
car 372.23154 396.94104 120.644806 159.42233 0.3339106
car 296.88544 337.40588 58.874058 89.75154 0.8333399
car 385.97595 420.86252 7.8436494 30.140568 0.93826866
--
car 303.55023 339.78046 60.336754 91.56938 0.6479172
car 386.03445 420.88474 7.771517 30.172485 0.93702096
--
car 372.3211 397.0004 121.11883 159.16864 0.30018193
car 307.25937 348.83105 60.745323 93.35997 0.69255394
car 385.81906 420.9579 7.6375794 30.269758 0.94135976
--
car 307.25174 348.79248 60.726242 93.301506 0.69283336
car 385.80856 420.96298 7.6259265 30.26801 0.9408002
--
car 372.27774 397.4263 121.04584 159.4176 0.31119806
car 313.57578 354.0594 64.77798 95.545166 0.3742245
car 385.9148 420.9012 7.541961 30.208864 0.93849665
--
truck 372.41354 407.77054 121.16277 158.2942 0.3502979
car 373.93796 396.60544 76.55502 106.058784 0.35218152
car 405.0129 438.56915 0.34972787 16.313227 0.37067932
car 316.94717 361.41617 65.0162 96.795364 0.6992333
car 385.54028 421.04977 7.5461135 30.263266 0.9553403
--
truck 372.40826 407.69406 120.97226 158.282 0.33673775
car 404.70474 438.75806 0.51741016 16.352526 0.3119394
car 323.47293 368.95013 67.24343 96.11818 0.4871071
car 385.76657 420.89233 7.4625545 30.32292 0.9405658
--
truck 372.25897 407.52536 121.26164 158.31796 0.3653569
car 405.28265 438.28122 0.38566345 16.33962 0.38669217
car 369.22855 399.0123 76.619865 113.16771 0.561977
car 326.3006 378.85016 65.84243 99.01573 0.6383166
car 385.54697 421.0508 7.558245 30.298212 0.9549556
--
truck 372.39862 407.5208 121.3614 158.05939 0.40614265
car 366.6223 397.33316 78.10892 113.70079 0.316066
car 331.8585 377.0234 68.946465 100.13759 0.5157474
car 385.90283 420.55258 7.482206 30.58339 0.91985726
--
truck 372.39105 407.53998 121.37325 158.03835 0.39891213
car 366.6118 397.30524 78.126495 113.701225 0.31491742
car 331.81912 377.1 68.88835 100.06918 0.52681327
car 385.87863 420.56796 7.4976954 30.585094 0.92057264
--
truck 364.33713 395.31528 81.79617 116.66229 0.31962377
truck 372.3274 407.54138 121.938255 158.00333 0.3704157
car 336.72083 376.2763 69.89713 99.53972 0.57360446
car 386.0223 420.4791 7.386628 30.641088 0.91847897
--
car 385.99792 420.46213 7.2914176 30.659737 0.91484344
--
truck 361.38678 393.0829 88.76876 120.7715 0.41813335
car 370.35394 402.04352 121.99295 158.54558 0.4257846
car 386.3298 420.40125 7.2932 30.636513 0.8579291
--
truck 359.62512 391.6398 93.999825 125.15047 0.31195584
car 370.42896 401.85266 121.66763 158.74971 0.47136095
car 386.46872 420.43307 7.2599487 30.757698 0.8186206
--
car 370.21344 401.66977 122.345726 158.71274 0.4958866
car 386.50864 420.48877 7.1987123 30.731903 0.7853854
--
car 370.24435 401.58063 122.520645 158.68582 0.49217784
car 386.55127 420.49713 7.1908493 30.727419 0.77388495
--
car 371.83386 396.30823 123.508354 157.72104 0.34532312
car 386.29926 420.53146 7.185692 30.723621 0.74536234
--
car 370.37958 401.2685 122.27383 158.0848 0.31970155
car 386.28503 420.54816 7.193344 30.656746 0.79534465
--
car 352.36343 397.21564 107.0572 133.51501 0.3103543
car 371.31134 412.68436 121.574104 157.98552 0.32141253
car 386.18146 420.61316 7.170977 30.599247 0.7822246
--
car 386.28455 420.49792 7.119048 30.68511 0.7913971
--
car 370.32114 394.5338 127.0948 162.1862 0.40225333
car 386.32477 420.5719 7.0607677 30.664438 0.83868235
--
car 370.33728 394.5428 127.1649 162.18037 0.41377366
car 386.30542 420.57242 7.0490923 30.668175 0.8375946
--
car 369.87604 393.52075 128.9209 162.8273 0.47891346
car 386.29843 420.7138 6.906043 30.708841 0.7807931
--
car 369.30353 393.5346 129.5719 164.13246 0.35747603
car 386.2134 420.69366 6.9253964 30.709618 0.787837
--
car 368.50638 394.3055 130.09575 166.44972 0.5903558
car 386.17676 420.69696 6.835874 30.766052 0.72552484
--
car 367.31943 399.3649 129.78462 170.7215 0.3398286
car 386.29462 420.55786 6.832501 30.744045 0.71154964
--
car 386.24667 420.52145 6.7542367 30.857458 0.6248803
--
car 386.22333 420.56488 6.7408648 30.889156 0.61723816
--
car 386.38336 420.49704 6.7871194 30.966425 0.6302302
--
car 386.35153 420.45563 6.7424192 30.960428 0.5913185
--
car 386.4073 420.42413 7.184128 30.80299 0.73025554
--
car 386.27963 420.4454 7.345716 30.672632 0.7540768
--
car 386.56134 420.2001 7.512563 30.510048 0.717069
--
car 386.5711 420.17914 7.480627 30.55028 0.68997025
--
car 386.49564 420.25046 7.588935 30.456247 0.7864499
--
car 399.7126 441.7956 86.3075 122.88313 0.43210408
car 386.68027 420.20224 7.776924 30.358465 0.7705588
--
car 400.13647 444.75568 88.47761 128.25137 0.4647542
car 386.67706 420.14114 7.66044 30.425468 0.73848546
--
car 403.02728 447.98523 89.036865 130.76453 0.49910432
car 386.46182 420.1657 7.560482 30.431786 0.6803183
--
car 346.3003 397.49484 145.1448 184.45555 0.43203
car 403.6347 450.25226 90.74429 129.1674 0.5515387
car 386.5119 420.19122 7.5699263 30.425388 0.6673733
--
car 346.29022 397.33945 145.16779 184.46484 0.41941527
car 403.63965 450.26172 90.64854 129.16536 0.5496779
car 386.49472 420.18454 7.558048 30.433792 0.6505646
--
car 345.07086 397.1482 144.41171 185.90733 0.31701496
car 406.49005 451.50705 92.31642 130.0343 0.41307187
car 386.48047 420.15186 7.439277 30.50507 0.6764502
--
car 386.37027 420.32187 7.4372063 30.501534 0.65723014
--
bus 340.91104 401.1552 145.04128 187.1391 0.33903947
car 411.0799 451.5857 93.44918 129.21558 0.32768306
car 386.26706 420.32816 7.3985357 30.512552 0.6746803
--
truck 340.11584 394.47333 144.90944 187.05878 0.3178825
car 386.25397 420.25613 7.4070153 30.55992 0.66873586
--
car 413.1026 463.10864 92.24608 137.11232 0.39954236
car 386.17996 420.7351 7.4097633 30.518776 0.84660715
--
car 413.09775 463.11188 92.20718 137.09782 0.38572946
car 386.27652 420.70013 7.425926 30.503555 0.84013706
--
truck 338.2847 391.58286 143.58374 189.91216 0.307524
car 416.83664 458.61948 94.77029 131.06738 0.4152184
car 386.3673 420.73386 7.5316963 30.52563 0.80987424
--
car 419.89807 456.13046 95.6129 130.35757 0.35381243
car 386.37033 420.82358 7.5815587 30.51013 0.80165064
--
car 386.39166 420.7736 7.6064 30.481127 0.7780309
--
car 424.0993 473.42654 96.0878 143.55988 0.3665534
car 386.37335 420.86322 7.690526 30.484388 0.808272
--
truck 331.17752 392.0582 147.14635 198.20224 0.3727066
car 424.9163 475.7399 97.64791 144.25502 0.4604381
car 386.48853 420.87082 7.554167 30.475864 0.7328769
--
truck 331.0228 391.9227 146.8147 198.20563 0.34566385
car 424.83148 476.12848 97.66033 144.0683 0.4456269
car 386.4701 420.8777 7.533031 30.470596 0.73758715
--
truck 329.80576 386.9361 146.72925 200.01364 0.41999272
car 427.37415 477.1865 97.88061 144.41565 0.4164437
car 386.44745 420.86176 7.497124 30.503744 0.70411736
--
truck 328.02368 384.09784 145.14694 201.34494 0.45405278
car 429.20303 477.43695 98.287834 145.58913 0.43635446
car 386.48685 420.89716 7.647293 30.461918 0.7546906
--
truck 326.21927 383.49576 144.30472 203.14818 0.3640888
car 386.34024 420.86948 7.258956 30.677538 0.5296427
--
truck 323.89053 381.95477 146.99612 203.8263 0.53014344
car 386.2553 421.00644 7.1908765 30.668156 0.46015146
--
truck 321.27716 375.7809 154.013 202.64055 0.49284267
car 386.17413 421.02963 7.5488734 30.210522 0.51828176
--
truck 321.3642 375.70087 154.18906 202.56375 0.48645434
car 386.13824 421.04102 7.5264983 30.225374 0.5001829
--
truck 320.8282 375.75232 160.42574 204.4779 0.420541
car 386.14532 421.0517 7.402233 30.361511 0.47894195
--
car 386.10266 421.05396 7.4123344 30.257126 0.5019221
--
truck 318.34802 373.08478 160.56871 205.83646 0.35862204
car 386.334 420.9404 7.525651 30.180788 0.6394738
--
truck 316.4341 371.2428 161.96246 207.8112 0.32799092
car 386.43683 420.9483 7.5012965 30.29296 0.66013366
--
car 314.60333 368.42703 163.10748 209.49983 0.35866767
car 386.4276 420.95157 7.6932306 30.116346 0.76100314
--
car 314.62805 368.57996 163.06564 209.55266 0.34922078
car 386.48553 420.9642 7.675385 30.114838 0.7594505
--
truck 313.16113 364.9612 163.72614 210.98653 0.4871273
car 386.4513 420.90088 7.6729617 30.074375 0.7554426
--
truck 309.46082 364.81522 164.18086 211.43324 0.6224527
car 386.40085 420.90936 7.711025 30.055311 0.7341658
--
truck 306.3442 363.18906 163.73042 214.16113 0.71952915
car 386.34897 420.91785 7.5306115 30.087336 0.7453407
--
truck 304.86154 362.93542 163.74292 216.7229 0.69408333
car 386.3546 420.9486 7.3416915 30.132746 0.7473247
--
truck 303.39438 364.27493 165.27171 218.52429 0.8081551
car 386.25665 420.85175 7.2867155 30.195333 0.59060556
--
truck 300.65347 368.7868 165.84836 220.18863 0.7253361
car 386.3067 420.84732 7.205863 30.20486 0.57402694
--
truck 300.76553 368.5421 165.79466 220.16534 0.723112
car 386.308 420.84738 7.202167 30.20913 0.56878734
--
truck 297.72598 360.47217 168.66794 221.59296 0.7395422
car 333.43246 393.68954 125.79406 176.2952 0.4590877
car 386.29703 420.83817 7.188606 30.20133 0.58665866
--
truck 296.62802 358.83615 171.26396 220.36241 0.70193636
car 386.3251 420.8403 7.2521434 30.166132 0.6171602
--
truck 294.21182 358.1787 169.34299 222.06598 0.45394543
car 386.20496 420.8421 7.180031 30.169191 0.5673588
--
truck 293.46835 355.30118 176.6387 223.71777 0.7086168
car 386.12204 420.88736 7.0685997 30.27652 0.46764833
--
truck 288.4717 353.51157 177.16212 224.77007 0.40889463
car 385.88586 421.0416 7.1009245 30.356663 0.36014736
--
truck 288.19943 353.49026 177.29018 224.31024 0.4369628
car 385.9057 421.0405 7.118843 30.336168 0.3565823
--
truck 286.4039 350.35944 176.78128 226.0952 0.5422314
car 385.74603 421.19073 7.1944556 30.394964 0.32771334
--
truck 275.7535 346.35504 177.40977 230.85191 0.51409173
car 385.78802 421.1672 7.183728 30.369144 0.3309366
--
truck 273.5359 344.51855 178.53397 234.49013 0.38741517
car 385.9116 421.09836 7.1010733 30.358501 0.34097826
--
truck 285.13895 344.60327 180.8566 232.1139 0.6131632
car 385.87488 421.0011 7.1295342 30.396046 0.36433873
--
truck 279.12158 340.469 181.16814 234.13164 0.474623
--
truck 279.04672 340.49115 181.29742 234.23787 0.46809554
car 385.80826 421.02414 7.02069 30.47193 0.308559
--
car 385.90735 420.99554 7.008328 30.528437 0.3401782
car 276.95532 340.2401 181.23569 232.85117 0.7007161
--
truck 271.33444 338.85904 181.3472 234.45975 0.6917327
car 385.88705 420.9842 6.9641867 30.499878 0.3105363
--
truck 265.81177 337.30627 181.5085 236.74733 0.51702803
car 385.78235 421.00958 6.9339285 30.46668 0.30241787
--
truck 266.23132 334.46808 182.16862 236.14474 0.58970904
car 385.846 420.9805 6.894594 30.520205 0.33905616
--
truck 263.9909 334.5196 182.45908 238.47884 0.69918734
car 385.8944 420.92722 6.9086585 30.474813 0.36043012
--
truck 263.99606 334.57727 182.47263 238.42055 0.7114784
car 385.8879 420.93436 6.916788 30.472733 0.3661734
--
truck 262.8601 333.77692 184.17755 238.53047 0.62056315
car 385.57034 421.12152 7.6204185 29.965555 0.45500237
--
truck 254.47589 331.04544 185.94406 242.3558 0.59977716
car 385.4758 421.1277 7.589308 30.016352 0.42773387
--
truck 253.76273 331.8789 186.32475 242.97386 0.6602142
car 385.47235 421.11737 7.5498056 30.007675 0.4168002
--
car 385.71634 421.4733 7.302168 30.313978 0.38325894
--
truck 251.9508 325.20554 185.87427 244.38596 0.6844948
car 385.74188 421.46732 7.3365927 30.279652 0.40786403
--
truck 252.02777 325.28848 186.04655 244.23917 0.6663669
car 385.74417 421.46838 7.331679 30.288958 0.4060035
--
truck 249.3855 324.3097 185.1099 245.29042 0.36559317
car 385.68915 421.48862 7.343065 30.29425 0.37209722
--
car 385.72644 421.46786 7.3047376 30.246048 0.40687984
car 248.12459 321.42822 194.23233 248.13234 0.5316395
--
car 385.7466 421.47934 7.297021 30.268438 0.4222684
car 246.4935 319.4435 194.83038 249.86606 0.69759524
--
car 385.7352 421.49878 7.2891607 30.25068 0.42047963
car 242.38412 317.8769 195.75424 250.82515 0.7394417
--
car 385.7706 421.48303 7.2263565 30.289223 0.46257314
car 241.60452 317.4368 195.5444 253.01599 0.6137384
--
car 385.80847 421.46805 7.2196174 30.272001 0.4830869
car 241.61624 317.42392 195.58241 252.961 0.6184506
--
car 385.85336 421.4278 7.1360545 30.308128 0.43931246
car 241.69965 316.62927 197.0444 254.78632 0.599506
--
truck 238.95265 311.64 198.7872 258.2333 0.4646965
car 385.8233 421.4755 7.0638494 30.381748 0.34696656
--
truck 235.22177 312.14404 199.37091 259.74396 0.42712662
car 385.7863 421.52594 7.061759 30.371479 0.3051846
--
truck 230.09036 309.8555 199.66023 260.68372 0.49415722
car 385.67877 421.51035 7.048035 30.368969 0.3533155
--
truck 229.80685 306.0696 200.6404 261.00748 0.6626103
car 385.7355 421.44308 7.0598288 30.330095 0.39327493
--
truck 229.53984 306.03702 200.66829 261.06158 0.6438062
car 385.7291 421.4405 7.05696 30.33086 0.38541764
--
truck 226.75964 301.16614 200.82106 263.11023 0.5751666
car 385.73175 421.4538 7.0988646 30.309128 0.39190704
--
truck 224.89648 300.25876 201.82108 263.3014 0.5215922
car 385.73706 421.41476 7.0324435 30.301403 0.37178385
--
car 385.6649 421.4157 7.0463095 30.310083 0.38241914
car 219.65678 293.6323 210.56807 265.25198 0.47710156
--
car 385.7223 421.39496 7.052992 30.309193 0.4244836
car 220.95004 292.0871 211.16252 265.0838 0.4361979
--
car 385.7118 421.4137 7.067732 30.300234 0.41556406
--
car 385.70898 421.4129 7.0937777 30.311167 0.40997848
--
car 385.77194 421.39655 7.1239457 30.29214 0.47227973
car 217.85027 288.83 212.22324 267.00192 0.5504654
--
car 385.7577 421.40457 7.140641 30.27968 0.4814954
car 214.76581 284.84686 215.9281 268.52173 0.6457499
--
car 385.7388 421.43228 7.204915 30.282024 0.468201
car 211.81612 283.28784 215.38316 270.11923 0.67983466
--
truck 207.9667 278.7774 217.18855 271.19116 0.45829308
car 385.4926 421.477 7.311365 30.277988 0.3721252
--
car 385.4697 421.5101 7.3051395 30.257946 0.3709946
car 205.61493 278.4802 218.15102 272.87683 0.54079723
--
car 385.47458 421.5154 7.315229 30.255867 0.36254665
car 205.58281 278.4395 218.02353 272.92197 0.5495521
--
truck 205.23302 278.3721 220.31206 274.096 0.5413658
car 385.48306 421.5498 7.384603 30.215519 0.37607256
--
truck 205.07648 270.7925 221.16269 276.0423 0.5320432
car 385.4483 421.52405 7.2601953 30.231035 0.3479296
--
truck 201.39093 269.18268 220.36006 276.75687 0.53787345
car 385.36032 421.55334 7.178475 30.300669 0.32488018
--
truck 198.13614 266.5915 222.371 276.90594 0.7626698
car 385.48303 421.53262 7.210628 30.26444 0.39183182
--
truck 195.77228 267.47952 222.29315 279.17334 0.70956403
car 385.4368 421.5682 7.2747893 30.265966 0.36727744
--
truck 195.7558 267.25162 222.2896 279.25116 0.7131178
car 385.45602 421.5693 7.2796187 30.26669 0.379069
--
truck 192.22206 269.16385 223.35373 280.12704 0.6637584
car 385.478 421.54904 7.2759223 30.26177 0.40777427
--
truck 189.63615 266.03125 222.97562 281.59348 0.7434825
car 385.4441 421.54172 7.2344875 30.284512 0.35580915
--
truck 188.44063 262.75735 223.48784 280.74292 0.7435126
car 385.47552 421.52002 7.2408094 30.282393 0.38551632
--
truck 185.86118 260.69907 224.90262 279.82144 0.7391707
car 385.7981 421.4807 7.0178456 30.492767 0.64355594
--
car 385.70755 421.50598 6.997002 30.538076 0.5664064
car 181.9303 255.87488 227.8048 286.53458 0.6265902
--
car 385.73938 421.5163 7.0192966 30.511345 0.5981967
car 181.87804 255.82155 227.84615 286.5522 0.63917863
--
car 385.7113 421.5421 7.0351434 30.504768 0.5854359
car 179.0132 254.57053 228.5263 288.13263 0.61279875
--
truck 178.6167 251.14987 230.59657 287.96155 0.6777736
car 385.67606 421.50674 6.995805 30.554422 0.53853416
--
truck 174.81952 248.71393 230.23872 290.0833 0.60234094
car 385.73157 421.44647 6.990377 30.54919 0.55862755
--
car 385.71414 421.45294 6.9951687 30.54011 0.55552363
car 171.1602 246.45853 230.65884 291.61862 0.7047607
--
truck 170.07834 244.74072 231.27708 293.08157 0.6934455
car 385.68787 421.44052 6.980618 30.60497 0.4899273
--
truck 170.17343 244.73906 231.459 292.8947 0.677596
car 385.71985 421.46152 7.0207906 30.536215 0.5480802
--
car 385.75198 421.44427 7.0343237 30.526318 0.5757323
car 166.25197 237.60666 234.24384 293.45605 0.7227626
--
car 385.82706 421.44348 7.060089 30.484844 0.5929317
car 163.50491 238.415 234.8168 293.84995 0.852677
--
car 385.94177 421.34644 7.1291976 30.478022 0.64580905
car 161.69363 236.55913 235.08609 295.58887 0.84938455
--
car 385.74796 421.3654 7.0216184 30.587029 0.6405746
car 160.10776 235.12363 235.71419 298.24094 0.74683785
--
truck 157.65356 232.7165 236.51357 298.69193 0.6813841
car 385.66525 421.384 7.035842 30.585266 0.6590683
--
truck 157.60359 232.71223 236.62083 298.94275 0.69959164
car 385.65714 421.36035 7.046465 30.591179 0.6672004
--
truck 154.53656 228.93242 237.71689 301.64383 0.7303307
car 385.6604 421.3525 7.0383754 30.590256 0.6634239
--
truck 152.62572 226.28561 240.28123 299.76373 0.8537997
car 385.65564 421.33582 7.0238686 30.592262 0.67715937
--
truck 149.47252 224.27042 239.32352 300.05264 0.82178384
car 385.65787 421.33676 7.018484 30.594568 0.67967266
--
truck 148.95244 224.92676 239.89133 298.63904 0.6960224
car 385.6584 421.33713 7.022507 30.593668 0.676521
--
car 142.1612 216.02849 244.92795 305.15692 0.68716395
car 385.65808 421.35477 7.0791893 30.554537 0.7028122
--
car 385.68185 421.36523 7.0958886 30.544502 0.6938734
car 142.08989 216.00624 245.14693 305.1113 0.70083827
--
car 385.72058 421.35562 7.094303 30.557117 0.6895839
car 139.89404 215.40561 245.14708 305.9204 0.8418369
--
car 385.7638 421.35474 7.1313515 30.544487 0.71000206
car 136.11188 210.13632 246.8563 306.83148 0.84703493
--
car 133.32523 212.39455 244.0221 308.44833 0.65601593
car 385.74933 421.34857 7.139507 30.550095 0.72198874
--
car 385.6858 421.12033 7.215177 30.711773 0.57466435
car 127.24354 201.74283 248.64784 308.6654 0.7709965
--
car 385.68353 421.1105 7.209276 30.71739 0.5851611
car 126.484566 201.89867 248.86484 308.8769 0.8919873
--
car 385.6745 421.10468 7.225415 30.701208 0.586467
car 126.46724 201.89001 249.44373 308.80606 0.9051397
--
car 385.64453 421.10535 7.2252393 30.711256 0.59725076
car 123.55854 203.86528 247.86597 308.96106 0.9169783
--
car 385.63754 421.11755 7.251954 30.69866 0.5810964
car 122.96601 202.13531 249.6181 312.10797 0.85422665
--
car 385.6994 421.04276 7.223334 30.720224 0.63303524
car 120.53279 199.35295 250.50615 313.33478 0.91387504
--
car 385.6787 421.06946 7.219573 30.70742 0.6377419
car 119.73159 197.39468 251.24814 312.32227 0.9312719
--
car 385.68658 421.09106 7.234674 30.692678 0.6492593
car 116.348404 195.82272 251.7664 314.8804 0.8541609
--
car 385.70566 421.1 7.2236958 30.716644 0.6338291
car 116.360985 196.03171 251.71611 314.7934 0.85417986
--
car 385.75818 421.08466 7.2140493 30.705334 0.6234071
car 114.149536 192.22957 251.56514 315.11823 0.8546962
--
car 385.73813 421.06525 7.2140746 30.718756 0.6465983
car 112.59992 188.29457 253.24544 315.72885 0.7907174
--
car 111.997375 186.56995 253.28125 314.51416 0.5496196
car 385.74997 421.07742 7.2135625 30.724218 0.6407049
--
car 105.5263 181.49727 256.9487 315.52975 0.7499761
car 386.2599 421.41873 7.3488946 30.430187 0.7683632
--
car 386.26035 421.42758 7.36386 30.443987 0.7714751
car 101.15628 179.61119 258.16602 316.61304 0.822975
--
car 386.1971 421.4395 7.3252187 30.454102 0.7692124
car 100.96642 179.72867 258.00116 316.88535 0.80826527
--
car 386.17285 421.4362 7.325775 30.48695 0.7365171
car 99.450066 175.92155 258.1481 316.3155 0.7839536
--
truck 92.5935 177.41913 263.23688 322.65054 0.56814563
car 386.1833 421.4633 7.2908583 30.47945 0.73691255
--
car 93.3244 173.50854 259.67923 317.05606 0.5685546
car 386.1825 421.46002 7.305876 30.488096 0.7228767
--
car 93.22609 172.08249 258.29935 316.92197 0.7007038
car 386.19922 421.39844 7.336653 30.47859 0.7063214
--
truck 85.704636 165.13089 265.57788 321.80283 0.63862383
car 386.1844 421.40353 7.347543 30.471193 0.7179559
--
truck 85.995445 165.1688 265.6313 321.54443 0.63418424
car 386.18634 421.40668 7.3483677 30.472754 0.7121037
--
truck 81.52059 164.19368 266.20132 322.0297 0.73538554
car 386.1878 421.4035 7.3505254 30.476622 0.7129796
--
truck 80.4324 162.75366 265.88037 320.73544 0.6928783
car 386.18158 421.40234 7.3456373 30.479548 0.7132192
--
truck 72.33792 160.21733 266.361 319.75516 0.64671654
car 386.17392 421.40622 7.3496656 30.478794 0.7121041
--
truck 71.399185 158.74112 266.2038 323.50195 0.67354244
car 385.96472 421.5225 7.451253 30.495327 0.809392
--
truck 70.8814 156.39264 267.69876 323.72513 0.7236071
car 385.95337 421.52332 7.454697 30.495531 0.81286305
--
truck 70.96274 156.56618 267.82642 323.57614 0.7116522
car 385.96298 421.51697 7.4429665 30.493813 0.8077767
--
truck 71.995056 154.52869 265.90094 326.54572 0.6401655
car 385.97977 421.50647 7.4395695 30.490858 0.8013869
--
truck 73.01976 152.47775 267.00772 325.47925 0.616105
car 385.99646 421.49988 7.4502783 30.486757 0.7962557
--
truck 66.94555 146.70183 266.5113 327.25348 0.6949645
car 385.9798 421.4763 7.442273 30.496635 0.7847584
--
truck 66.70938 144.79315 267.0769 329.2309 0.5033918
car 385.97748 421.47375 7.4266143 30.492071 0.77817655
--
car 65.50597 143.4465 268.01834 328.63242 0.64808977
car 385.96823 421.51123 7.3634696 30.502043 0.7914268
--
car 65.3105 143.26904 268.14093 328.46442 0.6375294
car 385.97678 421.50946 7.3478594 30.518297 0.77798676
--
car 64.38009 143.82863 270.16064 328.6248 0.55130875
car 385.99106 421.4454 7.4007177 30.494549 0.7833473
--
car 63.95601 141.85628 269.4098 329.1651 0.5372725
car 385.88046 421.41718 7.457523 30.504875 0.7974589
--
car 62.38154 138.25888 269.43723 329.9255 0.5051368
car 385.91443 421.38174 7.447879 30.522444 0.7974951
--
car 60.74044 133.88914 271.36102 328.93866 0.5700663
car 385.72842 421.52173 7.4932914 30.408026 0.77498466
--
car 385.70456 421.55066 7.52332 30.413517 0.7927139
--
car 385.72253 421.50668 7.522687 30.422016 0.78144664
--
car 385.72635 421.5063 7.5480247 30.405264 0.7865669
--
car 385.69977 421.54266 7.520973 30.419796 0.7897345
--
car 385.66592 421.51917 7.4612217 30.371572 0.76154
--
car 385.6405 421.5551 7.485667 30.381475 0.7883469
--
car 385.671 421.5205 7.477551 30.352411 0.7624328
--
car 385.662 421.51212 7.4491477 30.356497 0.76019436
--
car 385.66373 421.51434 7.455227 30.372133 0.7673377
--
car 385.67114 421.49588 7.4290752 30.361961 0.7605498
--
car 385.6867 421.48053 7.4445944 30.38431 0.74788266
--
car 385.89914 421.0546 7.3537455 30.499434 0.76270366
--
car 385.9174 421.05222 7.364096 30.492746 0.7574471
--
car 385.90613 421.05237 7.3611 30.494884 0.75793093
--
car 385.90234 421.05264 7.36423 30.49583 0.761471
--
car 385.9042 421.05188 7.3607593 30.49388 0.76026785
--
car 385.90274 421.0505 7.354188 30.534481 0.7643005
--
car 385.9085 421.05807 7.356916 30.534689 0.7620468
--
car 385.93826 421.04663 7.3319874 30.53477 0.7334919
--
car 385.9504 421.03622 7.33365 30.531416 0.7327653
--
car 385.95535 421.05334 7.3664336 30.533178 0.75449413
--
car 385.982 421.07812 7.3995295 30.52054 0.75269365
--
car 385.95602 421.12854 7.385858 30.530222 0.7665694
--
car 385.9169 421.11856 7.3785734 30.418503 0.75123155
--
car 385.8845 421.12274 7.391227 30.415834 0.7600036
--
car 385.8909 421.12814 7.401116 30.41155 0.7607255
--
car 385.90274 421.12708 7.4148126 30.407785 0.7639229
--
car 385.8986 421.14706 7.4425535 30.418882 0.77033895
--
car 385.93024 421.11322 7.3869553 30.444536 0.7532457
--
car 385.9441 421.10464 7.393764 30.445295 0.7532073
--
car 385.95593 421.1068 7.4154415 30.440628 0.75493735
--
car 385.92706 421.19412 7.374797 30.416058 0.7467004
--
car 385.94223 421.18335 7.364662 30.410097 0.7465061
--
car 385.9934 421.035 7.3741317 30.365938 0.72567
--
car 385.9986 421.03796 7.4033985 30.356585 0.72947073
--
car 385.97162 420.96777 7.3762813 30.371883 0.7296675
--
car 385.994 420.96072 7.3597913 30.37719 0.73003066
--
car 385.9968 420.95993 7.3828635 30.373627 0.7358245
--
car 386.00272 420.9574 7.371641 30.381046 0.7346252
--
car 386.00986 420.95282 7.390348 30.36633 0.7376573
--
car 386.00034 420.9522 7.390933 30.366173 0.7417578
--
car 386.0033 420.95636 7.4103456 30.36686 0.7441914
--
car 386.00174 420.9584 7.418152 30.354002 0.74553245
--
car 386.00793 420.9662 7.39418 30.362328 0.7369389
--
car 386.01776 420.96198 7.376441 30.371923 0.7253335
--
car 386.02524 420.96948 7.39746 30.362093 0.7270058
--
car 386.0175 420.97168 7.387446 30.372723 0.724989
--
car 386.04886 421.11578 7.3926897 30.492533 0.7347567
--
car 386.0447 421.11176 7.38173 30.496582 0.73294467
--
car 386.0503 421.1117 7.3990693 30.496798 0.73372984
--
car 386.05276 421.1153 7.405465 30.501158 0.7360833
--
car 386.06485 421.10867 7.3914948 30.50599 0.7296705
--
car 386.18405 421.1315 7.2974443 30.263037 0.6379331
--
car 386.14655 421.0857 7.3338637 30.23829 0.6954758
--
car 386.1414 421.08633 7.323313 30.23162 0.6875001
--
car 386.1222 421.1009 7.294196 30.217075 0.6897731
--
car 386.12674 421.10538 7.296935 30.21136 0.6912766
--
car 386.1636 421.04822 7.2867546 30.19332 0.7036458
--
car 386.19604 421.03754 7.289496 30.21225 0.69789726
--
car 385.66223 420.7557 7.487396 30.329662 0.6804607
--
car 385.6739 420.73962 7.480115 30.338018 0.6743189
--
car 385.67902 420.7528 7.4976864 30.329014 0.6839593
--
car 385.67178 420.75485 7.4997287 30.331665 0.6904304
--
car 385.69446 420.7548 7.503887 30.326305 0.6937411
--
car 385.70493 420.74655 7.4849014 30.333418 0.68943346
--
car 385.71674 420.74435 7.4624205 30.341208 0.68327963
--
car 385.68024 420.75653 7.4662724 30.3489 0.69182414
--
car 385.64276 420.7647 7.4698477 30.365852 0.7018416
--
car 385.64972 420.7507 7.4427853 30.368324 0.69276303
--
car 385.649 420.75653 7.471615 30.35759 0.7077964
--
car 385.6595 420.7549 7.4902177 30.353235 0.7119822
--
car 385.88412 420.59543 7.462364 30.281853 0.6137133
--
car 385.87955 420.61935 7.453435 30.287064 0.6170718
--
car 385.8788 420.62598 7.454559 30.292791 0.61950487
--
car 385.8948 420.62802 7.456404 30.277143 0.6195826
--
car 385.89212 420.62946 7.453356 30.278572 0.61957383
--
car 385.89984 420.6267 7.464157 30.273268 0.62368035
--
car 385.89514 420.63712 7.458534 30.278503 0.6256894
--
car 385.9242 420.63013 7.47682 30.259716 0.6381068
--
car 385.93253 420.62488 7.4867935 30.242418 0.64629954
--
car 385.91055 420.631 7.490527 30.250729 0.655593
--
car 385.88358 420.6453 7.4563293 30.277203 0.6370447
--
car 385.80222 420.6794 7.302227 30.457642 0.537458
--
car 385.75522 420.7917 7.178081 30.54681 0.64784586
--
car 385.74414 420.77124 7.1487913 30.564468 0.60934347
--
car 385.747 420.79196 7.1324363 30.575603 0.59907186
--
car 385.7751 420.7652 7.1275573 30.582027 0.58181274
--
car 385.73004 420.8749 7.06542 30.648357 0.5925349
--
car 385.69907 420.8754 7.0562644 30.655594 0.57087713
--
car 385.6761 420.89108 7.0413322 30.661587 0.56343937
--
car 385.72067 420.98462 7.133501 30.533913 0.6773834
--
car 385.76816 421.00095 7.122732 30.50188 0.6848929
--
car 385.6823 420.96188 7.0378428 30.539219 0.65457857
--
car 385.67432 420.9496 7.0403733 30.550093 0.6383838
--
car 385.62585 420.96652 7.0305967 30.561245 0.65121996
--
car 385.88553 420.923 6.9381533 30.657492 0.63269603
--
car 385.8905 420.9286 6.963606 30.649405 0.63663584
--
car 385.90012 420.94708 6.9414806 30.651045 0.6336068
--
car 385.89453 420.95428 6.971537 30.63721 0.64059997
--
car 385.88007 420.94208 6.9362597 30.645538 0.6339291
--
car 385.89075 420.97482 7.024444 30.646904 0.6445316
--
car 385.8724 420.97394 7.024177 30.645954 0.6415298
--
car 385.86246 420.9736 7.0004263 30.651068 0.63643634
--
car 385.86606 420.9687 7.0063834 30.651789 0.6342165
--
car 385.8674 420.97003 7.000481 30.652397 0.6333459
--
car 385.84445 420.97134 6.991438 30.653845 0.62449753
--
car 385.84982 420.97815 6.9854836 30.64953 0.62665176
--
car 385.65326 420.62817 6.995094 30.431965 0.5317336
--
car 385.6342 420.63342 6.9854527 30.438475 0.52399325
--
car 385.6346 420.63193 6.9874616 30.44672 0.5224664
--
car 385.65308 420.61877 6.9791174 30.439259 0.5096042
--
car 385.6498 420.6261 6.9776783 30.43263 0.5128315
--
car 385.6402 420.65167 6.981401 30.396147 0.5259918
--
car 385.61197 420.65463 6.973953 30.408401 0.53183216
--
car 385.61703 420.6454 6.964023 30.409508 0.49345568
--
car 385.62045 420.6463 6.9639854 30.400875 0.510249
--
car 385.61365 420.6752 7.002939 30.336903 0.5393162
--
car 385.59756 420.63412 7.013444 30.335194 0.5231783
--
car 385.5999 420.63257 7.0125136 30.339373 0.52084297
--
car 385.38144 421.17834 6.980253 30.467033 0.52816933
--
car 385.38095 421.18668 6.9698544 30.475988 0.5309246
--
car 385.39297 421.18958 6.974846 30.481838 0.5358918
--
car 385.381 421.19833 6.967711 30.481222 0.53745
--
car 385.38394 421.19943 6.969287 30.481289 0.5382422
--
car 385.3904 421.1989 6.9701414 30.475214 0.53501546
--
car 385.39142 421.20856 6.9622703 30.470655 0.5309966
