--
car 6.1555033 32.096516 106.48116 126.45749 0.5627232
car 193.80304 204.84715 35.049667 44.55675 0.6207778
car 201.59514 214.95589 34.9465 45.527473 0.71393555
car 84.42759 122.81299 89.101326 110.210884 0.989297
--
car 193.91962 204.23807 35.60018 44.330307 0.54810584
car 6.0977163 32.301537 106.765396 126.213165 0.58598346
car 203.89835 215.24034 37.84756 47.031048 0.73789185
car 84.622894 122.77998 89.13348 109.943085 0.9878468
--
car 5.9181476 32.88821 106.93959 126.15002 0.43371084
car 193.67824 204.0441 34.82128 44.704304 0.69893414
car 203.06017 215.32259 35.1938 45.291325 0.7164409
car 86.08532 124.331 89.04113 109.87836 0.990411
--
car 203.6598 215.19402 35.760105 44.78851 0.5151914
car 193.08739 203.63226 35.551815 44.8514 0.6242069
car 5.8326797 33.32137 106.96906 126.36971 0.634755
car 88.45839 126.22398 88.5011 109.89695 0.9893253
--
car 204.79042 216.16902 35.75091 44.643852 0.4425941
car 5.8032937 33.680134 106.99542 126.43236 0.44571343
car 191.1558 200.82542 38.212738 46.241524 0.7559296
car 89.564255 126.70325 88.116615 109.74792 0.98181564
--
car 5.8248906 34.375004 106.86041 126.4486 0.41398048
car 206.35742 216.29243 35.578335 44.419975 0.5257937
car 190.87025 200.35832 38.623505 46.153484 0.8801936
car 90.86615 127.45723 87.68847 109.75717 0.98004127
--
car 5.583683 34.776237 106.9747 126.48816 0.47720355
car 208.46736 218.18025 35.947124 44.044502 0.5484073
car 190.17401 199.96669 38.768173 46.483356 0.8503671
car 93.165985 129.81442 87.10746 108.49141 0.9828703
--
car 5.606042 34.82036 106.90881 126.49508 0.4839385
car 208.4492 218.15247 35.92456 44.06631 0.54926157
car 190.16617 199.88052 38.796642 46.468697 0.85658747
car 93.13753 129.8505 87.06131 108.501686 0.9823934
--
car 5.6302032 35.498196 106.580536 127.045876 0.44542646
car 208.81424 218.3643 36.177586 44.091057 0.5674365
car 190.05234 199.4689 38.790497 46.67747 0.71451163
car 94.615326 129.98163 85.06617 106.283905 0.99226564
--
car 209.54727 218.91875 36.065937 44.384644 0.3263854
car 5.9451504 36.166027 106.42704 127.50217 0.4022411
car 188.95854 197.31544 40.190205 47.156055 0.67801416
car 96.23092 131.36508 84.784454 106.25951 0.9947275
--
car 7.2464113 37.49082 106.16426 127.106476 0.5136268
car 209.57486 219.19641 35.530563 44.187126 0.626998
car 187.73575 197.61082 40.556324 47.67661 0.9214952
car 98.36302 133.51073 84.96588 105.55488 0.9967152
--
car 7.9572496 37.794685 105.849686 127.221146 0.647108
car 209.8273 219.62572 35.356113 44.16604 0.7548053
car 186.9436 197.19865 41.477856 48.890865 0.95761746
car 99.756256 134.95207 84.479774 104.90774 0.9963609
--
car 8.416908 38.191254 106.86961 126.58992 0.4892903
car 210.29422 219.60649 34.62104 43.8543 0.5645091
car 186.4257 196.94176 42.111767 49.669865 0.88091296
car 101.374695 135.68915 83.982635 104.72083 0.9957597
--
car 8.45702 38.167427 106.842575 126.62013 0.47680497
car 210.27701 219.5973 34.664135 43.92107 0.55668116
car 186.42276 196.9615 42.135265 49.700203 0.88037723
car 101.38172 135.6936 83.98804 104.72078 0.99584854
--
car 9.960701 39.341476 106.11258 126.81693 0.5175547
car 211.14319 220.35188 34.863533 43.575676 0.59298104
car 185.49136 196.64746 42.287323 50.245262 0.93004125
car 102.40376 136.22098 82.9404 103.99796 0.992928
--
car 10.069277 40.423084 105.90395 127.08583 0.53869426
car 211.50142 220.84052 34.00394 43.35765 0.7810832
car 184.85959 196.14633 42.175396 50.52054 0.9374498
car 103.81825 138.9081 82.52933 103.614494 0.99345326
--
car 10.594436 40.75282 105.72849 127.106606 0.41040766
car 211.70523 221.41016 33.288754 42.973316 0.9126402
car 183.62003 195.14319 42.07286 51.01245 0.9738553
car 105.88485 139.7696 81.98686 102.94091 0.99315304
--
car 11.405362 41.62995 105.58885 127.198654 0.59435225
car 212.00972 221.67867 33.230812 42.780777 0.9210293
car 182.94925 194.43645 42.861702 51.511105 0.97782
car 108.17546 141.11574 81.55241 102.148766 0.99248594
--
car 13.572503 42.755157 106.29313 125.839294 0.61991084
car 212.22128 221.89784 33.312828 42.95645 0.8833607
car 182.38481 193.7488 43.00848 51.9977 0.94059956
car 109.084885 142.73232 81.27781 101.67137 0.99261403
--
car 11.710416 41.93497 105.899574 127.11577 0.5686757
car 212.24042 221.92223 33.350613 42.97148 0.8739272
car 182.39626 193.66164 42.964996 52.055626 0.9377017
car 109.07197 142.76855 81.29147 101.68459 0.9923902
--
car 14.282071 42.52089 103.663025 124.345856 0.626176
car 212.9323 222.44829 33.432766 42.87624 0.72895145
car 181.76161 192.63219 43.361156 52.758987 0.92859215
car 110.55535 144.35315 80.51773 101.73953 0.9895042
--
car 213.61555 222.9743 33.18586 42.38825 0.54175353
car 14.311674 43.354015 103.58364 124.46871 0.6950858
car 181.2464 191.70953 42.713356 53.791557 0.7484358
car 112.56766 144.23793 79.64285 102.311554 0.9905827
--
car 213.7724 222.99202 33.35298 42.42695 0.6080565
car 14.624515 44.160072 103.549446 124.6467 0.7687208
car 177.61003 189.61949 43.84534 54.477467 0.81953347
car 114.28553 145.5628 80.29843 100.437614 0.98481613
--
car 214.10715 223.6221 32.742252 42.096844 0.7609348
car 15.051831 44.481842 103.70233 124.28307 0.8277724
car 177.13477 189.11565 43.932533 54.831295 0.8917923
car 115.47494 146.08562 79.86212 99.87587 0.98597693
--
car 214.49744 224.52827 32.208923 41.925358 0.7756943
car 15.751955 45.57026 103.81604 123.611 0.8998647
car 176.26697 188.90176 43.7836 54.976864 0.93378395
car 117.22413 147.09161 79.2563 100.13711 0.9880593
--
car 214.46652 224.49072 32.125267 41.845997 0.76767534
car 15.701658 45.594734 103.80878 123.605 0.89321244
car 176.26436 188.89484 43.771152 54.975887 0.93491226
car 117.399704 147.06969 79.21422 100.17072 0.9878784
--
car 214.7493 224.42786 32.141636 41.421074 0.59563005
car 175.90962 187.72382 44.37894 54.781513 0.86487323
car 16.578182 46.91464 103.60998 123.31366 0.90591764
car 119.23899 148.05858 78.939705 99.55958 0.984673
--
car 215.30911 224.7339 32.44852 41.681572 0.4850626
car 17.463554 48.529243 103.37404 123.74546 0.8496916
car 174.22124 186.56638 47.040997 55.990883 0.89747083
car 120.188614 149.51991 78.483086 99.01381 0.98514193
--
car 215.55307 224.46053 32.67487 41.3816 0.4402475
car 18.803858 49.100433 103.15645 123.684105 0.8103532
car 173.42413 185.776 46.491287 56.959873 0.94778126
car 122.60758 151.2179 76.775085 97.29898 0.98570895
--
car 215.64835 224.08185 32.59017 40.89479 0.30802906
car 19.751087 50.151688 103.16561 124.35489 0.9294138
car 172.39801 185.67844 46.52891 57.736523 0.9582264
car 123.92781 151.45232 76.39599 97.33915 0.9879106
--
car 216.00375 224.46692 32.486744 40.966103 0.34872368
car 20.327888 50.447575 103.2493 124.26889 0.93936634
car 171.37906 184.51772 46.410057 58.446495 0.95288205
car 125.55354 152.7092 77.031784 96.48746 0.99338204
--
car 216.0893 224.34494 32.528988 40.930794 0.30512613
car 20.19842 50.50428 103.10059 124.355576 0.92718405
car 171.39629 184.55394 46.36091 58.441654 0.95185786
car 125.48671 152.75452 77.046005 96.48803 0.9933386
--
car 170.12881 183.81197 46.611214 59.17421 0.8907793
car 21.014208 50.71123 102.40261 124.6319 0.9328345
car 126.46516 152.9996 77.08798 96.018814 0.9961494
--
car 168.07579 180.93105 49.32251 59.763092 0.83037883
car 21.714455 50.65891 101.90055 124.37633 0.8700491
car 127.96512 154.45358 76.65091 95.48778 0.993745
--
car 22.534746 53.486538 101.45427 123.482735 0.8110213
car 167.10083 180.81676 49.77393 60.08605 0.95344406
car 128.60258 155.83357 75.92378 94.980644 0.9918695
--
car 23.33846 53.74456 102.184006 123.039276 0.8352048
car 166.2618 179.51581 50.321724 60.903168 0.98197484
car 129.39644 156.91248 75.70153 94.373215 0.9898933
--
car 24.515009 54.716335 101.902306 122.91106 0.90183944
car 130.57794 157.57553 74.801445 93.43149 0.9876346
car 164.29465 178.42738 50.671467 61.681923 0.9898672
--
car 24.503956 54.715305 101.91531 122.90495 0.9087321
car 130.56873 157.60866 74.80845 93.43875 0.98767364
car 164.29646 178.41652 50.681572 61.683136 0.9898916
--
car 25.323431 56.043236 102.062416 122.8375 0.88847744
car 132.3661 158.41565 73.8696 93.26814 0.9826804
car 163.79623 177.04182 50.763256 62.461926 0.9865459
--
car 25.70407 56.039337 101.754295 122.74415 0.8871978
car 163.45815 176.19331 51.502167 63.332813 0.96594584
car 133.93991 159.18948 73.12528 92.83114 0.97781223
--
car 26.810467 55.874554 102.19366 122.69597 0.7119661
car 162.03683 174.99435 51.486805 64.16438 0.95927906
car 134.10652 156.81328 73.3492 91.37903 0.9594766
--
car 28.968565 57.169067 101.47783 122.612434 0.6955197
car 161.6018 174.17946 51.922283 64.68347 0.90467614
car 135.34882 157.3578 72.86482 91.58621 0.9249267
--
car 29.719473 57.161312 100.49612 122.528915 0.779638
car 136.75296 161.51149 72.42753 89.778564 0.9246793
car 156.90149 172.96501 51.71592 65.66776 0.9395185
--
car 29.82811 57.158318 100.43999 122.50699 0.75063384
car 136.75688 161.53142 72.45163 89.77421 0.92897624
car 156.90166 172.98988 51.737244 65.63957 0.9368155
--
car 30.671972 57.83041 98.53506 122.11133 0.74321187
car 156.64496 172.01866 51.61314 65.83468 0.93738204
car 136.97813 161.89899 71.98198 89.601875 0.96497494
--
car 143.40857 159.6799 71.294334 82.49656 0.31094489
car 32.24269 64.4163 98.408424 122.82215 0.37537515
car 137.95427 162.13557 71.568825 89.3523 0.9460338
car 154.87216 168.9822 55.702187 67.39557 0.9647478
--
car 33.370068 63.53219 98.62826 122.31768 0.5317805
car 153.89397 168.29993 55.78769 68.170425 0.9326415
car 141.3303 161.94473 72.3991 89.389496 0.95620996
--
car 152.42587 166.70143 55.626907 68.80491 0.9247549
car 141.80229 162.48206 72.47033 89.031425 0.9708198
--
car 152.49927 165.5676 56.914413 70.05141 0.7419369
car 142.79308 162.1816 72.95716 88.7536 0.9717605
--
car 152.50829 165.56454 56.94573 70.0823 0.7413367
car 142.79881 162.13406 72.957146 88.73248 0.97256786
--
car 147.54074 163.50545 58.984814 71.47298 0.83956873
car 143.66663 162.31128 71.3975 89.14666 0.9652285
--
car 146.94867 162.00217 59.96107 71.42832 0.77023596
car 144.71606 164.96227 70.78776 89.1766 0.9337046
--
car 148.42732 160.49449 59.99561 71.20873 0.33093348
car 146.15448 169.34717 67.001755 87.34131 0.9636187
--
car 146.8723 159.42255 60.258476 72.824135 0.3685081
car 145.68188 169.90454 67.10916 87.144806 0.9863902
--
car 146.23373 170.36327 67.62437 86.4762 0.99090743
--
car 146.24493 170.31152 67.58898 86.47771 0.99094415
--
car 139.34679 151.92476 67.01768 76.71111 0.7966006
car 147.79752 170.81313 66.86786 85.48102 0.9738922
--
car 138.37486 152.32678 67.161026 78.036606 0.9467073
car 148.7709 171.43622 66.58871 85.143295 0.9739466
--
car 53.205788 83.123085 97.60597 117.384926 0.39209774
car 149.62201 171.78348 66.5716 84.58786 0.9653054
car 136.80287 151.67218 68.21764 79.14987 0.9796263
--
car 55.179245 85.94688 95.17456 114.099754 0.64393306
car 150.58371 172.43314 65.91568 84.521225 0.9534393
car 135.23477 150.98296 68.373405 79.89634 0.979516
--
car 54.00581 88.31368 94.20914 114.75409 0.6838821
car 152.78593 170.77147 66.94611 83.18633 0.9785413
car 133.94641 149.37251 68.5856 81.29773 0.98135066
--
car 53.986904 88.2716 94.30193 114.71395 0.6831885
car 152.80661 170.80817 66.95697 83.17813 0.9778201
car 133.92804 149.37611 68.57677 81.29283 0.9810671
--
car 56.01372 88.753395 93.56592 114.42602 0.45803437
car 133.67096 148.38966 68.1033 81.88183 0.9455867
car 153.08919 173.00134 66.830475 83.05268 0.9852239
--
car 130.41997 142.14822 74.303185 84.621635 0.50977397
car 135.69167 146.25813 68.55066 81.07669 0.6567847
car 59.44673 91.632904 93.77422 114.535614 0.696947
car 127.465225 145.0736 69.13533 82.797386 0.8336404
car 154.17155 174.46182 66.254005 83.18227 0.9903891
--
car 125.58755 146.62729 66.09266 85.268196 0.36229858
car 128.59615 142.12192 73.7743 86.14267 0.8637983
car 59.153465 93.62281 92.45619 114.26367 0.9100646
car 154.67319 174.72836 65.65607 83.04666 0.98790765
--
car 124.88046 145.171 66.43814 85.81149 0.44254333
car 60.442528 95.42829 91.816574 113.94585 0.9294725
car 126.46172 141.2894 74.143524 87.186325 0.9406895
car 154.94377 175.39952 64.89458 82.9903 0.97780824
--
car 124.57664 140.27518 73.67266 87.506584 0.91755813
car 62.01527 97.096 92.78645 113.4857 0.9499335
car 155.63644 175.04831 64.90621 82.30595 0.95821226
--
car 124.98676 140.43199 69.4841 83.55305 0.4085184
car 63.18231 97.864845 92.695244 113.91759 0.92677593
car 122.78113 139.92166 74.032166 88.801384 0.9424356
car 154.99257 179.58925 61.88962 80.59264 0.96466506
--
car 125.011955 140.39754 69.4132 83.58591 0.42891088
car 63.074284 97.952126 92.42621 113.97956 0.9279158
car 122.870346 139.96317 74.22051 88.78072 0.94306356
car 155.07901 179.50346 61.92526 80.56862 0.96393114
--
car 122.8311 138.60094 74.77779 90.17266 0.8744863
car 66.681564 101.92502 93.846306 114.22951 0.9068935
car 155.58113 179.74773 61.988968 79.96098 0.9768315
--
car 119.05785 137.38301 76.53874 92.936676 0.8636226
car 67.01679 104.32947 93.623795 113.775635 0.9467229
car 156.78322 179.39679 62.299374 79.50179 0.9740468
--
car 117.741936 136.73227 76.6555 93.72064 0.9236718
car 69.64778 106.53699 93.57903 114.03883 0.9495993
car 157.49457 180.46771 61.4105 79.389114 0.9681582
--
car 116.59451 135.98633 77.515015 94.17544 0.89058614
car 159.60559 180.549 61.06873 79.5167 0.9677335
car 72.62079 105.47377 94.21399 113.7597 0.96851146
--
car 113.30366 133.76862 76.57963 96.06517 0.84583503
car 74.64479 107.02027 93.090034 113.39697 0.96237314
car 160.81612 180.81186 60.832832 79.41005 0.9688034
--
car 113.31266 133.79283 76.5673 96.04575 0.84711087
car 74.59059 107.028076 92.96798 113.403366 0.9645827
car 160.76297 180.81645 60.782852 79.44075 0.9689834
--
car 112.80607 132.14282 76.29561 96.7685 0.7426408
car 161.22655 181.74652 60.562622 79.336624 0.96058553
car 75.807724 113.2303 92.677444 113.82565 0.9607451
--
car 114.03467 130.52701 77.77521 99.48222 0.61821216
car 161.93227 182.56812 60.52149 79.315735 0.9582759
car 78.71303 116.04192 92.224815 113.3529 0.96486187
--
car 80.9796 117.91502 91.18673 113.05158 0.9109923
car 163.87718 183.93878 59.473515 77.366844 0.9306236
--
car 83.90656 122.79061 87.47135 112.200096 0.8603394
car 164.60172 183.78192 58.671562 77.067245 0.9592792
--
car 85.62023 123.93734 88.49196 111.83762 0.86364716
car 164.72917 184.22794 59.043503 76.47088 0.95687157
--
car 85.90569 123.96153 88.6793 111.85809 0.8676209
car 164.73146 184.24701 59.03671 76.475334 0.9585994
--
car 87.88164 126.03751 88.18091 111.894806 0.87973636
car 165.49521 183.8627 58.70399 76.15854 0.9399462
--
car 90.52583 127.17088 87.63481 112.25849 0.8671185
car 166.68674 185.96408 59.24693 74.960884 0.95184547
--
car 93.52099 131.68944 89.462494 111.726494 0.88441753
car 166.54279 186.60306 58.971127 74.46069 0.97278684
--
car 94.443245 133.92941 90.07104 112.240974 0.9697978
car 167.37805 186.64352 58.470066 73.88824 0.98216665
--
car 95.69162 136.52856 89.434074 112.98778 0.914273
car 167.60391 187.14113 58.575207 73.15497 0.9778359
--
car 95.65393 136.31714 89.74933 112.9652 0.92251354
car 167.63268 187.09927 58.609436 73.12084 0.9782724
--
car 97.723305 135.22354 89.52439 113.73768 0.97362226
car 167.79094 187.45753 58.229126 73.01267 0.9833038
--
car 98.38182 137.23885 91.17828 114.90056 0.91298133
car 168.91768 187.69217 58.198524 72.07244 0.9840663
--
car 98.06205 145.75183 92.35208 116.339615 0.9158261
car 169.26978 187.95029 58.030712 71.706665 0.99067885
--
car 100.23302 145.92865 93.10005 116.34618 0.81599987
car 170.06198 188.28922 57.694824 71.24965 0.98849875
--
car 104.42206 146.12648 92.94191 116.343925 0.71486956
car 170.54875 188.5282 57.38156 70.910255 0.984064
--
car 104.60783 146.0091 92.940025 116.32968 0.734582
car 170.47534 188.55821 57.3634 70.91257 0.98447096
--
car 89.71498 104.39937 94.14335 110.4765 0.65610415
car 108.98352 143.8645 94.15449 115.78384 0.9297747
car 171.55452 188.11432 56.624977 70.81967 0.9865692
--
car 113.98212 128.60014 98.06869 117.46312 0.42896897
car 118.63466 146.52336 94.39205 114.32808 0.5976092
car 88.70891 106.48922 94.53157 110.36332 0.6005079
car 172.18378 188.2735 56.162926 70.60574 0.9851968
--
car 119.077515 132.71869 100.71043 116.55784 0.48556805
car 84.82481 106.51851 94.35063 115.17742 0.53130937
car 119.355576 147.26245 94.43108 114.37616 0.5448301
car 173.37494 188.97115 55.885223 70.471146 0.98805255
--
car 84.00383 109.86414 94.24841 115.73431 0.69994754
car 122.50925 145.33305 94.44474 114.470245 0.8248143
car 173.9693 189.43857 55.53627 70.70323 0.9774596
--
car 82.69723 109.17513 94.53348 115.84985 0.6828859
car 128.01749 146.67531 93.92595 116.248856 0.68945545
car 174.32056 190.45656 55.646145 70.31423 0.9446294
--
car 82.57537 109.0673 94.53048 115.84672 0.6947647
car 128.00063 146.6857 93.97039 116.26068 0.7020385
car 174.37263 190.46597 55.64433 70.28443 0.9472162
--
car 130.34752 149.08333 95.03185 110.85775 0.32642004
car 81.740265 108.76109 96.338036 118.18006 0.6281091
car 174.88705 190.59381 55.735645 69.21452 0.9064627
--
car 80.40252 108.90151 97.82856 119.38151 0.83257765
car 174.89078 191.18956 55.01135 68.76191 0.8708745
car 131.84671 153.01997 93.534775 115.429436 0.8845674
--
car 79.99165 108.58308 98.59623 119.87252 0.7021425
car 175.22755 191.24915 54.664124 68.37844 0.8570067
--
car 79.123924 109.84647 99.66245 120.78627 0.71954733
car 176.19807 190.88187 55.435547 68.09296 0.87248343
--
car 77.84621 110.4352 100.64802 122.383865 0.75583005
car 176.6837 190.46808 55.47162 67.52207 0.83030075
--
car 77.94484 110.30831 100.66218 122.11487 0.7801867
car 176.73593 190.36845 55.52724 67.40139 0.82312804
--
car 177.75893 193.22453 52.329937 64.20752 0.8784685
car 77.50978 104.537926 101.602516 123.77346 0.89110094
--
car 77.31475 112.10268 101.65903 123.61151 0.89093655
car 178.37262 192.99712 52.397537 64.62885 0.9123799
--
car 178.61281 192.97299 51.771763 64.76007 0.9465712
car 75.82282 104.48518 102.19788 124.929 0.95042104
--
car 74.88028 105.305626 103.16542 125.45397 0.91983396
car 179.2741 193.25488 51.964325 64.613655 0.9747992
--
car 75.96518 113.28884 102.71726 125.34075 0.89249486
car 179.83719 193.5167 51.224167 64.45616 0.964287
--
car 74.56795 106.35187 102.561325 126.084984 0.8953672
car 179.85344 193.50581 51.21159 64.41606 0.9644181
--
car 74.74773 106.21217 103.23967 125.58606 0.9456097
car 180.61282 194.09012 51.359165 64.1398 0.9749433
--
car 74.06625 106.46142 105.41714 129.31029 0.8171734
car 181.65967 194.12784 51.115196 63.822086 0.96425027
--
car 74.25503 106.5816 106.48966 129.96246 0.7823648
car 182.27382 194.91893 50.836075 63.56334 0.96609396
--
car 74.5855 107.45621 107.14358 130.96848 0.947512
car 182.73233 194.90582 50.47151 63.486183 0.9705903
--
car 75.364365 106.978615 107.896576 131.82405 0.91894364
car 183.37025 195.10388 50.070248 62.981236 0.9556557
--
car 75.433846 106.81761 107.8153 131.8597 0.92449725
car 183.38539 195.20724 50.033096 63.00929 0.9624277
--
car 75.336845 106.89413 108.479065 131.5122 0.91459465
car 183.46396 194.93254 49.451393 62.75603 0.9639184
--
car 74.999985 107.26457 109.03582 131.88731 0.81954455
car 183.58363 195.63832 49.327557 62.6622 0.969155
--
car 76.53023 113.249756 108.815346 133.3453 0.7537161
car 184.08788 196.38083 49.246002 62.626812 0.96466434
--
car 74.76685 106.698135 108.60835 133.35617 0.44322413
car 184.37524 197.10054 49.34779 62.531418 0.94389457
--
car 74.87636 115.89945 108.78401 134.55 0.54476947
car 184.70683 197.83723 49.183384 62.448463 0.93657434
--
car 74.82897 116.0039 108.96489 134.43683 0.62193763
car 184.6958 197.82544 49.169586 62.48363 0.9336388
--
car 74.91129 115.88094 109.04118 135.1835 0.43211848
car 184.86584 198.15146 49.151695 62.529953 0.9343576
--
car 74.75687 116.61492 109.3633 133.62115 0.3933468
car 184.81604 198.935 48.66467 62.21515 0.87049675
--
car 74.73306 115.66699 109.18398 134.82768 0.77265346
car 185.01802 199.11456 48.622982 62.08559 0.83859324
--
car 75.382385 114.2153 109.68739 134.55385 0.76528895
car 185.39265 199.2217 48.55392 61.755077 0.89727676
--
car 75.71159 112.907196 109.40592 134.44505 0.85134846
car 185.52007 199.37143 48.265686 61.12916 0.8862448
--
car 75.69097 112.96655 109.399055 134.33055 0.8573058
car 185.53725 199.35222 48.28219 61.183163 0.885426
--
car 76.29277 112.60171 109.22475 134.98878 0.8256396
car 185.79204 199.64622 48.074486 60.69926 0.84639835
--
car 185.97108 199.62749 47.76012 60.36318 0.83501285
car 77.11622 112.150604 109.47136 134.8086 0.9189915
--
car 186.13867 199.8602 47.601597 60.027447 0.73070556
car 77.92284 111.85998 109.82103 134.58052 0.9040652
--
car 187.81857 201.60664 46.73877 58.999897 0.7706542
car 78.34933 110.77536 110.24828 134.57535 0.8504786
--
car 78.36858 111.01361 109.66566 135.43648 0.8039171
car 187.98524 201.73741 46.783955 58.066452 0.87743396
--
car 78.275 111.00553 109.660904 135.34305 0.8187761
car 187.97354 201.73225 46.76324 58.07579 0.87551475
--
car 78.716896 110.610664 110.1109 135.56326 0.7280603
car 188.01251 201.78424 46.23402 57.79346 0.8796575
--
car 78.66951 110.49553 110.14684 135.99995 0.61422014
car 188.41243 201.87785 46.200703 57.61262 0.87876904
--
car 78.52836 110.479004 110.50236 135.8085 0.6914285
car 188.70506 202.00722 45.856216 57.759686 0.8480272
--
car 77.90719 110.6149 110.611404 135.9754 0.63435817
car 188.76622 202.28601 45.86047 57.571564 0.8008127
--
car 77.6826 110.38792 110.3516 136.1807 0.6652333
car 189.21297 202.10239 45.79261 57.407753 0.8076074
--
car 77.741974 110.48563 110.4534 135.97238 0.6824138
car 190.44629 202.52243 44.459923 54.973064 0.7904195
--
car 75.96838 111.76735 112.34593 140.16013 0.80432266
car 190.8552 203.16469 44.118774 55.20544 0.81087357
--
car 75.38176 105.206024 112.08482 140.9805 0.6703199
car 191.35751 203.07278 44.290268 55.000435 0.8070725
--
car 75.22571 104.278366 112.75541 141.42612 0.62691385
car 192.05946 203.21179 43.987015 54.99819 0.8617335
--
car 75.52662 111.58414 112.51011 141.20158 0.6872451
car 192.21408 203.44617 43.860844 55.170345 0.9134915
--
car 74.241554 105.84892 112.73908 142.58928 0.6425821
car 192.64175 203.47127 43.904465 55.083786 0.9073223
--
car 74.25008 105.757675 112.71698 142.53917 0.6343902
car 192.60292 203.408 43.914562 55.06255 0.9079433
--
car 73.86697 105.97814 112.56912 142.43694 0.5808145
car 192.87474 203.47429 43.801865 54.907448 0.9168822
--
car 73.67332 105.682526 112.82018 142.37622 0.48548502
car 193.48914 204.03801 43.922855 54.69094 0.95978135
--
car 73.27687 105.31428 113.05405 142.30118 0.5610354
car 193.89835 204.56201 43.991234 54.57818 0.96952903
--
car 71.84148 105.59385 113.794586 142.40976 0.65801704
car 194.24336 205.04028 43.864475 54.40504 0.97314185
--
car 71.71639 105.024734 113.798706 142.72704 0.78453916
car 194.50261 205.13142 43.551586 54.172016 0.9733211
--
car 71.72308 104.96889 113.809044 142.65326 0.77795666
car 194.53308 205.15817 43.534176 54.183422 0.97296005
--
car 71.48774 105.03931 113.79028 142.84665 0.76313317
car 194.6953 205.35266 43.16639 53.98431 0.9730054
--
car 71.4987 104.816086 114.14058 143.28204 0.8002041
car 194.9948 205.80447 42.97022 53.739532 0.97698116
--
car 71.45944 105.1542 114.03903 143.58307 0.7979572
car 195.14568 206.50597 42.802063 53.681744 0.9699376
--
car 71.32173 104.92964 113.92938 143.92249 0.8850303
car 195.35281 207.06781 42.614304 53.73145 0.9768727
--
car 71.328026 104.90697 113.78935 143.93005 0.89593893
car 195.4318 207.17242 42.36117 53.66809 0.96891516
--
car 71.330055 104.79786 113.73454 143.98279 0.90277106
car 195.42714 207.20537 42.330173 53.671562 0.96888715
--
car 71.31423 104.71168 113.97043 144.02089 0.9094557
car 195.72244 207.4071 42.7478 53.45628 0.95972246
--
car 71.00312 104.9683 113.85848 144.33179 0.9236319
car 195.88666 207.75316 42.90157 53.025536 0.9346038
--
car 71.05671 105.156685 113.899994 144.7325 0.8896502
car 195.89685 207.83838 43.002914 52.87003 0.9285448
--
car 70.79453 105.0688 114.23055 144.48212 0.8715457
car 196.08392 207.8611 43.082836 52.658333 0.9242066
--
car 70.43505 104.87569 114.468765 144.41951 0.86579746
car 196.21303 207.93793 42.970036 52.30263 0.92920583
--
car 70.375984 105.012276 114.269455 144.45917 0.8713654
car 196.23654 207.91568 42.985233 52.2799 0.9288512
--
car 70.29752 105.020485 114.55096 144.45529 0.8739519
car 196.42647 207.91127 42.962627 52.265427 0.9223246
--
car 70.27379 105.10975 114.65721 144.54568 0.8581371
car 196.62106 207.90045 42.646873 52.320618 0.8989326
--
car 70.01673 105.01551 114.183044 144.6936 0.8293494
car 198.52873 209.13348 40.94546 51.224113 0.852926
--
car 151.84752 183.11424 94.48673 113.709076 0.3030826
car 69.77031 104.83612 114.90927 144.93231 0.82971513
car 198.5398 209.18207 40.701153 51.117546 0.87103254
--
car 69.40438 104.61687 115.03787 144.57979 0.80529743
car 198.58513 209.93718 41.041187 51.09736 0.95721483
--
car 69.36448 104.51927 115.29364 144.60542 0.7922747
car 198.64557 209.99084 41.076683 51.098484 0.9604913
--
car 69.417404 104.62307 115.03393 144.6509 0.7634583
car 199.04095 210.13283 41.01595 51.135334 0.9721521
--
car 68.9021 103.90032 114.95977 145.4034 0.5230354
car 199.28874 210.16501 40.585876 50.759857 0.9684639
--
car 68.59783 104.46958 115.040146 145.55922 0.54046035
car 199.31923 210.14178 40.965786 50.724457 0.9521956
--
car 68.56282 104.49688 115.19154 145.36603 0.50888586
car 199.42685 210.10953 41.05116 50.32093 0.95217997
--
car 67.971344 104.62232 114.961975 145.70442 0.43864375
car 199.58961 210.1386 41.125824 50.463913 0.9541328
--
car 67.983925 104.58391 114.89709 145.87306 0.4165218
car 199.61801 210.25006 40.787514 50.395367 0.95844984
--
car 67.76761 104.38199 115.14683 145.53694 0.4962833
car 200.50584 210.83368 40.89893 50.233154 0.95710665
--
car 67.693665 103.796196 115.52324 145.70544 0.42112052
car 200.9004 211.43663 40.363472 49.919277 0.96722806
--
car 67.84796 103.51137 115.64632 145.197 0.5847984
car 201.10721 211.59235 40.479733 49.941998 0.9616093
--
car 67.90059 103.20066 115.9734 145.43579 0.40196323
car 201.72551 211.8551 39.574352 49.32962 0.9608299
--
car 67.573235 103.464966 116.32625 145.93849 0.5110717
car 201.74812 211.9335 39.60556 49.131996 0.9522557
--
car 67.43751 103.632034 116.35279 146.09154 0.46998805
car 201.75587 211.95459 39.677845 49.13535 0.949396
--
car 67.30496 104.00964 115.92807 145.87914 0.31190023
car 201.73944 212.1091 39.24236 48.700096 0.9603876
--
car 201.7171 212.267 38.7572 48.492626 0.9707712
--
car 67.13794 103.42452 116.189514 146.2905 0.3040528
car 201.79309 212.52654 38.651573 48.29351 0.9690983
--
car 67.21373 103.60688 116.363434 146.10376 0.30014044
car 202.09235 212.68382 38.573093 47.98135 0.9614587
--
car 202.18015 212.84608 38.431374 47.942463 0.9708898
--
car 202.18703 212.8464 38.45078 48.003384 0.9708478
--
car 202.19722 212.9084 38.51588 47.861755 0.96171474
--
car 202.73444 213.17119 38.656292 47.748302 0.9450386
--
car 202.7555 213.3508 38.610046 47.679684 0.94464165
--
car 203.08374 213.41286 38.37625 47.956707 0.9385173
--
car 203.0781 213.41733 38.37393 47.96603 0.9384753
--
car 203.12053 213.40945 38.3624 47.962414 0.93689966
--
car 203.50662 213.65724 38.440872 47.62404 0.9650623
--
car 203.76637 214.1821 38.536053 47.354134 0.949031
--
car 203.74802 214.57822 38.488113 47.32122 0.9366307
--
car 204.03807 214.59819 38.35839 47.22089 0.9086735
--
car 204.08658 214.89061 38.469845 47.06893 0.88525635
--
car 204.08354 214.86952 38.476086 47.068943 0.88378537
--
car 204.41081 215.02858 38.53126 46.643806 0.8432435
--
car 204.5661 214.99138 38.36819 46.71203 0.8641276
--
car 204.8001 215.248 38.540714 46.581974 0.8899272
--
car 205.15843 215.50497 38.213737 46.443604 0.82105666
--
car 205.27762 215.56343 38.204494 46.44821 0.8171954
--
car 206.10103 215.61859 35.58676 45.339443 0.8401285
--
car 206.19037 215.64088 35.50281 45.392483 0.8390816
--
car 206.23485 215.91707 35.72917 45.353397 0.8400981
--
car 206.25418 216.06877 35.641216 45.455456 0.84711385
--
car 206.29407 216.39424 35.65158 45.47775 0.79988205
--
car 206.25041 216.47891 35.630447 45.324085 0.8151108
--
car 206.24872 216.48402 35.618225 45.330315 0.81558144
--
car 206.3716 216.34085 35.59456 45.089134 0.8459998
--
car 206.58891 216.20695 35.43529 45.049835 0.8245479
--
car 206.59953 216.30746 35.454308 45.028816 0.79102206
--
car 206.67113 216.47894 35.48713 44.656094 0.78398955
--
car 206.80234 216.44931 35.48588 44.607025 0.74541634
--
car 206.77448 216.46466 35.497585 44.600986 0.7524778
--
car 206.72806 216.56529 35.436207 44.57958 0.6945811
--
car 207.54865 219.04303 35.341114 45.05481 0.7469105
--
car 207.71635 218.96338 35.446957 44.975155 0.7699932
--
car 207.9173 219.2172 35.65342 44.63571 0.832933
--
car 207.89691 219.53339 35.337646 44.798206 0.8830966
--
car 207.91331 219.59555 35.30022 44.81987 0.88394356
--
car 208.26453 219.62671 35.55357 44.6585 0.8997994
--
car 208.76126 219.3259 35.356728 44.408432 0.9249215
--
car 208.82475 219.36278 35.25779 44.292984 0.9265482
--
car 208.98332 219.85898 35.293377 43.944546 0.9314434
--
car 209.02492 219.77805 35.050625 43.908947 0.92797184
--
car 209.04935 219.80916 35.055786 43.90168 0.92608887
--
car 209.34743 219.67252 34.976933 43.41667 0.90760064
--
car 209.61676 219.77672 35.27787 43.324017 0.89750814
--
car 209.8811 219.88802 35.062046 43.299328 0.8893961
--
car 210.02286 219.84747 34.765472 43.005688 0.8715799
--
car 210.13795 220.11229 34.701233 43.020874 0.8649053
--
car 210.21544 220.28922 34.80188 43.043507 0.8697108
--
car 210.70564 221.07684 34.839127 43.013374 0.8445329
--
car 210.91864 221.09885 34.69249 42.928123 0.8712598
--
car 211.19829 221.3031 34.683735 42.51236 0.89487785
--
car 211.28845 221.31358 34.559574 42.219986 0.92842996
--
car 211.40334 221.53189 34.637268 42.299057 0.933151
--
car 211.41232 221.54381 34.620716 42.310875 0.9322745
--
car 211.4994 221.59584 34.69131 42.30663 0.9266138
--
car 211.64433 221.7117 34.725193 42.296265 0.90848005
--
car 211.65065 221.65239 34.595417 42.2165 0.9093773
--
car 211.84229 221.88213 34.46049 42.388874 0.9060346
--
car 211.93623 221.7575 34.271996 42.102844 0.87716687
--
car 211.92926 221.89037 34.175697 42.235516 0.88824
--
car 211.88356 221.888 34.14741 42.259884 0.883882
--
car 212.16794 222.121 33.952824 42.330273 0.8413402
--
car 212.3896 222.34908 34.242878 42.17634 0.8823182
--
car 212.55818 222.78517 33.86882 42.09902 0.8660162
--
car 212.81607 223.02678 33.83069 41.9318 0.8550212
--
car 213.08183 223.27069 33.607033 41.702873 0.855232
--
car 213.04665 223.32716 33.605064 41.86482 0.8552335
--
car 213.04094 223.33539 33.601208 41.835472 0.8788392
--
car 213.07333 223.33305 33.04815 41.574028 0.8147003
--
car 213.07607 223.42087 32.973984 41.531876 0.84645915
--
car 213.24873 223.15732 32.89466 41.13593 0.6897953
--
car 213.4854 223.58089 32.517506 40.84193 0.6578153
--
car 213.52448 223.5144 32.586185 40.88428 0.6142725
--
car 213.5321 223.55118 32.60869 40.90623 0.633262
--
car 213.70042 223.93861 32.602177 40.6409 0.67752004
--
car 213.80705 223.9456 32.67785 40.641315 0.7364207
--
car 213.74005 223.89696 32.54083 40.709217 0.7657573
--
car 213.92274 223.82231 32.344093 40.489014 0.67783135
--
car 213.82486 223.9521 32.51187 40.488262 0.7212688
--
car 213.8162 224.00069 32.49148 40.531155 0.7370178
--
car 213.97978 223.9502 32.83975 40.486523 0.6696264
--
car 214.04602 224.39168 32.760708 40.25556 0.68429303
--
car 214.33444 224.69841 32.606495 40.311157 0.6124143
--
car 214.29942 224.73154 32.435734 40.16649 0.6318258
--
car 214.5019 224.94887 32.130516 39.978798 0.57495075
--
car 214.559 224.93623 32.059822 39.932186 0.56843215
--
car 214.71712 225.14966 31.956251 39.88219 0.42430043
--
car 214.96912 225.0729 31.982845 39.980324 0.47964087
--
car 215.1991 225.14653 31.574932 39.42699 0.4874417
--
car 215.40666 225.24586 31.01529 38.618607 0.4738416
