--
truck 137.65276 181.79683 22.058313 46.494526 0.5542248
car 33.001705 49.02134 25.567501 35.232914 0.39199176
car 296.54453 314.6423 32.006214 46.919342 0.39509702
car 182.63272 214.07701 44.32684 65.9631 0.6417341
car 445.00296 480.44055 101.09186 136.73705 0.8076844
--
truck 127.1116 178.61012 23.761566 48.471584 0.5114466
car 32.934223 49.121548 25.701466 35.257607 0.43422532
car 445.01425 480.3606 101.24129 137.07774 0.7825055
--
truck 124.89555 175.6289 22.646183 47.6946 0.46430188
car 193.98714 222.76578 43.391106 63.909092 0.3056104
car 32.87776 49.102993 25.625648 35.296204 0.40363428
car 444.99356 480.3619 101.24656 137.13191 0.77903557
--
truck 124.98732 175.56334 22.58715 47.717598 0.4889085
car 193.29471 222.8428 43.16201 63.90042 0.3385335
car 32.86181 49.11393 25.64806 35.296467 0.39723587
car 444.9818 480.34894 101.28336 137.16626 0.7761534
--
truck 127.8075 172.84619 21.7785 47.02506 0.5136959
car 32.89239 49.110706 25.61833 35.311172 0.42785636
car 444.97125 480.3547 101.30311 137.16214 0.795389
--
car 404.95016 418.17386 22.545807 29.242601 0.33835754
car 32.866745 49.140686 25.763277 35.273045 0.39090076
car 444.96506 480.3636 101.29107 137.14081 0.8057245
--
car 413.49268 429.89935 39.264717 49.711708 0.36384818
car 404.88687 417.42776 22.70376 29.31985 0.3823588
car 32.904495 49.113636 25.869295 35.22782 0.38697734
car 307.44778 324.05975 30.959663 43.64836 0.4000488
car 210.71727 237.90059 39.38367 59.641212 0.5803991
car 444.9878 480.35693 101.30504 137.14995 0.81805897
--
car 404.854 417.41714 22.573887 29.49367 0.3304795
car 413.5151 430.04782 39.066647 49.670746 0.35246834
car 32.78859 49.152725 25.606205 35.365257 0.40581065
car 214.66866 242.54321 38.968838 59.02289 0.57952225
car 444.9854 480.3562 101.33705 137.1331 0.8160492
--
bus 121.053 164.52635 20.130949 48.693203 0.38603315
car 404.70474 417.31424 22.635416 29.44437 0.33381736
car 413.5227 429.96036 39.11894 49.635845 0.42973414
car 32.80378 49.123226 25.540016 35.394066 0.43373817
car 220.09364 246.45404 38.820015 57.921333 0.5502116
car 444.9616 480.3606 101.36262 137.13635 0.8235697
--
truck 121.16841 164.60649 20.179892 48.65717 0.4138699
car 404.64102 417.30414 22.625843 29.408539 0.3315898
car 413.55606 429.88306 39.15686 49.60163 0.41000286
car 32.809586 49.120922 25.555069 35.391518 0.43783996
car 220.03229 246.45753 38.87129 57.9703 0.58570975
car 444.96445 480.3554 101.36412 137.14069 0.81695265
--
truck 119.36143 160.97691 20.53494 48.430565 0.70296425
car 223.95908 250.33817 41.320423 56.972744 0.37415472
car 32.874496 49.0838 25.483652 35.394054 0.4868544
car 444.97284 480.3665 101.34887 137.11812 0.81368124
--
truck 115.31837 156.40057 20.657366 50.068054 0.7106331
car 413.5544 429.88928 39.095684 49.638954 0.304823
car 404.20822 417.32407 22.495846 29.418621 0.36776197
car 230.1301 255.93167 37.339108 56.501987 0.3937859
car 32.860764 49.131653 25.501398 35.34839 0.49653548
car 444.94852 480.35614 101.38739 137.15279 0.82633114
--
truck 112.82648 155.9208 21.34709 50.27364 0.7086806
car 215.75398 234.05406 20.030558 27.564909 0.3218597
car 413.33325 430.21402 39.072227 49.72683 0.44958588
car 32.921913 49.598995 24.924347 35.617805 0.585303
car 232.54076 258.2335 41.19865 56.03777 0.7588439
car 444.99585 480.32697 101.216095 136.90062 0.8481416
--
truck 109.536224 153.66527 22.847336 51.168602 0.65872055
car 215.87369 233.72894 20.099575 27.457123 0.35652566
car 413.3556 430.24982 38.835155 49.71211 0.35878417
car 32.960327 49.54845 24.966066 35.61814 0.61530596
car 445.03186 480.29126 101.254234 136.91502 0.8463769
--
truck 103.77319 147.60446 22.545502 51.90167 0.6115486
car 242.11038 265.381 40.56506 54.747604 0.33596733
car 413.29776 430.30673 38.846813 49.717518 0.35560435
car 215.7381 233.44403 20.03779 27.484344 0.36212015
car 32.988754 49.498787 24.947826 35.610046 0.6197151
car 445.0068 480.30338 101.21555 136.92406 0.84801656
--
truck 374.13806 393.12982 19.538286 41.534042 0.32069105
truck 103.90627 147.53777 22.514141 51.760277 0.5853529
car 215.74243 233.70628 20.041954 27.489237 0.3800431
car 413.32574 430.38248 38.85707 49.72784 0.40698996
car 242.24968 265.2641 40.466667 54.836037 0.41793555
car 32.952324 49.53221 24.895199 35.641373 0.623126
car 444.99405 480.31522 101.193275 136.91277 0.85401154
--
truck 100.101616 147.3335 23.710108 51.26634 0.4645989
car 215.6478 233.9219 20.145132 27.493893 0.3071088
car 413.25046 430.40652 38.790543 49.751537 0.3360755
car 33.055916 49.47346 24.912537 35.59063 0.5705415
car 444.98062 480.31213 101.17682 136.94633 0.8451713
--
truck 95.66354 139.48943 22.619827 53.907284 0.5068315
car 215.31013 234.3266 19.900066 27.598951 0.33458158
car 33.0603 49.484512 24.84233 35.6333 0.609887
car 445.0325 480.25125 101.25446 137.03642 0.8277935
--
bus 93.159195 138.4816 23.343037 54.423298 0.5943707
car 215.3992 234.02264 19.986097 27.538929 0.35036746
car 33.021908 49.51662 24.832375 35.640068 0.6279577
car 445.02625 480.28113 101.175316 137.0141 0.83544564
--
bus 89.85094 135.1266 24.340939 54.755806 0.5244851
car 413.25717 430.3995 38.7509 49.709652 0.34661922
car 33.101494 49.37465 24.859196 35.609684 0.620368
car 445.0193 480.2844 101.187096 137.00473 0.83193743
--
bus 84.09539 131.1899 22.567522 55.251316 0.7988715
car 413.23343 430.37256 38.839928 49.72749 0.3660354
car 33.02752 49.46276 24.741796 35.525696 0.6077074
car 445.02344 480.2804 101.19914 137.00821 0.83566904
--
bus 84.05929 131.16031 22.47563 55.306404 0.80011517
car 413.30392 430.3198 38.936447 49.820553 0.3585657
car 33.05986 49.398613 24.773098 35.52249 0.60007894
car 444.91302 480.31528 101.15088 136.92093 0.83810115
--
bus 80.69753 128.1872 22.689924 55.684235 0.6706958
car 413.326 430.39175 38.921173 49.798996 0.35215998
car 32.814854 49.606182 24.742493 35.74002 0.5919499
car 444.89285 480.3456 101.166595 136.81929 0.84663844
--
bus 75.1538 123.4352 24.088924 56.33097 0.40274906
car 413.17966 430.52078 38.654045 49.74782 0.31098744
car 34.42067 89.50616 88.72079 117.803566 0.480443
car 32.97489 49.483646 24.808496 35.635765 0.601187
car 444.90054 480.32352 101.20867 136.84154 0.8389586
--
bus 71.73348 120.68318 27.385185 57.882927 0.5305016
car 33.274685 49.365635 25.074432 35.574776 0.5496927
car 445.03256 480.36444 101.23943 136.82404 0.8315174
car -0.67694396 21.247143 194.74878 250.08554 0.84206253
--
truck 66.3931 116.00526 26.97784 58.819115 0.6200686
car 61.282852 115.04945 80.52076 109.95313 0.35778046
car 33.2976 49.20953 25.199232 35.559185 0.5744798
car 445.03745 480.3581 101.26033 136.80469 0.84084857
car -0.4174769 40.902782 186.62698 243.15555 0.9309176
--
truck 62.317387 113.835724 26.573368 59.396812 0.68186
car 72.66871 125.93013 78.83696 106.801476 0.55106735
car 33.155968 49.265755 24.95737 35.643764 0.5759954
car 0.32008588 58.597084 178.92862 244.1948 0.7316021
car 445.04105 480.35974 101.2613 136.80785 0.8352001
--
truck 62.434452 113.260864 26.75261 59.380493 0.68700373
car 72.53266 126.0353 78.95034 106.85589 0.4831029
car 33.1697 49.255558 24.962955 35.628307 0.57932717
car 0.16910076 58.920353 179.05002 244.00682 0.7193296
car 445.0402 480.3685 101.26822 136.7939 0.8442096
--
truck 57.241196 106.53221 28.481361 59.822273 0.6370928
car 2.0307505 76.27842 175.83536 242.3717 0.30200335
car 33.29662 49.15131 24.921766 35.533997 0.48106515
car 279.69907 298.73654 33.292477 47.720875 0.5251362
car 445.03503 480.36414 101.272316 136.8149 0.8380228
--
truck 55.356358 105.058655 28.60416 60.2802 0.6775956
car 97.02875 147.45576 69.68572 100.43525 0.3377868
car 33.059994 49.60301 24.861643 35.661514 0.51300114
car 282.46854 300.3151 34.04366 46.993317 0.54882896
car 445.0461 480.35648 101.30147 136.78915 0.8364663
car 0.66132545 90.81383 171.64891 240.82849 0.97954774
--
bus 53.522358 101.3263 27.077688 60.51409 0.5088512
car 284.05518 302.34674 34.16098 46.468445 0.30879527
car 33.161358 49.640266 24.782286 35.60232 0.48037076
car 445.0285 480.35266 101.31141 136.76263 0.83838606
car 5.984498 110.06058 157.777 233.20012 0.960416
--
truck 51.987484 98.263016 26.661098 60.98903 0.43960217
car 33.160988 49.576084 24.675938 35.68367 0.48681813
car 445.0187 480.36188 101.275635 136.72943 0.8444724
car 17.582323 125.360016 154.64484 221.90245 0.96230394
--
truck 47.22344 94.8535 27.368387 61.596153 0.42806083
car 289.4488 307.56174 33.714806 46.284348 0.3229738
car 33.078865 49.289978 24.882929 36.015995 0.45127502
car 445.02826 480.35648 101.29603 136.77509 0.83036214
car 35.43024 142.61143 150.7375 214.18506 0.97021776
--
truck 47.158485 94.826385 27.425625 61.608353 0.43668407
car 289.29437 307.60938 33.851395 46.270767 0.33504075
car 33.072212 49.302673 24.877789 36.014954 0.45383018
car 444.99707 480.35327 101.23692 136.84709 0.8338346
car 35.553165 142.47305 150.96313 214.3424 0.9690672
--
car 292.33865 309.53912 34.202957 46.215492 0.3977115
car 444.98346 480.36594 101.28822 136.81483 0.85273767
car 53.502853 155.04633 143.13905 205.62454 0.9888949
--
truck 33.55108 86.71206 31.377836 64.51968 0.3771571
car 146.38939 192.49394 62.13143 86.50404 0.40773883
car 444.97858 480.36588 101.22603 136.85728 0.8550161
car 70.75041 165.3144 139.25468 199.42651 0.9753828
--
car 404.31885 416.75137 22.002213 29.405895 0.34110647
car 413.38733 430.40045 39.349323 49.628807 0.51445127
car 296.40613 315.57996 30.91057 46.526253 0.52577096
car 157.29506 198.05243 61.03444 84.31191 0.5642351
car 444.96365 480.3573 101.31683 136.78271 0.86130476
car 84.28621 178.0676 136.18854 193.46617 0.9251368
--
bus 23.381504 78.9787 31.978224 66.26328 0.42684007
car 166.8193 205.64891 61.192215 83.93532 0.31217647
car 413.45444 430.11966 39.472878 49.62258 0.32574618
car 444.94037 480.32443 101.353584 136.87659 0.86795914
car 100.96762 184.89745 131.47668 186.72282 0.9504877
--
truck 17.899319 66.71833 37.72852 68.52891 0.40334234
car 413.4784 430.16763 39.467983 49.59236 0.3935054
car 173.08737 211.40036 55.55634 79.8138 0.5727211
car 444.9317 480.34848 101.316124 136.82675 0.87215483
car 104.44892 187.74731 129.26784 186.0267 0.9711981
--
truck 18.026619 66.479485 37.45092 68.60197 0.40449795
car 301.47748 318.67468 32.868835 45.301395 0.3403037
car 413.47412 430.16595 39.4502 49.55996 0.37307945
car 173.0531 211.58353 55.60586 79.820885 0.48875746
car 444.93472 480.34674 101.30741 136.82689 0.8733051
car 104.52055 187.67133 129.0812 186.1692 0.9573995
--
car 413.54636 430.1242 39.57067 49.61644 0.5151749
car 110.70145 188.44669 129.92686 185.16927 0.8078245
car 180.80325 218.01157 56.48887 77.75989 0.8148198
car 444.94836 480.3254 101.34019 136.87302 0.87372124
--
car 6.2656617 56.274334 31.538868 74.21376 0.3003853
car 413.52075 430.10175 39.702614 49.66537 0.59352046
car 190.45493 224.25967 56.44596 75.50888 0.8131408
car 111.546295 188.1247 128.47238 183.09683 0.85219926
car 444.92203 480.29532 101.33422 137.00351 0.89077574
--
car 3.4318094 54.788353 31.595823 75.20107 0.30748338
car 405.07974 416.28174 22.44961 29.2873 0.39325643
car 308.565 324.7095 32.03146 43.8105 0.41691628
car 413.61075 429.97726 39.77402 49.75753 0.6662796
car 114.38959 187.68118 126.89888 181.20706 0.67592156
car 197.0131 230.6608 54.15177 74.40243 0.8858575
car 444.97485 480.29553 101.33227 136.91574 0.894473
--
truck 118.55319 186.54984 127.50023 180.6756 0.717135
car 0.7562864 50.179977 31.46509 76.85575 0.37782612
car 404.94714 416.06427 22.316324 29.170033 0.44579178
car 311.13815 326.88638 31.862411 43.283676 0.5583792
car 413.62973 430.06476 39.797916 49.74035 0.6816724
car 204.20035 236.38531 53.261517 72.21672 0.83816177
car 444.93716 480.29492 101.28311 137.04498 0.90053827
--
truck 124.17744 187.4344 127.44646 182.82085 0.6820627
bus -1.1176211 49.39164 32.16603 79.15002 0.52187306
car 312.27185 328.0439 32.229507 42.67179 0.3703827
car 404.88596 416.05362 22.220848 29.054766 0.4042258
car 413.59213 430.09674 39.728302 49.66837 0.65151924
car 210.03282 241.98653 51.837646 70.77424 0.7876154
car 444.93604 480.29153 101.28811 137.07462 0.89854956
--
truck 124.19495 187.40681 127.503174 182.45918 0.6675946
bus -0.97561955 49.36229 32.207954 79.31201 0.5098716
car 312.20575 328.10577 32.262695 42.74714 0.35604528
car 404.97055 415.98807 22.257757 29.032602 0.39920598
car 413.62207 430.0452 39.756084 49.64685 0.62799925
car 209.95016 242.14276 51.763577 70.83878 0.807827
car 444.9441 480.28723 101.28954 137.07974 0.89625126
--
car 405.17328 416.0989 22.274551 28.845219 0.3747846
car 217.21909 246.27551 51.630646 70.0628 0.61692685
car 413.58176 430.07578 39.68089 49.70604 0.65107703
car 130.9044 188.30447 130.42566 179.8634 0.7543833
car 444.94284 480.29285 101.26444 137.05623 0.9007228
--
car 405.07822 416.18396 22.319283 28.96451 0.35179153
car 413.61682 430.09485 39.634857 49.64996 0.51358974
car 138.07835 187.90033 128.45326 181.76537 0.8461618
car 444.94046 480.29245 101.27899 137.06465 0.8891193
--
truck 139.39043 188.59819 125.812126 187.03596 0.66536343
car 317.8241 332.6081 31.120787 42.134804 0.43192235
car 413.57092 429.79556 39.63893 49.68567 0.46461427
car 228.70543 255.36455 49.643944 67.77237 0.60475105
car 444.92368 480.17957 101.36259 137.30049 0.90602
--
car 130.9638 161.46077 97.60428 118.89055 0.3413493
car 319.80188 334.30548 31.012503 41.643047 0.48264936
car 413.61526 429.7529 39.65913 49.663525 0.5448101
car 232.9972 260.0787 49.39861 66.37176 0.88364506
car 143.60263 191.52695 122.88705 188.64178 0.9004129
car 444.92465 480.15918 101.377365 137.32645 0.9032744
--
car 131.82231 159.91734 100.28361 121.778275 0.4516077
car 413.65253 429.75443 39.672905 49.77054 0.4777116
car 321.37268 335.71475 31.000525 41.867043 0.51451975
car 238.6834 265.78073 48.44589 66.575035 0.7636312
car 146.74638 192.82962 129.52583 196.71686 0.86902684
car 444.9284 480.15314 101.3868 137.32901 0.901869
--
car 131.91156 159.83563 100.10066 121.80527 0.38407063
car 413.66757 429.70602 39.675873 49.741024 0.49832878
car 321.32654 335.753 31.176346 42.005817 0.5469571
car 238.73294 265.65833 48.35956 66.46107 0.74689406
car 146.18881 193.04906 128.85844 197.41365 0.8392234
car 444.91202 480.16794 101.358444 137.31007 0.90042216
--
truck 146.53963 195.94179 119.09916 194.51103 0.68258727
car 413.5613 429.68985 39.612137 49.81094 0.4310154
car 322.60287 336.83676 30.251574 41.580635 0.48605362
car 131.46019 159.96945 102.38259 123.51953 0.62727845
car 244.15054 269.80807 47.31702 65.3658 0.7463317
car 444.9553 480.15942 101.36157 137.26851 0.8902843
--
car 323.07123 338.1949 30.008177 40.80389 0.4029161
car 413.59833 429.6247 39.669968 49.82964 0.45333737
car 247.78276 273.20364 46.14411 64.90689 0.5905068
car 444.92947 480.17532 101.28087 137.2297 0.8954333
--
bus 150.684 203.48718 119.93119 196.61087 0.5496839
car 250.9473 279.3465 46.987614 61.82645 0.54978347
car 413.69214 429.63513 39.680264 49.97881 0.6197205
car 444.8803 480.1988 101.25718 137.25232 0.9065673
--
truck 145.47635 205.60135 119.77567 198.833 0.71675384
car 405.99786 416.1185 22.531288 28.983004 0.3046774
car 413.55157 429.58514 39.690765 49.922855 0.58820033
car 254.32225 284.29755 45.731632 60.86766 0.71754295
car 444.88364 480.20377 101.207855 137.20541 0.9053281
--
bus 152.12775 206.607 121.40637 196.82927 0.6956038
car 406.39917 416.45605 22.586456 29.415413 0.39913702
car 413.56537 429.66605 39.623566 50.028294 0.53508824
car 259.7559 286.17023 45.93071 59.65773 0.56579846
car 444.90186 480.1878 101.23899 137.26901 0.897905
--
truck 145.91747 206.65271 119.27215 198.93088 0.6936779
car 406.35913 416.51346 22.468134 29.258347 0.38919133
car 413.50894 429.66937 39.60114 50.036743 0.49237093
car 259.58463 286.26926 45.930748 59.728676 0.6402284
car 444.904 480.18835 101.22771 137.27158 0.8949037
--
truck 145.6177 206.97986 121.57713 196.99435 0.6545561
car 413.5714 429.45657 39.752823 50.00888 0.41250813
car 444.92575 480.1731 101.272606 137.28006 0.8829129
--
truck 143.82568 205.59494 124.21546 194.62889 0.8695839
car 268.1211 293.6182 44.667526 58.774837 0.5425178
car 413.63028 429.42065 39.94681 50.02589 0.59827
car 444.89212 480.17624 101.29704 137.2482 0.9010003
--
truck 139.8619 204.87921 124.77442 193.18954 0.6484892
car 331.81494 343.74536 23.027727 36.743477 0.42609912
car 413.60632 429.40643 39.67992 49.89964 0.49816176
car 271.8283 296.44528 41.958496 57.31816 0.72044176
car 444.89218 480.21692 101.21709 137.20244 0.9147511
--
truck 139.21901 203.8474 125.42346 192.2778 0.7373344
car 413.64484 429.44684 39.79061 49.92108 0.60290474
car 275.85327 299.1622 41.703995 57.11012 0.8380018
car 444.9174 480.17807 101.25293 137.2623 0.9110161
--
truck 140.13562 203.23808 126.34702 191.17235 0.7637278
car 413.6104 429.63507 39.77805 49.936768 0.60900337
car 278.70334 300.4552 42.933464 56.179672 0.85966945
car 444.88074 480.1822 101.22571 137.30486 0.9155571
--
truck 140.33112 203.25351 125.96218 191.21706 0.7230903
car 413.63043 429.5851 39.767708 49.917713 0.5642977
car 278.61835 300.40567 42.91191 56.18432 0.8557408
car 444.88864 480.18036 101.22523 137.29385 0.9111083
--
truck 139.79999 203.35771 125.1956 190.97461 0.744933
car 413.6371 429.77084 39.894524 49.838406 0.6227622
car 283.01578 304.4112 42.362396 55.452637 0.7581033
car 444.88257 480.18832 101.207344 137.29852 0.90347874
--
truck 142.36267 202.75955 125.09659 192.89052 0.7945584
car 394.55807 406.57407 24.37717 36.481995 0.408377
car 413.53574 429.78906 39.84478 49.8752 0.58912367
car 285.02383 308.41092 41.54279 55.683548 0.65122133
car 444.88715 480.20554 101.19082 137.25874 0.90103364
--
truck 142.16704 204.0376 125.161575 192.7819 0.8271212
car 394.3711 405.8635 24.722584 36.157295 0.34868178
car 413.53073 429.84125 39.98325 49.975292 0.71210456
car 289.03467 308.8285 42.29258 54.243763 0.83841604
car 444.87997 480.19147 101.25615 137.29085 0.91031593
--
truck 141.62776 204.49004 122.87558 194.8026 0.8961155
car 394.94376 406.83676 24.332603 36.057556 0.3663688
car 340.52484 353.09393 28.36374 38.784527 0.4724952
car 413.42606 429.80673 39.86966 50.00912 0.67652845
car 292.75742 312.75314 40.805717 53.69609 0.86844283
car 444.92273 480.17316 101.238914 137.30727 0.89887494
--
truck 141.60414 204.82709 122.82923 195.01758 0.80878973
car 341.8213 354.27423 28.999279 38.991158 0.44509286
car 294.57495 316.28418 40.169888 52.483555 0.6877172
car 413.40247 429.87292 39.937683 50.090794 0.72448087
car 444.91766 480.1742 101.24797 137.32727 0.9018934
--
truck 141.56856 204.89311 123.1926 194.80038 0.79409105
car 341.7981 354.2326 29.092253 38.96362 0.44535154
car 294.63815 316.2442 40.184433 52.47198 0.6808413
car 413.40884 429.86234 39.93906 50.078236 0.7189868
car 444.9171 480.1716 101.25771 137.33545 0.90243983
--
truck 138.78348 204.8411 121.55033 196.1673 0.7813884
car 342.13852 355.37738 28.596462 38.4444 0.38981268
car 297.51407 316.8076 40.35999 51.3719 0.699068
car 413.48117 429.73257 39.981518 50.143604 0.77868354
car 444.90036 480.1765 101.30235 137.3544 0.90238214
--
truck 140.36026 204.52834 128.00986 204.42963 0.81732386
car 33.14995 48.929985 25.018604 35.38328 0.31235608
car 300.93164 318.73453 39.30877 51.170967 0.48817325
car 413.439 429.72205 40.04996 50.21901 0.7695087
car 444.89825 480.1899 101.24163 137.33417 0.90772706
--
truck 143.8251 206.40761 130.95636 205.81247 0.9076738
car 395.83548 408.23752 24.449085 35.91421 0.33160037
car 303.2861 321.98376 38.75074 50.705585 0.44366708
car 413.45004 429.73102 40.02731 50.17198 0.7307788
car 444.93048 480.19656 101.20751 137.20401 0.90491825
--
truck 138.9678 205.47052 132.76744 208.40303 0.8465999
car 24.81225 79.05183 94.39884 123.27695 0.31011674
car 142.21501 156.09816 76.931786 89.21921 0.33872527
car 33.496483 48.69391 25.223156 35.183014 0.3587363
car 395.73154 409.1323 24.606934 35.508022 0.36815047
car 305.06384 325.46054 37.972324 50.117214 0.6562374
car 413.74365 429.34814 40.205853 50.19957 0.76682353
car 445.07565 480.18094 101.74805 137.70874 0.92965126
--
truck 140.36896 206.31398 132.57231 209.12492 0.9081634
car 143.02689 156.38048 77.440765 89.56101 0.3357795
car 33.42061 48.809303 25.288237 35.161304 0.3404038
car 395.8012 408.98795 24.543688 35.493324 0.41352293
car 308.384 326.44946 37.261925 49.843018 0.67038196
car 413.69125 429.33096 40.16898 50.162144 0.7360501
car 38.148273 86.09682 87.74016 119.03785 0.87844837
car 445.07202 480.17636 101.66283 137.68008 0.9271847
--
truck 139.95236 206.02742 132.62515 209.30118 0.9075186
car 33.407375 48.809948 25.319332 35.1568 0.3240166
car 142.94331 156.46353 77.409935 89.60678 0.37193397
car 395.83716 409.03345 24.601292 35.562603 0.41321483
car 308.35242 326.38483 37.358757 49.876724 0.6557173
car 413.70468 429.3549 40.11617 50.161835 0.7534672
car 38.27416 85.79752 87.691536 119.00934 0.85607123
car 445.09918 480.12387 101.699295 137.73233 0.9281157
--
truck 140.06133 206.12108 132.26187 209.0847 0.9306663
car 33.45623 48.805862 25.301638 35.17421 0.32551983
car 395.58258 408.9678 24.433575 35.745872 0.33005467
car 143.2416 156.54681 77.27396 89.784134 0.59249675
car 413.5553 429.27713 40.12894 50.089474 0.6774141
car 310.44797 328.6654 37.191727 49.51358 0.6805973
car 47.815327 95.478065 86.97425 115.9588 0.8621307
car 445.08978 480.116 101.69439 137.75656 0.91890866
--
truck 141.09901 205.74362 135.09651 208.45161 0.851288
car 33.48207 48.798615 25.305338 35.13396 0.3048282
car 144.40881 156.44113 77.1724 89.758415 0.47159955
car 313.50198 330.2501 37.95575 48.981182 0.6531704
car 413.6221 429.2169 40.17615 50.128887 0.66279244
car 61.39081 109.944016 85.48887 112.69005 0.71615183
car 445.11618 480.11188 101.705925 137.73947 0.9254321
--
truck 141.15729 205.86722 135.01491 208.12723 0.9573395
car 33.41144 48.829723 25.266685 35.275795 0.34532255
car 144.44397 156.81439 76.87942 89.44616 0.43157756
car 314.89905 333.34384 35.29838 49.40627 0.5997301
car 413.61243 429.22336 40.233337 50.060616 0.70618016
car 70.979095 118.74419 79.14707 108.9538 0.8238608
car 445.0614 480.12662 101.701675 137.79874 0.93244684
--
truck 140.19203 205.40564 135.04382 207.9611 0.95871204
car 145.04962 157.2 76.96793 88.54937 0.3438557
car 33.38813 48.83191 25.290106 35.33118 0.35141566
car 316.7966 334.83667 35.847546 48.800842 0.39811945
car 79.418 129.15273 78.19274 105.594086 0.573155
car 413.60617 429.3137 40.258564 50.0615 0.70015657
car 445.0738 480.12335 101.72692 137.81166 0.93268347
--
truck 143.71606 206.20708 136.55981 207.60754 0.9618157
car 33.3771 48.87022 25.336071 35.2836 0.32433048
car 144.71912 157.23491 76.70013 88.88425 0.46566328
car 396.7649 409.59164 24.486784 35.280315 0.50138986
car 90.54768 137.26689 77.3326 103.36226 0.515874
car 319.07468 335.8747 36.284286 48.397575 0.5527348
car 413.60645 429.46332 40.255177 50.096855 0.7154097
car 445.08478 480.1198 101.69429 137.7723 0.93069446
--
truck 144.68944 206.23413 136.84529 207.31532 0.9637426
car 33.372787 48.85983 25.307264 35.31497 0.32739532
car 397.11542 409.5822 24.604738 35.43503 0.405431
car 144.83258 157.22046 76.73374 88.80499 0.45376125
car 90.60879 137.17352 77.4681 103.241875 0.459834
car 319.05087 335.90875 36.377632 48.522495 0.5314648
car 413.58496 429.4341 40.267212 50.130875 0.6682144
car 445.09912 480.11203 101.73501 137.79317 0.9263631
--
truck 143.23041 205.54489 137.74841 206.94356 0.9642732
car 144.4258 157.4375 76.45522 88.860695 0.3288743
car 397.47812 409.1426 24.971443 34.64238 0.35341823
car 100.88408 144.12997 69.73417 101.3772 0.37340853
car 321.86502 336.4308 36.71346 47.889248 0.46701765
car 413.53867 429.4396 40.27602 50.144722 0.7059816
car 445.05374 480.13202 101.68671 137.77208 0.933195
--
truck 142.83096 205.73376 138.28403 206.85242 0.9698235
car 413.58054 429.3753 40.117874 50.10965 0.6673748
car 109.22396 158.41791 67.969215 96.451744 0.9199137
car 445.06564 480.1343 101.67765 137.74927 0.9292643
--
truck 143.06273 206.15492 138.69733 207.61787 0.91849005
car 33.538887 48.48528 25.159035 35.252396 0.37937686
car 120.79649 160.02687 69.6572 94.56316 0.61205095
car 413.19916 429.5548 39.793602 49.934486 0.6352907
car 444.95386 480.3241 101.78715 137.36967 0.9077877
--
truck 144.6064 205.83853 139.65201 206.9219 0.92273104
car 326.54083 342.39575 34.703896 46.55146 0.382345
car 33.54371 48.477814 25.172981 35.27537 0.39414254
car 126.80951 163.10373 68.36154 92.53211 0.40150023
car 413.09406 429.5783 39.775013 50.096115 0.6035083
car 444.94876 480.3182 101.733154 137.424 0.91355664
--
truck 144.79176 205.53079 139.23375 207.65305 0.91064614
car 328.3111 343.336 34.86735 46.088543 0.33224595
car 33.51664 48.49027 25.283667 35.251747 0.3749825
car 413.04752 429.53726 39.74274 50.106186 0.5924018
car 444.93658 480.32062 101.73509 137.41391 0.91357446
--
truck 144.29709 205.25793 138.7831 207.64859 0.914059
car 328.187 343.4441 34.841213 46.1399 0.30942658
car 33.517067 48.48786 25.26399 35.250824 0.37501982
car 412.9762 429.57944 39.682228 50.101536 0.5799856
car 444.944 480.32193 101.71188 137.39636 0.9109887
--
truck 144.32147 204.93579 140.22052 207.46136 0.8978008
car 331.4348 345.0277 34.51807 45.968685 0.33839503
car 33.48942 48.471348 25.156223 35.27192 0.37417582
car 413.11768 429.58795 39.500416 50.091877 0.5776748
car 444.95233 480.3122 101.7338 137.44824 0.9168033
--
truck 141.75127 205.26685 139.84267 208.48543 0.8521678
car 33.519073 48.445423 25.018278 35.310154 0.42006075
car 332.70746 346.97964 34.339165 46.10698 0.42381576
car 413.0983 429.73434 39.46652 50.025536 0.60299176
car 444.9746 480.30847 101.75786 137.4836 0.91770697
--
truck 138.80336 204.90025 138.66985 209.1741 0.8846461
car 333.76886 347.60126 34.40388 45.704468 0.30363008
car 33.54819 48.417458 24.947727 35.343884 0.4282224
car 413.1571 429.87366 39.52573 50.08749 0.57178885
car 444.98865 480.29828 101.79342 137.50336 0.9155033
--
truck -0.21543413 16.710678 124.67121 167.9794 0.5240909
truck 138.17142 205.0451 138.4332 209.79861 0.8779957
car 334.58105 350.7698 34.423885 46.01845 0.3446574
car 33.51772 48.48121 25.09542 35.385216 0.4573751
car 413.2438 429.81348 39.44298 50.06837 0.48887688
car 145.69499 158.52235 76.42026 88.64429 0.5631681
car 168.6051 203.89247 59.27294 84.34512 0.68391055
car 444.99423 480.2999 101.74237 137.47716 0.9125525
--
truck 140.27153 205.8515 136.34676 209.92221 0.84923536
car 403.30695 414.85672 24.25613 34.466324 0.30420408
car 413.2846 429.78543 39.496548 49.975525 0.38848457
car 337.32224 351.51285 34.572525 44.939987 0.45109522
car 33.497944 48.557438 25.072947 35.44274 0.4976973
car 145.73404 158.34006 76.50215 88.718925 0.53933024
car -0.6828949 27.783554 108.22751 162.3876 0.7306161
car 174.29579 208.49371 58.750244 82.75825 0.75117135
car 444.98746 480.31192 101.70663 137.50877 0.9123199
--
truck 141.02225 206.18906 136.41438 210.75406 0.879268
truck -0.029731393 41.658577 73.5415 158.943 0.90239984
car 145.66443 157.93811 76.62153 88.69859 0.42321914
car 403.20154 414.58313 23.943613 34.36083 0.455034
car 339.1383 352.35464 34.41739 44.244236 0.4827393
car 413.13812 429.82806 39.6357 50.057316 0.49054
car 33.44114 48.598038 25.042664 35.467842 0.505729
car 181.23302 213.13464 57.572983 78.32252 0.53489244
car 444.97864 480.32874 101.70382 137.49515 0.91841966
--
truck 140.9739 206.16563 136.04164 210.92444 0.86352676
truck 0.029516816 41.549744 73.56606 159.14711 0.9080047
car 145.69211 157.95145 76.729004 88.72736 0.4040054
car 403.17188 414.56274 23.994747 34.44191 0.4568898
car 339.39764 352.31885 34.531162 44.286503 0.47393903
car 33.439945 48.601376 25.053434 35.469963 0.5090972
car 413.15506 429.8726 39.64405 50.08024 0.51137745
car 180.96304 213.31378 57.460705 78.31776 0.6132097
car 444.97137 480.32678 101.686844 137.48839 0.91536844
--
truck 141.76147 206.11096 136.92581 211.9694 0.9009728
truck -0.6826365 55.037273 64.78949 166.56842 0.9476111
car 341.2149 353.46762 34.049145 43.801727 0.34676838
car 145.39885 158.19205 76.937485 88.73654 0.4124117
car 403.2084 414.45737 24.100925 34.307373 0.43677408
car 33.487896 48.521942 25.059477 35.38181 0.50415236
car 413.18173 429.90118 39.567245 50.0107 0.54797864
car 189.88333 218.3639 56.51231 76.74885 0.60118246
car 444.98172 480.332 101.656494 137.4715 0.91711783
--
truck 139.63013 205.42833 138.0758 210.98392 0.87071604
truck -1.2907648 67.104576 79.00172 153.00195 0.9519562
car 412.7795 430.2329 39.486946 50.057606 0.42833996
car 33.427 48.52358 25.020775 35.400528 0.49403885
car 193.95352 223.6545 55.807983 75.13195 0.69296736
car 445.0261 480.33405 101.59189 137.30786 0.8896618
--
truck 139.88672 205.88162 138.54984 211.19313 0.8777452
truck -1.6446984 77.88898 69.731224 165.83401 0.9796611
car 412.87747 430.18008 39.53539 50.140503 0.39389426
car 33.46725 48.52463 25.016521 35.452587 0.48286805
car 199.01924 229.52716 53.244854 73.64715 0.8423112
car 444.98898 480.3294 101.64482 137.30661 0.8943811
--
truck 138.31541 205.59114 139.51888 211.3263 0.87510985
truck -0.43907046 84.524605 64.48139 169.28917 0.9609417
car 146.15855 158.00453 76.73802 89.0879 0.315522
car 413.05603 430.0187 39.529522 50.10162 0.3655854
car 33.44188 48.585716 24.886192 35.577423 0.43650386
car 205.35771 234.88988 54.310596 73.13951 0.7905673
car 444.97614 480.3352 101.58209 137.3349 0.89780116
--
truck 139.09229 205.90845 139.76666 211.49812 0.8773997
truck -1.7011786 100.00632 74.3985 147.68033 0.9366481
car 146.19714 158.02432 76.739555 89.07862 0.37024865
car 413.02652 430.0998 39.641457 50.121796 0.45478854
car 33.409737 48.53713 25.124966 35.54818 0.46544853
car 444.97485 480.33685 101.53015 137.35172 0.8981636
car 210.62782 238.83582 52.84704 71.994156 0.9586561
--
truck 138.81831 205.8205 139.62863 211.58623 0.8879276
truck -1.6545725 100.33132 74.443924 147.20297 0.93816394
car 146.16623 158.14648 76.802666 89.0529 0.399497
car 412.9776 430.12387 39.515533 50.109077 0.41681957
car 33.40952 48.53452 25.114975 35.54914 0.45494112
car 444.9853 480.3409 101.48714 137.33461 0.895822
car 210.58832 238.93338 52.855396 72.01083 0.95297056
--
truck -1.8839443 102.225365 64.89459 147.10445 0.65436107
truck 138.9499 205.85641 139.60385 212.07204 0.93391204
car 413.08957 430.127 39.474495 50.09514 0.31919017
car 146.27974 158.03703 76.743614 89.18447 0.43815053
car 33.376656 48.536594 25.177692 35.48149 0.48619467
car 445.00186 480.3256 101.51732 137.3135 0.88974035
car 216.09729 242.92891 52.031166 71.26134 0.9091113
--
truck 3.0184937 114.13119 63.63923 141.01315 0.7414571
truck 139.8158 205.71703 139.80298 211.462 0.92600906
car 413.11304 430.16965 39.5131 50.113396 0.3877964
car 146.36304 158.06586 76.85617 89.245384 0.45355073
car 33.482567 48.50209 24.999462 35.44643 0.47640747
car 220.6898 247.41943 51.539017 70.302536 0.71656024
car 444.99054 480.2956 101.5696 137.37544 0.89457667
--
truck 22.204882 118.27167 65.61419 138.50465 0.6421684
truck 140.93803 205.98096 140.26059 211.50223 0.9032321
car 412.9554 430.15247 39.518017 50.08905 0.37665665
car 146.5969 158.35797 77.08942 89.43145 0.4470936
car 33.629593 48.378624 25.260025 35.33281 0.49742976
car 226.13005 251.5949 48.650646 68.39189 0.6203233
car 445.04453 480.257 101.61101 137.38347 0.88612324
--
truck 30.006727 127.99154 63.767605 137.30946 0.82340074
truck 141.24364 206.33325 139.98665 212.4107 0.913887
car 412.92093 430.15625 39.44969 50.061504 0.37785897
car 33.71228 48.328346 25.352352 35.271492 0.48969424
car 146.65488 158.67772 77.39399 89.54075 0.52730733
car 230.0603 255.65346 49.196884 67.52001 0.78151524
car 445.05182 480.2561 101.60677 137.41835 0.8934043
--
truck 38.864918 132.43832 64.025276 133.87976 0.43677196
truck 141.7529 207.50156 140.12102 213.84016 0.8849123
car 413.07138 430.26727 39.3844 50.08491 0.508248
car 33.666874 48.294846 25.437107 35.273502 0.5273892
car 234.42516 259.8537 48.186512 66.28029 0.62130696
car 445.06494 480.26465 101.67689 137.40697 0.90776396
--
truck 39.24019 132.04059 63.621902 133.92513 0.38488233
truck 141.38823 207.29315 140.23581 213.65689 0.891847
car 402.8899 415.84088 23.574045 33.13189 0.31214437
car 413.01086 430.35382 39.391052 50.039623 0.45343
car 33.658115 48.309097 25.427315 35.277287 0.5252273
car 234.44984 259.72064 48.127476 66.1719 0.6222179
car 445.0707 480.26532 101.67348 137.39828 0.90537024
--
truck 48.34738 145.3876 60.334354 128.31737 0.60595477
truck 142.19911 208.27715 140.6847 214.1015 0.7508177
car 402.8502 416.0369 23.42379 33.345142 0.38687384
car 413.17267 430.2359 39.460037 50.06611 0.495339
car 33.598873 48.46962 25.112738 35.466766 0.562541
car 239.15372 264.51074 45.74793 66.35137 0.6506647
car 445.0734 480.2685 101.689354 137.37175 0.9052102
--
truck 61.022957 149.69255 56.229603 126.20711 0.3109241
truck 141.40735 207.66841 139.67932 214.59917 0.6797782
car 402.46878 416.09558 22.945595 32.989235 0.48667085
car 33.535534 48.824863 25.23146 35.43894 0.4913186
car 413.2124 430.18335 39.559574 50.005642 0.6604779
car 242.16556 268.13467 47.41138 65.33701 0.6842201
car 444.88083 480.33484 101.66082 137.26433 0.92304796
--
truck 70.11583 159.40869 48.904728 121.08255 0.47206634
truck 140.61327 207.76431 139.61426 215.24388 0.7023574
car 33.558834 48.82393 25.086065 35.401283 0.460591
car 402.69962 416.1228 22.770895 32.87034 0.50904405
car 413.2313 430.20822 39.59287 50.070095 0.6831291
car 247.87291 270.93097 46.68637 64.37603 0.6936939
car 444.85416 480.33716 101.72505 137.33878 0.92853904
--
car 33.502716 48.81287 24.871668 35.38799 0.369238
car 356.2068 368.50388 32.89524 40.945847 0.42484823
car 402.81427 416.31268 22.64778 32.881104 0.570422
car 139.61609 207.92711 138.90015 216.2479 0.6574806
car 413.2853 430.16135 39.605312 50.138657 0.7127381
car 250.56885 275.0409 48.021317 62.66328 0.8573211
car 444.84296 480.34818 101.74674 137.3621 0.9307396
--
car 33.459 48.817627 24.893576 35.394844 0.39177585
car 402.9123 416.50443 22.53106 32.551643 0.56118256
car 357.32736 368.9868 32.684902 40.738693 0.6140212
car 413.30716 430.28934 39.529415 50.13957 0.68879133
car 140.55984 208.61227 139.09702 216.1954 0.75157124
car 254.04543 278.45023 47.20829 62.28058 0.8388703
car 444.8261 480.34253 101.77171 137.43443 0.9341411
--
car 33.45296 48.824696 24.886047 35.395966 0.39127433
car 402.61365 416.4138 22.916998 32.572575 0.4297775
car 357.6766 369.198 32.887375 41.006668 0.67311203
car 413.1888 430.2558 39.607357 50.07653 0.6809742
car 140.91074 208.39877 139.23207 216.01848 0.81341124
car 254.1001 278.4276 47.15781 62.374058 0.82438695
car 444.84027 480.33267 101.79434 137.4011 0.9321027
--
car 33.404797 48.83575 24.870907 35.46248 0.39235026
car 413.30347 430.27197 39.5418 50.131344 0.6097262
car 358.90326 370.2626 32.244553 40.69912 0.6676287
car 255.50024 282.4794 46.90042 60.887154 0.76364434
car 141.3058 209.84492 139.1814 216.19525 0.84355646
car 444.8059 480.33743 101.80491 137.44101 0.9378982
--
car 33.392254 48.869392 24.86224 35.469856 0.39500692
car 413.34415 430.31088 39.57558 49.97926 0.6186048
car 359.79492 370.53583 32.36467 40.4222 0.6255255
car 262.67462 284.8462 46.29736 59.829308 0.79467773
car 141.32404 209.54736 138.95651 216.26364 0.85367125
car 444.8107 480.3415 101.7228 137.41846 0.9393582
--
car 33.36399 48.89338 24.943958 35.458202 0.36455116
car 360.3985 371.9068 31.81757 40.21403 0.5971702
car 413.27618 430.3023 39.428165 50.067707 0.6165359
car 264.9051 287.25507 45.26627 60.141144 0.7133224
car 141.54416 209.14189 139.31824 215.69814 0.84128624
car 444.81702 480.3262 101.80674 137.44055 0.9355772
--
car 33.3716 48.85015 24.932713 35.447933 0.370666
car 413.34268 430.16522 39.57309 50.104908 0.5420228
car 361.28018 372.72525 31.633705 40.19817 0.581914
car 267.55072 290.8294 43.794094 59.51331 0.78086853
car 142.81767 209.62187 139.59317 216.03546 0.906601
car 444.83966 480.30927 101.82353 137.42535 0.9331435
--
car 33.402496 48.798233 24.890734 35.504234 0.37529752
car 413.3588 430.1342 39.671467 50.046448 0.47521144
car 361.70322 373.5158 32.100616 40.24594 0.5357837
car 272.11563 293.5793 44.764633 58.51784 0.8149016
car 141.99437 209.36894 139.62703 216.09473 0.8874813
car 444.85242 480.2972 101.82072 137.4783 0.927723
--
car 33.40265 48.794487 24.87263 35.50932 0.38061902
car 413.38693 430.1353 39.671936 50.03846 0.47895145
car 361.5327 373.8696 32.262104 40.181145 0.5105461
car 272.31177 293.40186 44.710247 58.49565 0.8143806
car 142.08014 209.45425 139.59308 216.21194 0.90348417
car 444.8479 480.30005 101.817795 137.4734 0.92609227
--
car 33.456085 48.799168 24.8519 35.49466 0.37778643
car 413.46103 430.1418 39.75807 49.98238 0.51163095
car 362.7884 373.59406 32.273212 39.67187 0.53420454
car 274.73804 295.0619 41.91944 57.703613 0.58178484
car 142.93536 209.67348 139.63593 216.20935 0.85415024
car 444.84042 480.31277 101.761734 137.45593 0.92470276
--
truck 142.73387 209.74197 139.844 215.93909 0.6854948
car 364.44202 376.84552 31.649504 39.42349 0.32507792
car 33.482964 48.774193 24.875664 35.402027 0.38313276
car 413.521 430.2 39.53331 50.039528 0.57404363
car 277.31296 298.3474 42.326874 57.259167 0.86375433
car 444.81476 480.34732 101.74581 137.37762 0.91187304
--
truck 144.00067 210.43532 140.36789 215.53618 0.64656764
car 33.496017 48.789852 24.963957 35.40775 0.36405826
car 413.50116 430.20425 39.484932 50.113487 0.6356782
car 280.2569 300.02115 42.517403 56.512352 0.8379406
car 444.82895 480.32428 101.811806 137.46793 0.91724026
--
truck 143.03079 209.98416 140.26466 215.62506 0.6431029
car 33.475853 48.75316 24.854877 35.389885 0.33693
car 387.07202 398.93286 24.092884 31.591524 0.36902642
car 365.74518 377.60822 31.252163 39.46517 0.4882153
car 413.46826 430.26 39.50701 50.13073 0.6500717
car 283.5705 303.73938 41.845943 56.76188 0.8487469
car 444.86478 480.31213 101.80993 137.46706 0.9174522
--
truck 143.15039 209.81715 140.40846 215.17606 0.62574935
car 33.473022 48.742477 24.885782 35.386063 0.31144938
car 387.3512 399.15906 23.99801 31.510214 0.3325596
car 366.33557 377.93164 31.15496 39.0402 0.48593533
car 285.00208 307.39874 41.97782 56.845734 0.54480404
car 413.4078 430.29132 39.465374 50.115772 0.6593883
car 444.8794 480.31345 101.82444 137.47696 0.9180413
--
truck 142.8857 209.44876 140.44107 214.97504 0.7084612
car 33.476063 48.741333 24.894001 35.389946 0.31620142
car 387.5141 399.09076 23.96503 31.46108 0.32494676
car 366.37982 377.95358 31.147932 39.054222 0.5072019
car 285.0467 307.31198 41.9996 56.795727 0.51806396
car 413.31247 430.26608 39.679455 50.129265 0.66310394
car 444.87863 480.312 101.803696 137.46497 0.9186474
--
truck 143.20705 209.92973 140.8505 214.59044 0.68418777
car 33.4968 48.769707 24.91063 35.390553 0.30212176
car 387.9073 398.64423 24.279303 31.2866 0.31849512
car 403.37448 415.09225 23.36876 32.64923 0.33084917
car 367.7369 378.7985 31.264765 38.781906 0.6809799
car 413.36508 430.31476 39.82744 50.146267 0.7237469
car 287.94727 307.7804 42.44626 56.03493 0.8397215
car 444.91476 480.2889 101.89233 137.49045 0.9163354
--
truck 143.86803 209.58759 140.83139 214.47176 0.65415895
car 368.47632 379.22684 31.221645 38.92632 0.6429363
car 413.4032 430.18906 39.761414 50.173843 0.72126365
car 291.4234 309.42004 42.133175 54.451733 0.7821195
car 444.9099 480.29086 101.90601 137.4894 0.92030466
--
truck 184.14021 238.6032 31.509144 86.46487 0.33825418
truck 144.2217 209.80403 140.48764 214.71199 0.59498
car 368.86685 380.00037 31.179527 38.623497 0.5047936
car 413.4834 430.1676 39.5156 50.102142 0.64830613
car 293.81873 311.83047 42.05029 53.889904 0.77273303
car 444.92816 480.2808 101.87524 137.41884 0.90763366
--
car 369.45493 380.22556 31.147434 38.719006 0.52445334
car 295.66763 315.68393 41.36413 53.492065 0.60826707
car 413.45114 430.14258 39.57294 50.101803 0.6610803
car 144.56152 209.66321 140.8006 214.64941 0.66117096
car 444.9209 480.2963 101.89682 137.51239 0.9138374
--
truck 191.76509 246.26927 31.78849 84.82652 0.3898328
car 370.12363 380.38898 31.335426 38.556545 0.38494965
car 299.2254 316.32632 41.68085 52.49917 0.47332567
car 143.42401 209.39769 140.2715 215.11261 0.61874634
car 413.3961 430.23666 39.366375 50.029076 0.663631
car 444.83618 480.34882 101.79464 137.48132 0.92087495
--
truck 191.79587 246.23834 31.839983 84.86365 0.41771644
truck 143.29012 209.40208 140.36888 215.05943 0.61687803
car 370.15598 380.40427 31.239994 38.527367 0.4331842
car 299.12372 316.35565 41.761612 52.595303 0.46158057
car 413.382 430.26483 39.361034 50.042973 0.6758128
car 444.83252 480.34915 101.799866 137.43619 0.92048454
--
truck 199.32118 250.76866 32.38497 82.58171 0.36457032
truck 142.06648 209.13501 139.87897 215.62064 0.6232252
car 371.05237 381.18924 31.053423 38.24402 0.3540605
car 301.71198 317.97305 40.49609 51.380035 0.601238
car 413.50238 430.188 39.46938 50.086746 0.6741138
car 444.8211 480.33618 101.851265 137.4573 0.9248748
--
truck 206.23593 256.0347 30.543505 80.15013 0.41436625
truck 141.59186 209.82144 139.61229 216.16824 0.8014109
car 372.1106 381.35553 30.991053 37.99867 0.33743024
car 145.21864 158.57564 77.58922 89.59118 0.43434834
car 413.79913 430.01672 39.54328 50.040714 0.6219497
car 303.3415 320.26898 40.65922 50.964996 0.6904471
car 444.98544 480.22018 101.851166 137.42943 0.90539473
--
truck 211.03177 261.37457 30.083961 79.37581 0.57189244
truck 141.791 210.00548 139.73427 216.12326 0.78607005
car 373.0604 381.87195 30.407936 37.832714 0.3402399
car 145.30142 158.60873 77.68217 89.730576 0.45564878
car 413.78046 430.00885 39.520504 50.079266 0.66224146
car 444.97394 480.20084 101.87694 137.51807 0.9135373
--
truck 214.14087 260.87833 29.648422 78.30674 0.51699245
truck 141.8012 209.94673 139.87698 215.93068 0.8144307
car 145.21907 158.6769 77.75535 89.56934 0.51883805
car 413.70132 430.06052 39.547108 50.058243 0.67999905
car 444.96652 480.20377 101.878204 137.564 0.91961753
--
truck 220.11823 265.01505 30.522408 78.36747 0.45926994
truck 141.83043 209.79158 139.87292 215.93379 0.8015209
car 310.46713 326.01538 40.30679 50.406197 0.35929933
car 145.25348 158.63434 77.6534 89.53469 0.5173071
car 413.6917 430.17377 39.44109 50.039566 0.63819414
car 444.9711 480.19632 101.88035 137.61514 0.92230874
--
truck 220.08495 265.01413 30.609566 78.18354 0.48893642
truck 141.72879 209.74074 139.90202 215.92314 0.8006376
car 310.49057 326.1818 40.112816 50.40238 0.3625697
car 145.23463 158.63628 77.61778 89.48905 0.51470554
car 413.7128 430.15738 39.36821 49.961227 0.57543725
car 445.0057 480.17926 101.89036 137.61511 0.9166217
--
truck 224.10376 266.29303 34.19546 76.07426 0.7746239
truck 141.45575 209.54413 139.82562 215.9552 0.8102494
car 374.81107 385.29535 30.921772 38.211174 0.4482466
car 145.19775 158.73045 77.5965 89.55746 0.49813896
car 413.76498 430.09814 39.389942 49.942696 0.5647159
car 445.0098 480.17847 101.875145 137.5705 0.90813386
--
truck 227.3793 268.778 33.578667 75.129074 0.5589896
truck 141.1854 209.50201 139.8598 215.8653 0.80998373
car 404.9311 415.8111 23.260607 30.851736 0.33788684
car 145.18973 158.68538 77.39132 89.56077 0.44355065
car 375.381 385.16577 31.005249 38.44046 0.4874744
car 413.7974 429.9117 39.56864 49.93678 0.6465604
car 445.04755 480.14948 101.91058 137.59511 0.9069854
--
truck 232.29222 274.24194 34.81137 74.50824 0.81574565
truck 141.07811 209.52554 139.77043 215.9713 0.8192101
car 404.9628 415.64294 23.382008 30.749037 0.3729916
car 145.21579 158.68433 77.400986 89.615234 0.44445205
car 376.01266 385.91147 31.471605 38.629406 0.5550796
car 413.90283 429.81357 39.736454 49.961582 0.7569304
car 445.03342 480.15335 101.9097 137.60487 0.91509104
--
truck 235.33186 277.26468 33.54658 72.4614 0.7405356
truck 141.0963 209.54959 139.78929 215.87897 0.8152587
car 145.2883 158.58432 77.43836 89.630646 0.32417285
car 404.52563 415.86502 23.133543 31.102585 0.36172646
car 376.6787 386.86865 31.449419 38.781887 0.44446826
car 413.8149 429.88837 39.498295 49.943836 0.66493076
car 445.03314 480.174 101.78621 137.54074 0.9090392
--
truck 141.30533 209.601 139.66873 216.06755 0.793849
truck 240.99544 278.53125 34.03638 71.92883 0.81513554
car 404.8193 415.64758 23.478636 31.008905 0.36631542
car 377.66513 387.63138 31.267696 38.228672 0.44993564
car 413.82764 429.83258 39.614162 50.10736 0.73464155
car 445.0584 480.16086 101.82844 137.51534 0.9033402
--
truck 141.38463 209.54504 139.71558 216.01306 0.7922683
truck 241.0046 278.59375 34.230755 71.930534 0.8285608
car 404.9782 415.57193 23.612846 30.944975 0.35354796
car 377.59058 387.6631 31.362175 38.163746 0.4856073
car 413.815 429.83856 39.668713 50.149883 0.7536976
car 445.06406 480.15955 101.831696 137.50705 0.90430504
--
truck 141.25998 209.6263 139.65625 216.01007 0.77051836
truck 243.41603 282.18445 34.241722 71.92206 0.85351145
car 405.17303 415.441 23.829489 31.507118 0.30539942
car 145.15831 158.48077 77.46262 89.78823 0.30797437
car 378.30835 388.37793 30.998638 37.96142 0.5457598
car 413.84915 429.86115 39.45752 50.07908 0.73691225
car 445.03662 480.181 101.73207 137.50696 0.90782696
--
truck 142.3591 209.26709 140.0409 215.76627 0.75724655
truck 247.10384 284.6724 33.05031 71.23977 0.8851618
car 405.37473 415.2221 23.934437 31.061577 0.3270385
car 0.15729815 15.921639 142.67552 189.876 0.43892807
car 379.00436 388.93866 30.776073 37.53214 0.5149576
car 413.76868 429.6141 39.73574 50.031788 0.77259
car 444.98737 480.2396 101.7446 137.43085 0.9109143
--
truck 144.39528 208.99721 147.58372 216.9435 0.6735554
truck 251.35257 289.6993 33.30708 71.34123 0.8538338
car 145.07349 158.27342 77.7402 90.086 0.3370746
car 0.026183724 27.376635 118.42 189.27826 0.6268834
car 413.6829 429.6457 39.709583 50.207947 0.70261323
car 445.0504 480.19913 101.76331 137.4306 0.9014535
--
truck 143.9543 209.13393 147.35876 217.06195 0.6556062
truck 254.11368 292.3571 32.59748 71.614944 0.9276417
car 145.11357 158.3177 77.70962 90.111984 0.41047436
car 413.93994 429.57568 39.875515 50.06725 0.6299542
car -0.75663865 45.967663 112.058754 190.6568 0.6965846
car 445.06363 480.1981 101.73134 137.447 0.90692306
--
truck 143.85735 209.2019 147.20724 217.25098 0.6335593
truck 0.21028161 60.723225 98.77097 195.50546 0.6359151
truck 256.5709 294.2793 31.974909 71.15078 0.831636
car 33.47921 48.854805 24.702692 35.42195 0.35936803
car 145.13962 158.26706 77.673676 90.0798 0.36438534
car 413.87497 429.51575 39.848824 50.081043 0.58800507
car 445.08112 480.19907 101.7106 137.43404 0.89956003
--
truck 143.77536 209.25584 147.19156 217.25241 0.6172555
truck 0.27165413 60.786232 98.81613 195.3103 0.6310756
truck 256.37622 294.453 32.139294 70.95795 0.8045914
car 145.16156 158.23936 77.6992 90.04592 0.34518066
car 33.481262 48.856583 24.724987 35.42419 0.36093435
car 413.91327 429.45554 39.792618 50.084793 0.5656928
car 445.0896 480.19476 101.72642 137.4459 0.89799553
--
truck 259.69022 296.9488 31.89246 67.29669 0.7284757
car 145.15544 158.27249 77.60974 90.017715 0.3548101
car 33.48762 48.848576 24.752295 35.443546 0.37380868
car 413.83667 429.3555 39.895996 50.08964 0.55984503
car 0.5211282 75.971176 97.39755 179.76862 0.5894331
car 141.18448 209.8724 139.68683 216.18187 0.6563068
car 445.07526 480.18625 101.75912 137.44943 0.8857149
--
truck 262.70175 300.07443 30.675104 67.88357 0.72027004
truck -0.52830935 82.6597 96.739555 197.45045 0.8357489
car 33.379433 48.971836 24.821487 35.52896 0.34929565
car 145.17126 158.269 77.59277 89.95062 0.37942374
car 413.78067 429.39334 39.933712 50.127644 0.61369526
car 140.9814 209.60025 139.5274 216.24469 0.6657729
car 445.05185 480.1988 101.79057 137.4682 0.8951538
--
truck -0.7773936 92.80117 91.04725 194.00539 0.7196119
car 33.330368 48.92752 24.800943 35.563984 0.3966747
car 145.3241 158.32167 77.670654 90.15106 0.45272872
car 413.84924 429.23264 40.04714 50.11168 0.5949545
car 142.0087 209.79256 139.66107 216.0906 0.67435783
car 445.0964 480.17545 101.801765 137.44716 0.88690686
--
truck -1.4930606 113.63884 86.61028 179.33386 0.68970335
truck 270.55273 304.05432 31.407372 66.70401 0.77231854
car 145.54582 158.40717 77.655624 90.29319 0.37204975
car 33.34759 48.893936 24.777582 35.573654 0.42953402
car 413.93936 429.17047 40.010002 50.11589 0.6329372
car 143.12514 209.88461 139.92667 215.7046 0.773195
car 445.0895 480.1788 101.8241 137.4577 0.88838947
--
truck 272.39365 306.4005 30.565496 66.65696 0.8015288
bus -0.6430292 127.68472 82.226685 177.92485 0.66915506
car 246.93532 264.83972 25.558624 35.394054 0.34824973
car 145.73044 158.52539 77.720634 90.45823 0.40075982
car 33.37915 48.895107 24.70602 35.587204 0.42764914
car 413.8547 429.19125 40.05638 50.208878 0.6209918
car 142.77414 209.47177 139.89806 215.39825 0.77623
car 445.11386 480.14832 101.845924 137.41574 0.8802358
--
truck 272.2511 306.59277 30.527369 66.66535 0.8108799
bus -0.40386915 127.676926 82.423004 177.77554 0.65473574
car 246.91446 264.7588 25.63584 35.26125 0.30051184
car 145.73155 158.52614 77.718414 90.46102 0.3888114
car 33.3847 48.872307 24.713535 35.585987 0.43401536
car 413.8513 429.19388 40.05089 50.20955 0.61760026
car 142.89542 209.51923 139.84802 215.49084 0.7629764
car 445.12177 480.14557 101.834816 137.41231 0.8778208
--
truck 274.28937 308.0301 29.280722 64.87004 0.79717517
truck 13.654146 137.68938 77.81543 165.63962 0.8177994
car 146.00328 159.25603 77.83927 90.65562 0.33644736
car 33.439877 48.88018 24.683393 35.571594 0.41885522
car 245.87094 263.33948 25.702126 35.52302 0.4449196
car 413.7611 429.41183 39.96631 50.303005 0.6505844
car 140.78044 208.91759 139.6599 215.59338 0.7138211
car 445.09158 480.15787 101.82919 137.43066 0.8941194
--
truck 25.95901 144.55864 83.559555 168.58687 0.6543259
truck 277.96384 309.6148 29.842802 64.9077 0.8627248
car 242.30573 260.78925 25.783209 36.337753 0.459888
car 33.53633 48.625374 24.955357 35.34634 0.46559456
car 413.88977 429.13983 39.906147 50.107048 0.5387138
car 140.17024 208.29977 139.96777 215.97139 0.6489531
car 445.0755 480.1498 101.80698 137.45575 0.87961376
--
truck 140.61545 208.11682 140.0758 215.77411 0.63061553
truck 42.624706 154.84647 73.704185 154.39035 0.7142521
bus 42.913788 153.77603 80.087036 150.26591 0.4317944
car 241.4223 259.48297 25.31567 36.551064 0.4083322
car 33.635 48.55381 24.956717 35.263855 0.49285364
car 413.8062 429.19547 39.84109 50.1934 0.49502048
car 445.12314 480.12845 101.85176 137.51625 0.8854562
--
truck 58.943718 164.54475 70.275314 149.42473 0.6008356
truck 141.62674 208.3141 147.09933 217.42715 0.65826124
truck 284.15353 313.07144 29.796165 63.263546 0.7637921
bus 54.076195 162.70145 69.57406 149.45105 0.7181296
car 237.62662 258.20346 25.441069 36.96779 0.36452326
car 33.672245 48.563477 24.99409 35.260372 0.46557912
car 413.78018 429.31647 39.87023 50.23636 0.614586
car 445.08154 480.12616 101.924965 137.57317 0.90050715
--
truck 65.73423 166.39043 67.47498 146.8771 0.57535434
truck 140.25677 207.81534 140.44984 215.11218 0.7209963
truck 285.49423 316.61914 29.060125 63.157215 0.784232
bus 64.9586 173.64062 74.082 143.88306 0.8332317
car 236.18268 257.0899 25.578238 36.883133 0.42925358
car 33.65408 48.582275 25.010303 35.2658 0.4337499
car 413.76883 429.38483 39.97518 50.315075 0.6613899
car 445.07468 480.12073 101.92877 137.54332 0.9008169
--
truck 65.878685 166.11731 67.40946 147.29976 0.57650554
truck 139.79485 207.83896 140.41158 215.19925 0.70329636
truck 285.22647 316.5345 29.199846 62.977486 0.79064363
bus 65.19636 173.3826 74.12665 143.82777 0.8403431
car 235.96992 256.9091 25.821234 36.842953 0.3993402
car 33.64547 48.59017 25.009684 35.27406 0.431117
car 413.64944 429.362 39.88417 50.251488 0.6210921
car 445.0974 480.1043 101.94848 137.55954 0.89466095
--
truck 81.24356 183.96254 62.76372 143.3122 0.48015568
truck 287.52832 317.18082 30.849926 62.37678 0.78697515
bus 81.65095 181.0337 64.482834 141.64674 0.79132247
car 234.70584 255.16663 25.875172 36.34727 0.33725217
car 33.62163 48.586548 24.960009 35.251797 0.42375937
car 413.6594 429.4228 39.683342 50.274574 0.6673989
car 145.2297 208.22751 146.84082 217.37286 0.70716804
car 445.0816 480.12067 101.99079 137.59508 0.90655106
--
truck 289.4175 317.731 30.223667 62.39626 0.7151199
bus 93.69658 187.84644 64.657936 138.6522 0.756212
car 232.00821 253.05139 28.154507 38.397636 0.33829984
car 33.576096 48.624943 24.969093 35.323822 0.4384265
car 413.65173 429.4071 39.766754 50.282448 0.72493273
car 146.49654 208.19177 147.53552 217.11108 0.7697028
car 445.0703 480.13217 102.086914 137.65526 0.9139548
--
truck 292.96628 320.567 30.21021 62.039013 0.6444533
bus 104.09519 196.72691 61.569122 131.03664 0.66660243
car 230.87508 251.93765 28.234756 38.454746 0.4006559
car 33.54193 48.66706 24.98991 35.412148 0.4293905
car 413.66238 429.4443 39.660233 50.219048 0.7362591
car 146.74767 208.26146 148.16171 216.81197 0.8211132
car 445.02646 480.16788 102.04294 137.70912 0.9231018
--
truck 294.28165 322.73962 30.166264 61.09298 0.5936302
bus 116.38257 204.9808 60.880245 127.17848 0.58217275
car 33.567753 48.66957 25.079838 35.369385 0.4376416
car 227.5834 249.73196 29.052076 37.981594 0.49798676
car 141.35593 207.47263 140.53477 215.03581 0.6855568
car 413.79938 429.2499 39.93741 50.259575 0.78162885
car 444.99954 480.17688 102.01089 137.71997 0.9304909
--
truck 295.8879 324.7514 30.19507 61.58386 0.6946668
truck 123.98764 212.3818 54.57292 118.267166 0.69923687
car 33.47444 48.720695 24.864515 35.33296 0.37344524
car 413.877 429.20425 39.773384 50.135197 0.6648437
car 141.6459 207.9275 140.38503 215.36488 0.7790697
car 445.0392 480.15048 101.985 137.67334 0.9160137
--
truck 295.88834 324.626 30.276604 61.494244 0.66177225
truck 124.02656 212.38991 54.460888 118.305885 0.6980377
car 33.472317 48.721245 24.869648 35.3307 0.37407073
car 413.84006 429.29776 39.802803 50.19627 0.67715436
car 141.88217 208.11275 140.3382 215.41283 0.77658194
car 445.02634 480.16284 101.978 137.67828 0.9192086
--
truck 298.1458 326.54538 28.36922 61.46227 0.56235385
truck 137.05998 217.86394 55.11487 117.13299 0.62236595
car 33.468285 48.70202 24.8903 35.316982 0.3587571
car 223.86853 243.96246 28.580063 38.737717 0.41450018
car 413.75848 429.4291 39.903812 50.338207 0.733136
car 147.19806 208.28622 147.96033 216.89279 0.7585407
car 444.98242 480.1632 101.9541 137.74765 0.92507976
--
truck 300.88412 328.75827 28.690329 60.447777 0.57681096
truck 143.21335 230.2403 55.62664 114.14001 0.7802733
car 33.34904 48.78645 24.817986 35.37578 0.3373099
car 413.82278 429.37158 39.85298 50.417492 0.6650296
car 142.94553 209.45126 140.43217 215.48889 0.6705704
car 444.97726 480.15787 101.92492 138.02931 0.9282377
--
truck 303.37115 328.73395 28.47874 59.636963 0.5520402
truck 151.25014 231.81824 55.16989 109.85137 0.75131154
car 33.306496 48.796818 25.029158 35.394306 0.30294758
car 218.25122 240.80263 28.493704 39.277237 0.33062413
car 413.83798 429.30142 39.93037 50.396637 0.6613001
car 141.71425 209.92201 140.40512 215.51093 0.79714864
car 445.0091 480.12857 102.036896 138.15578 0.9278882
--
truck 167.17174 241.32523 52.518566 108.80471 0.6070645
truck 305.81384 330.4969 28.22618 59.35081 0.6624241
car 217.31502 239.49265 28.583078 39.59045 0.42196786
car 413.835 429.29486 39.932983 50.33899 0.65589416
car 140.85565 209.43489 140.70056 214.98305 0.7138679
car 445.02045 480.1327 101.9404 138.08757 0.92465025
--
truck 141.11287 209.48225 140.32379 215.36378 0.60811085
truck 307.5711 332.13492 27.411728 59.912254 0.62787133
bus 172.69252 241.11017 49.18553 105.77927 0.3722719
car 413.85052 429.2962 39.894615 50.306477 0.6289368
car 215.60428 237.23264 28.377672 39.07571 0.7308495
car 445.039 480.13614 101.94177 138.05118 0.91739714
--
truck 140.90025 209.5427 140.26865 215.45276 0.6260623
truck 307.60126 332.10913 27.463144 59.993126 0.6308187
bus 172.70651 240.96411 48.98159 105.66989 0.3546365
car 413.84888 429.28232 39.907257 50.300785 0.63131917
car 215.5761 237.30739 28.383629 39.05294 0.72146
car 445.04117 480.1338 101.94275 138.0405 0.9175935
--
truck 307.13245 335.7706 27.766907 58.748962 0.42043677
truck 181.61699 247.81998 50.344204 102.44481 0.58701754
bus 181.61699 247.81998 50.344204 102.44481 0.49847594
car 413.63193 429.4455 39.79523 50.31156 0.61294335
car 213.38692 235.38676 28.534153 39.913433 0.7335411
car 445.0033 480.141 101.92297 138.01749 0.93233126
--
truck 307.89502 336.0262 26.630672 59.168945 0.35410246
truck 141.2338 209.39062 140.39993 215.20189 0.67507154
bus 189.68341 249.62994 50.48994 96.44788 0.31968582
car 146.45882 157.71863 76.960976 89.15036 0.36459136
car 212.36469 232.68637 28.451128 39.764114 0.52556264
car 413.67484 429.54474 39.811695 50.326622 0.6234552
car 445.00412 480.15198 101.87641 137.96281 0.9317471
--
truck 196.77342 254.67947 48.85412 94.992966 0.42054528
truck 140.91536 209.38522 140.55014 214.9101 0.60788965
truck 311.50876 336.92538 28.181728 58.398552 0.6288207
bus 196.43867 254.93257 45.67563 90.46487 0.81404734
car 146.40233 157.70612 77.17227 89.4317 0.36931488
car 413.68878 429.4393 40.042583 50.42191 0.64883435
car 207.35506 232.38695 29.26931 40.687077 0.7736224
car 444.99615 480.15506 101.86167 137.97623 0.93552697
--
truck 204.84679 260.21527 48.815304 92.865875 0.3564169
truck 312.9888 337.7303 29.063196 57.204556 0.66031754
bus 204.58214 261.23785 46.801506 89.25213 0.8608047
car 146.4441 157.74835 77.16296 89.46775 0.37541828
car 140.77495 209.17131 140.33217 215.05173 0.6493223
car 413.69885 429.38345 39.894135 50.341904 0.6765674
car 205.22673 229.30641 29.956625 40.364716 0.86543673
car 444.99942 480.15353 101.849915 137.96556 0.9331114
--
truck 213.3417 268.58096 49.403885 90.760635 0.53599364
truck 315.2204 339.01544 28.209667 57.571968 0.6053564
bus 210.46861 266.06876 48.47304 87.30611 0.8116265
car 146.47466 157.74976 77.00421 89.48167 0.42128456
car 140.97859 209.50797 140.44952 215.20702 0.62058574
car 413.71735 429.36365 39.902107 50.397354 0.65442
car 202.25456 227.73824 29.629408 41.05345 0.90009654
car 445.01343 480.1482 101.85115 137.93542 0.93241733
--
truck 213.323 268.57605 49.261967 90.892426 0.51642907
truck 315.2213 338.96497 28.068819 57.655815 0.5983824
bus 210.3612 266.17508 48.349045 87.43013 0.83306015
car 146.47162 157.80338 76.976524 89.47937 0.42558196
car 140.99637 209.4145 140.5097 215.10202 0.658698
car 413.73154 429.33527 39.82476 50.337696 0.6730531
car 202.23856 227.73706 29.643879 41.085663 0.9045749
car 445.00635 480.1523 101.84206 137.93666 0.9326773
--
truck 217.15889 269.3424 47.982586 92.3861 0.46671945
truck 317.06375 339.82156 28.91346 56.52498 0.54924303
bus 217.12576 267.8695 45.460976 90.987915 0.80362487
car 146.49808 157.71191 76.96443 89.39036 0.4174711
car 140.98346 209.38443 140.65895 215.07867 0.6281026
car 413.76102 429.32315 39.96972 50.424133 0.6845879
car 198.78741 223.35002 30.595728 41.5776 0.79366565
car 444.98883 480.15683 101.83734 137.94417 0.93771225
--
truck 222.71867 275.00452 49.46193 90.45091 0.35419092
truck 318.25482 341.2341 29.378027 55.933987 0.5506617
bus 221.94934 273.68912 47.25871 88.15288 0.8991774
car 146.17632 158.12755 76.99068 89.712776 0.30632564
car 413.79202 429.52884 39.84786 50.29046 0.610096
car 140.00352 209.95145 140.29355 215.48674 0.64817214
car 196.18439 223.45706 30.478218 41.609276 0.8613989
car 444.90817 480.19965 101.92339 137.9048 0.9414488
--
truck 226.45473 282.38858 47.49997 84.99712 0.38828352
truck 319.48175 342.76257 29.006449 55.643208 0.45825315
truck 140.08235 210.0202 140.33449 215.39522 0.6585167
bus 228.82198 280.22626 46.94059 86.91881 0.88280755
car 146.14305 158.18677 76.94581 89.73187 0.35003608
car 413.74127 429.58112 39.92736 50.263084 0.62091285
car 193.45378 219.91861 30.596336 41.50678 0.77105063
car 444.93454 480.1782 102.013466 137.94 0.93774277
--
truck 234.03593 285.6747 50.432625 89.32637 0.36241668
truck 139.91464 209.98424 140.53601 215.28365 0.6092726
truck 321.61722 344.88672 30.398247 54.900677 0.64981014
bus 232.07715 282.6203 46.44301 85.386185 0.8389548
car 146.16522 158.21516 76.93082 89.68183 0.38277987
car 413.68478 429.50772 39.882607 50.35436 0.6460734
car 190.94765 218.92047 30.879993 41.954124 0.84221864
car 444.91284 480.1795 101.94748 137.9388 0.945859
--
truck 322.9342 345.2891 30.04704 55.424072 0.7315223
bus 240.23523 288.25183 44.325787 85.717384 0.7969844
car 146.1243 158.19298 76.76419 89.559975 0.3664564
car 140.10847 210.03319 140.51874 215.28358 0.6296702
car 413.65686 429.56573 39.878407 50.487553 0.70532316
car 188.7015 214.34479 31.30084 42.32032 0.87934196
car 444.8714 480.1986 101.931305 137.93307 0.94943625
--
truck 323.01532 345.2845 30.169123 55.246693 0.7231495
bus 240.22041 288.41 44.368668 85.73787 0.80193543
car 146.14139 158.19604 76.766106 89.5581 0.3664605
car 140.09108 210.05032 140.53293 215.27885 0.64200634
car 413.64157 429.5856 39.892265 50.508587 0.7087045
car 188.71187 214.3202 31.342041 42.41939 0.88000375
car 444.8719 480.19678 101.929436 137.93419 0.9500428
--
truck 243.83292 294.23886 43.960342 84.88669 0.5635793
truck 139.9603 209.9265 140.41144 215.38138 0.61950964
truck 324.8416 346.71796 30.71611 54.939785 0.7096585
bus 243.83292 294.23886 43.960342 84.88669 0.80133015
car 146.13608 158.20479 76.918365 89.553665 0.3959882
car 285.4392 298.49286 22.576078 31.862482 0.4012565
car 413.65848 429.625 39.99641 50.450157 0.71645164
car 187.15308 211.84073 31.835064 42.567085 0.8853034
car 444.88977 480.1847 101.97 137.92915 0.94241154
--
truck 249.04878 295.63953 43.598736 81.83504 0.511796
truck 140.0609 209.82664 140.44458 215.29607 0.6390149
bus 249.04878 295.63953 43.598736 81.83504 0.67727524
car 146.0927 158.20447 76.82227 89.46124 0.41571096
car 283.7128 300.75482 22.17243 32.765423 0.5259436
car 413.66357 429.69217 39.935333 50.40995 0.69774646
car 185.1206 208.77817 30.475924 43.56821 0.8075279
car 444.9087 480.18277 101.9291 137.88826 0.93850446
--
truck 255.7202 301.41177 39.58985 82.24886 0.48559132
truck 326.82248 349.27197 23.99119 53.72338 0.6404832
bus 254.68993 297.16855 42.59201 81.09901 0.80467814
car 146.06787 158.2096 76.85485 89.50305 0.42852622
car 182.82579 207.49539 30.881603 43.12831 0.57491934
car 140.00087 209.87448 140.61562 215.14456 0.60520816
car 283.07513 301.26843 21.948467 32.18026 0.67031896
car 413.59186 429.71573 40.046352 50.499992 0.76196665
car 444.8961 480.18927 101.829346 137.89066 0.9463289
--
truck 327.54077 349.648 21.788383 53.618443 0.54673284
bus 258.434 301.8755 43.15115 79.40297 0.7155696
car 146.06975 158.13539 77.11458 89.57014 0.38553026
car 178.13046 204.46848 32.531574 44.9681 0.59021866
car 139.82697 209.91994 140.84668 214.94373 0.6576244
car 283.64386 299.59225 22.414085 32.40871 0.7106643
car 413.64008 429.5929 40.077015 50.52423 0.78692013
car 444.87866 480.1787 101.82896 137.94293 0.95320606
