--
car 100.00573 118.92988 0.58911437 12.420087 0.7987205
car 448.34088 479.3864 210.14949 278.73422 0.91989845
car 123.17389 157.0088 43.690884 71.09598 0.9401231
--
car 99.6979 119.17574 0.35047352 11.915605 0.8103757
car 434.6325 481.81876 200.46008 280.78516 0.9207569
car 126.08956 156.86409 44.44817 72.65467 0.9290448
--
car 431.80685 480.6121 200.9741 282.1676 0.78488797
car 99.366 119.4279 0.20857126 11.994393 0.8193812
car 126.21949 162.07048 46.777687 75.77629 0.919282
--
car 98.7728 119.552795 -0.22530422 11.771463 0.79461503
car 428.61298 479.92993 197.93866 268.45227 0.8104402
car 127.12671 161.86731 47.89568 76.142914 0.9415908
--
car 420.9129 479.86295 194.0918 269.09158 0.58923185
car 98.547134 119.30878 -0.7886097 12.074044 0.8168073
car 128.63371 161.5518 48.419773 76.658714 0.92486453
--
car 418.48047 478.46017 192.33537 270.73938 0.40285924
car 98.16021 119.57864 -0.61854357 12.124977 0.7336791
car 130.15976 162.14426 49.584507 77.14972 0.7924779
--
truck 407.20306 481.15448 184.86836 261.45844 0.53747493
car 96.95109 119.09792 -0.54677904 11.85274 0.81343734
car 136.01599 168.96465 50.885197 83.43717 0.9103464
--
truck 407.29465 481.07175 184.95123 261.57272 0.56553245
car 96.96802 119.0712 -0.5713662 11.854425 0.8067843
car 136.05057 168.9416 50.888676 83.53463 0.9107598
--
truck 407.31833 481.03397 184.79805 261.65076 0.5556974
car 97.05343 118.999825 -0.48939854 11.81679 0.79619235
car 136.10005 168.88791 50.963776 83.35588 0.91044426
--
truck 399.25604 479.56656 166.36888 261.05948 0.718101
car 97.17551 118.55606 -0.44252795 11.44 0.8409414
car 137.2351 169.69264 51.15525 84.705284 0.86526394
--
car 396.27457 478.8283 175.49342 253.45334 0.613766
car 97.04327 118.2142 -0.3636787 11.3757715 0.8065222
car 138.21898 170.54393 51.17545 85.14429 0.91690195
--
car 97.06363 118.01683 -0.47995347 11.567033 0.7296773
car 141.86383 175.8197 54.636894 89.880135 0.7979586
car 391.27985 479.05225 173.95576 252.47643 0.82080483
--
car 97.20617 117.40656 -0.43437773 10.9488945 0.78276676
car 386.80548 479.53482 171.52388 245.56657 0.8158001
car 142.2375 177.96541 56.71415 90.37519 0.9402616
--
car 382.6583 477.42432 168.95442 244.36969 0.77040523
car 96.91953 117.33276 -0.40275112 10.941472 0.8127535
car 143.88547 178.65573 57.098484 91.84641 0.9780688
--
car 97.048836 116.09952 -0.20536736 10.851621 0.7250306
car 375.47183 478.39117 165.55933 242.82574 0.73906153
car 144.71223 180.54608 57.446213 93.90735 0.95693403
--
car 96.827 115.3733 -0.14293492 10.828485 0.6352959
car 375.40408 472.2426 157.12294 235.92668 0.7638337
car 146.53319 180.25246 59.129253 94.59986 0.854106
--
car 96.8767 114.68325 0.17060995 10.574692 0.55270785
car 73.097946 95.85234 34.079445 52.932377 0.66332734
car 373.41232 467.05945 159.23474 233.63339 0.6910993
car 148.80383 187.69223 62.941414 100.82678 0.8088644
--
car 73.34926 96.11255 34.204865 53.293716 0.67470497
car 97.02734 114.85751 -0.11209387 10.452303 0.71545196
car 146.58685 199.85172 63.01945 106.03568 0.81922853
car 369.38464 464.78928 158.77965 233.45294 0.83238393
--
car 73.40621 95.89548 34.082897 53.19332 0.6628457
car 96.92036 114.71955 -0.06131094 10.429916 0.68018425
car 146.5335 199.43488 62.83055 106.162865 0.805875
car 369.2178 464.85284 158.6302 233.51346 0.8403784
--
car 74.768974 173.10716 96.027115 146.62276 0.51105386
car 96.3317 113.23913 0.7440854 9.977627 0.54992014
car 154.54736 205.81384 68.67071 110.76135 0.86385196
car 357.69446 451.16528 155.9797 224.0256 0.8702302
car 75.10803 96.76794 33.3291 54.181137 0.8830628
--
car 96.28431 113.20138 0.65769875 9.9720745 0.4918872
car 354.6008 449.40686 153.20227 222.00624 0.77435195
car 75.50941 96.846886 34.56665 55.8597 0.9075653
car 158.71315 198.79268 71.10758 112.29968 0.9344312
--
car 96.14955 112.89286 0.51270556 9.909902 0.51769835
car 159.74075 200.73389 71.762695 113.90213 0.8630003
car 351.29745 444.123 151.1993 217.2763 0.8704576
car 75.6407 97.0803 34.611267 56.398647 0.89595
--
car 96.284805 113.2288 0.5905979 9.841493 0.5489649
car 347.21222 437.12915 143.7158 214.54175 0.69364846
car 75.79141 97.96226 35.44646 57.235565 0.8569087
car 161.23918 202.90378 70.56799 115.8993 0.86671406
--
car 95.904366 113.155304 0.24852276 9.928851 0.66592884
car 342.79977 430.13367 145.09721 209.84265 0.7337744
car 162.94907 214.24016 73.42977 121.92037 0.7612413
car 72.762794 103.459564 36.537815 59.567173 0.88198465
--
car 95.77117 112.952225 0.46133694 9.842409 0.5282156
car 343.0778 429.7798 145.5058 209.48228 0.7432487
car 162.63704 214.16397 73.71041 121.86627 0.77446634
car 73.3815 103.13596 36.398006 59.130863 0.8975342
--
car 74.60971 103.80607 37.10976 60.721077 0.7148738
car 338.64166 426.46246 141.48914 205.63326 0.73607427
car 167.68689 220.13458 76.63445 127.26995 0.7790389
--
truck 335.87073 423.19418 141.19786 204.04982 0.70477134
car 96.388145 112.793045 0.916653 9.520202 0.30819523
car 77.60134 100.15197 38.939762 60.3654 0.7129053
car 172.08258 224.28429 80.36985 129.52367 0.9101092
--
car 78.0319 99.653336 38.256287 60.69005 0.43240398
car 171.37337 226.16273 78.36704 131.72675 0.68467087
car 332.6756 419.45547 139.56311 201.5068 0.8157383
--
car 78.252205 100.37872 37.937664 60.867054 0.44685647
car 175.61977 227.9369 85.63631 134.22832 0.72935045
car 326.54532 408.9121 138.3389 195.73164 0.79971105
--
truck 178.3888 236.90704 88.17894 142.08461 0.74083865
car 78.06124 99.96966 37.611366 61.75704 0.40163052
car 326.4018 406.9306 128.37965 192.43991 0.76615083
--
truck 178.33319 236.88544 88.03391 142.1678 0.7094096
car 78.07513 99.93503 37.507595 61.849754 0.39482096
car 326.001 407.0162 128.50165 192.34093 0.7511319
--
truck 318.63696 404.7315 133.38206 192.57764 0.68244344
car 188.15323 245.70322 97.862946 153.51492 0.8614553
--
car 317.1179 398.63583 126.91798 190.72678 0.7564961
car 79.729515 101.29502 40.55225 67.03954 0.7803755
car 188.76474 247.39883 92.57251 153.83482 0.86728686
--
car 79.86047 101.419586 41.261795 67.176994 0.59993833
car 188.87042 250.00708 94.37152 151.64713 0.8202953
car 311.08002 387.8902 129.38618 182.41951 0.8203831
--
truck 311.87866 394.6836 123.48834 186.37277 0.7508893
car 196.65747 262.5861 104.84179 164.27913 0.71266645
car 79.95303 102.01003 41.815372 69.06814 0.71291006
--
truck 311.20947 394.94507 121.956375 184.27654 0.7860905
car 82.093376 104.19165 43.124115 70.23229 0.6053957
car 200.67357 266.04578 106.144966 169.59033 0.6790441
--
car 82.26991 105.637856 44.9701 71.05307 0.72114223
car 205.32487 270.83478 108.39985 173.56409 0.8303798
car 302.19403 381.51236 122.20679 175.6539 0.93017036
--
car 82.23019 105.5852 44.922985 71.06457 0.7108687
car 205.51903 270.8022 108.37266 173.54291 0.80658966
car 302.14563 381.04807 122.29609 175.4592 0.92913455
--
car 82.32507 105.56317 45.145805 72.376945 0.70477843
car 298.73816 378.93912 120.451485 175.97557 0.89022297
car 212.04008 285.90552 115.96177 188.12268 0.9081716
--
car 82.74225 110.82212 49.219612 74.524925 0.74540776
car 217.39043 289.92978 118.03034 195.65007 0.7773176
car 295.32162 367.04123 121.51198 169.95117 0.87594867
--
car 296.15442 363.2548 114.40527 167.64413 0.78286666
car 82.67055 111.56818 47.55538 75.813736 0.83963996
car 218.9592 293.6298 120.40984 196.88165 0.9343456
--
car 229.2823 308.39673 129.90195 206.47765 0.7117122
car 294.59 360.9412 113.946526 168.11732 0.85772884
car 82.41377 113.035065 47.892868 76.29785 0.87628365
--
car 229.26952 308.70508 129.8904 206.3705 0.68142414
car 82.50548 113.14746 47.60377 76.38997 0.8669856
car 294.20178 361.0006 114.05373 168.10133 0.8702877
--
truck 290.26178 355.22433 113.72862 166.86142 0.71688
car 238.92569 332.34906 130.55554 225.90921 0.7486032
car 83.45689 115.27825 49.52379 77.58703 0.82107884
--
car 83.53769 114.96871 49.79949 78.35508 0.81737924
car 286.25977 353.22504 111.45715 163.5823 0.8503559
car 250.93875 343.9331 153.68364 234.83614 0.86329424
--
car 83.001175 114.322235 50.632885 78.42797 0.6271941
car 282.6757 342.3771 112.48199 156.51277 0.7150376
car 253.89508 352.17877 153.27422 240.77388 0.9140004
--
truck 283.67114 350.16806 109.08749 158.96321 0.74731475
car 85.56129 123.888016 52.36687 81.84381 0.62649727
car 258.5845 366.08353 165.01387 255.06276 0.9225022
--
car 281.27734 339.98767 108.12435 154.00676 0.66629946
car 85.42586 113.49726 52.397064 82.70705 0.84782153
car 272.7574 373.14124 172.84398 264.2687 0.9829466
--
truck 283.60483 347.66043 107.35681 158.14786 0.7055021
car 84.83471 113.84096 52.494164 82.48764 0.8412462
car 272.26053 371.79883 171.55406 264.56723 0.9791855
--
truck 276.41562 337.43787 107.9677 151.4007 0.67164606
car 87.38454 120.809715 56.195145 86.18521 0.77166855
car 287.42752 395.99646 185.4807 280.53613 0.9600513
--
car 275.27664 337.65616 107.571686 150.15169 0.68840396
car 301.0244 412.84116 189.33348 302.71866 0.877823
car 88.24735 120.10579 56.08103 87.67893 0.9131491
--
car 271.17654 337.2233 101.15565 145.66635 0.7197027
car 308.9471 424.47116 199.29732 318.8319 0.85710645
car 88.95393 119.80039 58.1059 88.082214 0.94228077
--
truck 270.11603 338.3913 105.24385 149.59738 0.6576196
car 89.794174 118.36621 58.244907 89.280914 0.93468165
car 317.53253 452.1267 202.79308 336.67404 0.94586885
--
car 262.91937 324.87115 100.8214 142.67177 0.62742347
car 332.3221 466.97055 218.7854 351.85303 0.9152208
car 89.65929 120.25623 59.072823 91.87701 0.9502953
--
car 262.94086 324.85327 100.86554 142.68127 0.6402153
car 332.3015 466.74454 218.99516 351.94775 0.9149904
car 89.74931 120.05253 59.1121 91.65486 0.9490741
--
car 262.66232 323.33875 97.831635 143.61108 0.7377123
car 357.5749 476.3324 234.87051 350.12912 0.9269575
car 90.00729 121.433914 60.922546 93.74753 0.9580077
--
car 260.74115 322.24188 96.96906 141.6985 0.60674566
car 89.830986 124.09211 64.25502 96.06175 0.848545
--
car 90.263275 124.678116 65.08375 96.6625 0.90711445
--
car 257.69662 318.87427 95.6353 137.92072 0.6204686
car 92.62177 124.375275 65.444786 97.64485 0.91154
--
car 257.27582 318.2389 94.15743 138.27069 0.52816266
car 92.828835 124.84994 65.81395 100.002266 0.86842906
--
car 256.91412 318.153 94.09526 137.63435 0.73119575
car 92.921906 124.97847 65.92206 98.51696 0.8409975
--
truck 251.23264 314.37067 93.255325 136.76607 0.62626773
car 96.014046 128.98244 68.94798 103.70975 0.7405359
--
car 249.94849 313.0836 91.87581 136.29622 0.6807341
car 95.0333 129.14333 69.23788 104.432 0.83357847
--
car 96.37173 129.53433 71.49668 106.7316 0.79390824
car 248.969 302.9914 90.0824 129.88947 0.87301743
--
car 248.28752 303.1946 89.963036 129.3529 0.690654
car 97.69301 131.38217 72.79613 108.63347 0.8273509
--
truck 248.25027 308.80573 90.080635 134.24083 0.6185683
car 97.76344 132.85432 75.868065 110.19508 0.8877602
--
truck 245.77904 300.96594 89.87789 127.14766 0.48632318
car 247.28497 294.42294 90.9462 126.45879 0.6810895
car 99.46199 133.89508 74.19289 116.94165 0.9206903
--
truck 245.5679 300.98184 89.951904 127.163765 0.48446986
car 247.37268 294.32184 90.93275 126.527115 0.6909291
car 99.4261 133.95964 74.3238 116.76525 0.9173963
--
car 242.31236 287.94632 86.29995 123.550316 0.6914396
car 257.27576 307.32376 107.83021 132.83087 0.8011073
car 99.33787 135.70189 78.94283 118.63392 0.84877324
--
truck 241.74124 298.9541 88.63423 126.331604 0.7179423
car 101.09822 135.35074 80.670975 120.83809 0.74833405
--
truck 239.98732 295.39114 87.02365 127.178734 0.62584543
car 101.73217 136.78917 81.33568 122.574234 0.94683915
--
truck 235.88057 291.70932 83.360245 123.67005 0.5660277
car 90.05817 144.35742 80.24469 128.08691 0.83107024
--
truck 236.02408 290.2341 83.3793 123.939125 0.58589256
car 89.801834 144.33562 80.78281 128.15094 0.88779444
--
car 238.26161 281.8342 84.87597 122.26013 0.7007981
car 106.47448 142.0777 87.956276 129.00351 0.76698893
--
car 232.50342 276.84406 83.88193 117.092384 0.46419686
car 106.44227 143.72946 88.56692 131.95152 0.6444086
car 244.44574 281.33737 97.29721 122.20761 0.6563556
--
truck 230.37575 276.88098 82.67191 117.77484 0.4748579
car 227.93211 283.10782 79.13066 119.46554 0.52045286
car 89.95175 151.05731 89.16201 141.70389 0.79909915
--
car 228.92749 275.7329 82.522194 116.86593 0.5699077
car 112.06488 151.80194 88.77853 141.2193 0.6894639
--
car 226.48715 268.40167 78.5424 112.39164 0.52778774
car 240.5375 287.87982 97.51325 123.40333 0.5311403
car 113.16794 153.1961 93.24279 146.6622 0.8197023
--
car 240.59882 287.79208 97.639465 123.486885 0.5109779
car 226.54858 268.48962 78.562485 112.29242 0.5214638
car 113.423775 153.42607 93.12123 146.93617 0.8316568
--
car 240.31975 288.54126 100.14667 122.49442 0.80117804
car 224.36293 268.91394 77.680305 113.58643 0.94159037
car 118.26313 156.30675 103.3169 152.36032 0.96104985
--
car 221.44907 268.60605 77.17622 114.00536 0.89381284
car 121.39369 159.62952 105.351906 153.14618 0.9193986
--
car 113.782135 167.4454 103.90999 156.17526 0.85985005
car 220.5174 268.82294 76.7419 113.92625 0.8756972
--
car 220.26561 265.67764 75.77571 113.417854 0.83184946
car 115.46421 170.41695 108.26633 162.33775 0.94005084
--
car 218.5024 259.74115 74.959366 111.67806 0.8338562
car 115.06888 171.02574 108.68294 165.08965 0.9055358
--
car 218.37431 259.79837 75.57415 111.692665 0.80293584
car 113.79412 171.31645 107.96434 164.78954 0.8127035
--
car 223.65488 263.76117 87.891106 112.923996 0.36514413
car 116.23541 173.56693 110.70664 170.10191 0.6686169
car 216.3295 259.0586 75.20989 109.270386 0.90957433
--
car 215.76642 258.12433 74.896736 107.999664 0.9045547
car 122.03509 178.45467 119.58011 176.73184 0.9804599
--
car 213.40877 257.54108 74.38945 107.16226 0.89956975
car 122.92311 181.09866 120.958015 181.53453 0.97154546
--
car 212.88892 256.71515 73.623634 107.01079 0.8782288
car 125.82941 183.92934 126.01307 185.83777 0.94502735
--
car 212.66364 255.96703 73.25344 107.77086 0.81669253
car 126.42926 188.0207 126.91156 191.22575 0.9859313
--
car 212.7304 255.82846 73.321465 107.81652 0.8068533
car 126.40114 187.83426 127.070015 191.0651 0.9856929
--
car 212.4371 254.84616 73.42205 107.383194 0.83592135
car 131.89339 194.67084 132.29387 200.64015 0.92007303
--
car 206.24463 249.94897 69.5791 103.93603 0.8724949
car 129.84747 199.1319 139.25214 205.32312 0.92521006
--
car 203.7318 250.073 69.59757 103.952286 0.8831031
car 134.98877 202.64035 142.12492 214.23053 0.9160389
--
car 202.01788 249.31088 69.54729 103.807045 0.7979167
car 142.16385 205.96745 151.3634 221.1771 0.9357327
--
car 71.80935 196.26074 105.12034 154.47191 0.4397884
car 201.44012 247.52435 69.27509 103.779434 0.8790215
car 147.51367 212.43683 154.80212 225.84308 0.9741986
--
car 97.496765 242.52719 170.48447 243.52484 0.50280434
car 199.19447 240.14204 68.04432 100.7492 0.8016536
car 157.03789 221.6289 168.66777 242.14708 0.98932385
--
car 214.0289 253.4612 81.939 104.094986 0.36488026
car 95.55109 243.9287 170.83699 242.82877 0.38960814
car 199.23962 240.2053 67.955925 100.88391 0.74187696
car 157.51312 221.42314 168.45108 242.0973 0.9883869
--
truck 90.33182 253.16225 174.72311 252.32634 0.43142432
car 90.33182 253.16225 174.72311 252.32634 0.42056963
car 197.14706 241.08464 68.3976 100.154594 0.588833
--
car 196.24292 240.2125 68.45374 99.64635 0.6787604
car 96.23859 259.15582 181.67537 257.8019 0.7566848
car 157.9553 234.02968 167.99869 258.87708 0.92403066
--
car 193.94873 240.09447 68.136444 99.470924 0.5773662
car 122.0218 260.64297 184.47603 264.6769 0.85899687
--
car 189.89763 247.04684 63.208004 102.21921 0.40139088
car 132.86714 257.57578 193.6962 271.34015 0.8868407
--
car 189.94316 247.10924 63.2998 102.20125 0.40562645
car 134.4316 257.15732 193.71489 271.68906 0.8785677
--
car 187.71274 234.16974 66.49729 97.0607 0.6086749
car 175.80502 259.68723 195.08307 303.08075 0.9048005
--
car 186.60341 233.98796 66.56088 96.947815 0.650893
car 176.45865 280.5929 218.50793 309.9617 0.9728916
--
car 185.53642 231.31519 66.84945 95.68954 0.7730056
car 185.37036 293.46613 227.28015 323.27246 0.98985547
--
car 270.33484 313.76007 262.69522 335.7932 0.42488915
car 183.31746 229.98941 62.643818 92.611626 0.5045084
car 202.96815 285.19647 222.97826 341.0278 0.9795407
--
car 181.89268 230.03645 62.539017 92.69946 0.52588826
car 200.57478 294.57428 221.1289 348.6135 0.80663985
--
car 181.76808 230.04086 62.44411 92.62542 0.5378171
car 203.31488 295.34042 234.34688 351.8758 0.9058486
--
car 178.76395 224.04213 61.44249 93.73742 0.8201126
car 206.11359 321.33322 243.73984 357.53586 0.8890999
--
car 209.26114 321.03754 247.40663 358.27554 0.645395
car 177.66194 223.20314 61.4552 93.2921 0.81837565
--
car 88.75709 307.64612 167.32675 351.1058 0.3513989
car 175.16017 220.91516 61.718826 92.74722 0.82760084
car 211.40172 343.31406 252.81363 356.7092 0.8816585
--
car 174.05376 219.7684 60.928272 93.26038 0.8304875
car 227.87488 345.86035 268.9774 358.09744 0.8592696
--
car 233.08754 347.51404 272.09286 356.68182 0.344275
car 91.03138 313.75528 161.97958 352.33295 0.3550367
car 171.23633 213.57707 61.649063 92.249054 0.8262592
--
car 233.44028 347.1253 271.75143 356.6579 0.34822467
car 90.09757 315.9698 161.8501 352.01788 0.41358706
car 171.24933 213.56784 61.679222 92.24296 0.82660365
--
car 167.917 215.16806 61.499363 92.1004 0.7810367
--
car 166.80621 214.88283 62.230034 91.16 0.82412064
--
car 164.40398 213.12749 61.68603 91.25324 0.8690789
--
car 161.6549 212.10776 61.06683 91.78036 0.837944
--
car 159.53511 207.1612 60.563362 90.40819 0.81015366
--
car 159.76482 206.98969 60.664986 90.27574 0.79367703
--
car 74.51155 93.727585 19.590866 35.12374 0.49294046
car 157.30153 207.1189 60.933212 90.138306 0.8312429
--
car 157.07324 204.3729 60.18911 89.301926 0.78118664
--
car 156.1111 201.69987 59.789974 89.75312 0.65666664
--
car 150.70845 197.89659 58.651424 88.68565 0.68016404
--
car 148.71356 199.27109 58.622097 88.53027 0.74874663
--
car 144.79697 195.72827 59.364136 87.34753 0.7918992
--
car 144.9125 195.91805 59.08253 87.37656 0.82391584
--
car 142.00702 194.1209 58.874638 87.34137 0.906258
--
car 77.32669 92.441605 13.223132 24.969395 0.34032327
car 138.84384 191.08289 58.35305 86.55876 0.86657935
--
car 137.64355 189.36847 58.95762 86.328445 0.87487936
--
car 135.5258 187.62144 58.770996 85.79927 0.9279016
--
car 135.25723 187.33936 58.6894 85.912735 0.8846292
--
car 128.88966 182.32751 57.873596 85.031136 0.9025823
--
car 78.54482 93.00309 14.09897 24.453573 0.4492998
car 127.797646 182.12941 58.509666 84.521774 0.8655108
--
car 78.823814 93.53583 14.232715 24.768623 0.34840465
car 78.32866 95.505196 34.87762 53.457794 0.5054012
car 124.44031 180.89407 59.093555 84.74776 0.8612568
--
car 79.09227 94.31024 14.321904 25.427334 0.3693758
car 77.95572 96.01002 32.450783 54.96423 0.59443575
car 117.095566 175.59435 58.735 84.021065 0.90307367
--
car 78.167786 96.49243 32.978516 55.243546 0.35123894
car 117.430016 174.92719 58.611427 84.08878 0.9532282
--
car 78.10555 96.4552 32.98134 55.270794 0.35198218
car 117.3454 174.82558 58.70155 83.994316 0.9564293
--
car 79.69016 94.631355 15.64848 26.245335 0.6293731
car 77.32806 97.84087 34.498566 57.84463 0.82902277
car 116.174866 170.31122 58.727684 83.76679 0.9107392
--
car 79.81564 94.638336 15.662284 26.338877 0.5673953
car 114.8095 168.09412 58.758305 84.38754 0.91353923
car 77.01993 97.902664 35.163143 60.292458 0.93147045
--
car 79.75213 94.44444 15.974553 26.67147 0.5425032
car 77.081314 97.98149 35.74931 61.30828 0.8758368
car 107.5578 166.67314 58.179184 83.94891 0.9336523
--
car 80.29042 94.481 15.442279 26.581785 0.50543505
car 108.27889 164.55907 57.99901 84.068634 0.9037591
car 76.8105 98.649605 37.16095 62.06335 0.9650521
--
car 80.59736 95.11758 15.5437155 26.82057 0.41331676
car 107.545105 163.29774 59.326843 83.52495 0.87416106
car 76.70626 98.74648 39.994087 63.140907 0.945001
--
car 79.28094 96.86525 19.34048 29.693336 0.4870994
car 107.91058 162.63657 59.421722 83.392624 0.8104577
car 76.712166 98.71134 39.919136 63.14553 0.94290817
--
car 80.18794 96.94402 19.292126 30.135578 0.39781857
car 59.246128 73.27025 18.927622 30.964716 0.3983509
car 82.30034 95.50898 15.608496 26.730854 0.42612666
car 97.377205 158.82033 57.875237 84.42732 0.8919096
car 77.04866 98.628136 41.519886 66.80693 0.9551834
--
car 80.23546 97.44806 19.88222 30.840618 0.30917737
car 99.662025 155.72443 58.409023 84.57862 0.9165411
car 76.71306 99.25967 42.227055 68.95862 0.94415164
--
car 81.369286 97.54284 18.839802 30.903233 0.3900256
car 98.74111 154.40277 58.466217 84.17192 0.9511263
car 76.00559 100.218445 43.675247 70.96257 0.9611375
--
car 81.843575 98.05153 19.34126 30.763468 0.53518057
car 77.30657 100.232704 44.747444 71.12124 0.88808453
car 97.16565 150.52655 59.521587 83.45924 0.94961
--
car 82.141045 98.802025 19.416828 30.691874 0.5492971
car 77.24885 101.39019 45.313828 72.24722 0.8202763
car 94.05468 151.13786 58.818054 83.28761 0.93147635
--
car 82.146835 98.778564 19.434008 30.698513 0.54514635
car 77.241234 101.362785 45.28629 72.311386 0.81626666
car 94.13583 151.15611 58.82439 83.312035 0.9300515
--
car 82.1829 99.5347 21.34395 31.864069 0.5757109
car 77.64868 102.65355 48.174652 75.65609 0.7703914
car 82.89488 150.47008 58.260605 83.75039 0.8872348
--
car 77.42645 103.16518 48.92978 78.43333 0.7718348
car 84.14983 149.65845 57.73049 83.98694 0.8638803
--
car 78.381645 103.046265 49.455566 78.7505 0.6732533
car 86.6487 148.30621 57.46889 83.87171 0.8498823
--
car 79.23958 103.223206 51.195084 78.403145 0.49824056
car 86.07287 146.4709 58.12583 83.74653 0.7982676
--
car 77.435326 152.64392 50.156708 84.58889 0.8774272
--
car 85.99016 101.18751 21.296778 35.092155 0.60139567
car 81.6679 151.9096 53.864723 87.90143 0.95684874
--
car 85.94547 101.200836 21.199333 35.06712 0.617711
car 81.706985 151.88647 53.860607 87.849785 0.9546995
--
car 86.24161 101.15885 21.477465 35.004234 0.339421
car 79.900635 147.36371 47.668255 87.45111 0.9512858
--
--
--
--
--
--
--
--
car 61.029697 77.41312 24.89927 42.23588 0.5635328
car 87.77138 103.7865 21.895334 36.28912 0.7768247
--
car 61.152477 77.476845 25.422253 42.86101 0.67330676
car 87.97594 104.26993 22.522943 37.04995 0.84487855
--
car 61.179363 77.71389 25.744083 42.62557 0.6114246
car 87.82103 104.21489 22.283758 36.70719 0.8259484
--
car 64.528114 93.95698 67.09754 98.020966 0.34690422
car 62.45505 77.95793 26.292727 43.420418 0.7397985
car 88.03898 105.21052 22.380629 36.069942 0.77571315
--
car 90.65902 179.21577 62.29648 103.53513 0.32424006
car 62.500633 92.22549 68.43177 97.001854 0.4422568
car 62.24932 78.73293 26.207214 44.4527 0.678388
car 87.67752 105.68416 23.071499 36.779743 0.7151906
--
car 88.11447 107.57133 23.472288 36.68952 0.33202496
car 62.67285 79.209305 26.679466 44.357803 0.36215523
--
car 61.35038 90.29054 71.75721 96.55706 0.4814628
car 62.682808 79.681465 27.877367 44.94681 0.5817321
car 88.156136 109.410385 26.680925 40.542717 0.5900696
--
car 109.96037 174.21202 76.871544 103.11839 0.65138984
car 56.5811 88.22663 71.12618 97.84318 0.6790601
car 62.58424 79.52863 28.57139 46.33064 0.7407944
car 87.87491 111.74905 25.20446 42.367783 0.8778476
--
car 56.57645 88.24295 71.148735 97.777534 0.64071953
car 109.69483 174.48474 76.94728 103.032875 0.65482736
car 62.70765 79.6006 28.520304 46.555157 0.7074044
car 87.9502 111.77536 25.174856 42.33377 0.8727204
--
car 57.144455 86.33241 74.74829 105.7533 0.41280675
car 63.334736 80.493195 29.442877 45.97156 0.47211182
car 88.13103 112.51116 25.992674 42.23034 0.7527519
car 115.71906 172.36255 75.03565 104.76242 0.9331708
--
car 117.2095 171.09503 74.58298 106.03325 0.53952295
car 88.39591 111.7183 25.924263 41.703014 0.62501943
--
car 88.115105 111.79807 25.465893 42.3337 0.45292372
car 113.83161 194.05171 73.31367 110.720505 0.809979
--
car 117.8322 193.94682 76.06117 110.87669 0.56698406
car 88.158226 111.66765 25.594046 42.665417 0.6075669
--
car 125.59891 194.70137 77.24714 111.91206 0.49880376
car 87.72047 112.34603 26.000507 42.789543 0.60338444
--
car 88.07456 111.576645 26.356367 42.193546 0.44684651
car 126.35509 194.96494 76.93842 113.13311 0.62439525
--
car 93.39041 113.79335 29.966688 43.982647 0.52287847
--
car 147.80862 180.13544 77.13242 109.129654 0.35801303
--
car 89.631676 116.86678 26.995083 45.995712 0.3455727
car 151.42316 186.818 79.370605 107.85664 0.7124572
--
car 150.91527 191.92017 79.86364 102.93466 0.52762103
car 89.93291 117.32849 26.34622 46.273148 0.7249197
--
car 51.727455 81.15236 82.561905 105.812 0.30902463
car 65.704094 85.60192 32.739555 54.046513 0.6895802
car 90.21052 117.81164 27.381992 46.100204 0.81326306
car 158.8663 198.07762 84.006805 115.95565 0.8401844
--
car 50.195805 85.32121 84.67403 116.4064 0.3019101
car 66.70122 85.871475 32.839775 55.361416 0.7421833
car 90.181564 120.46443 28.53611 46.044094 0.83258617
car 145.42896 219.09882 82.05866 122.1307 0.88729984
--
car 66.75842 85.82549 32.823116 55.25379 0.73882633
car 90.186035 120.59539 28.554615 46.25185 0.8350946
car 145.27052 219.32053 82.17575 122.2169 0.886514
--
car 66.613365 85.80951 32.825546 55.24371 0.75792277
car 90.11178 120.42008 28.494337 46.30084 0.8409641
car 145.56227 219.03088 82.4076 122.16974 0.88335085
--
car 67.02836 85.71586 32.76133 56.00714 0.7809804
car 142.93774 219.86938 84.08707 122.99647 0.86440104
car 89.9776 121.57333 28.849165 46.985897 0.9153648
--
car 66.52618 86.37721 32.811485 57.245495 0.65657496
car 139.22133 218.74223 84.86589 122.15428 0.8089656
car 90.16466 120.969604 28.317314 46.606953 0.8525931
--
truck 144.9221 231.27988 88.71186 125.34228 0.7822415
car 90.2572 121.99021 28.92057 47.125496 0.6916427
car 66.834465 87.05544 34.230667 57.57727 0.71124434
--
car 66.89976 85.76281 34.571884 57.92446 0.64135206
car 146.81801 231.7242 86.015854 122.892586 0.83496267
--
car 92.900246 123.95881 30.31887 48.108208 0.49383387
car 66.50957 85.19833 34.73554 58.89115 0.76371706
car 145.81323 233.20807 87.15902 122.857895 0.87169635
--
car 92.18187 123.768425 30.212885 48.410717 0.35688725
car 67.895454 84.965935 35.82651 59.802734 0.5790265
car 150.82466 233.8074 86.93285 123.15338 0.9368429
--
car 68.61445 86.274185 36.678238 59.996902 0.6308194
car 155.43546 236.10374 86.37667 124.06358 0.9170361
--
car 69.309326 86.04698 36.821587 60.713825 0.53036934
car 158.05377 239.99904 88.56296 127.29521 0.9303988
--
car 55.113564 96.7921 91.95882 110.0898 0.40147555
car 69.15956 86.21147 36.861248 61.1719 0.5638727
car 165.23782 245.80408 89.63991 127.740814 0.92976665
--
car 55.04192 96.91678 92.10174 109.98328 0.3840364
car 69.01847 86.156845 36.82067 61.203342 0.560503
car 160.8647 242.05206 89.59078 129.10596 0.9320774
--
car 100.318954 128.09995 29.901411 49.154976 0.6898375
car 68.65387 86.85926 37.418804 61.601334 0.79386926
car 169.48354 249.41174 87.183014 131.76463 0.8606497
--
car 100.36177 129.66313 30.087791 49.608234 0.6187
car 68.56853 87.98822 40.430557 62.151997 0.6742387
car 173.47572 250.47563 88.753235 133.99397 0.9038839
--
car 103.49391 131.49152 30.535051 49.792206 0.7760577
car 68.56003 87.95008 40.559254 62.241352 0.7806048
car 176.09454 251.49762 88.53927 134.69243 0.8711054
--
car 55.010925 105.14226 103.10914 134.54085 0.36639905
car 68.869995 87.81595 40.068497 62.68503 0.71012455
car 177.12619 250.39473 89.51306 135.21269 0.73824304
car 106.31403 136.41609 32.936954 51.313095 0.8654575
--
truck 173.72318 248.35742 89.6075 136.96275 0.82513803
car 55.54673 100.03608 100.411766 119.81953 0.43852207
car 68.54913 87.55001 39.969124 63.161404 0.6464426
car 106.7094 136.645 33.18749 51.48702 0.8741729
--
truck 176.10394 248.4018 89.3467 137.40652 0.68337274
car 68.48423 87.28437 39.91373 63.36143 0.6808151
car 106.69641 137.21712 33.348225 51.59858 0.8895296
--
truck 176.47478 246.82686 92.18205 141.56401 0.40498653
car 193.84753 241.81775 90.99236 114.14384 0.58156997
car 109.73226 139.00696 33.366184 51.955257 0.76534516
car 68.611855 88.25161 39.879944 64.46357 0.8846721
--
car 195.69635 240.65793 90.84598 114.957855 0.43815225
car 111.48819 140.79327 33.139954 52.4186 0.77195114
car 68.79371 88.090164 40.27718 64.49942 0.8327088
--
car 53.863304 100.34665 104.750885 137.9441 0.33324018
car 113.30734 137.83139 34.186676 44.41844 0.43890053
car 187.85689 245.26 92.894165 140.24333 0.7988493
car 111.32918 143.31009 34.412518 52.620804 0.88652426
car 68.527794 88.16324 41.32493 65.43917 0.8997141
--
car 53.514885 100.11791 104.71166 137.29758 0.33908445
car 194.22746 243.8305 92.20997 138.47423 0.90051734
car 68.286446 88.643555 41.619686 66.17113 0.9024522
car 112.26976 149.37526 34.75317 53.83341 0.9169616
--
car 199.06917 239.19235 93.35558 133.20213 0.89889896
car 68.345825 89.117165 42.246716 66.64576 0.9419792
car 113.70714 149.0499 34.628017 54.360985 0.96329504
--
car 205.25687 241.69987 92.42436 142.52818 0.6397763
car 68.471436 89.51875 42.900124 68.12591 0.84508973
car 117.269455 149.77351 35.864468 55.148163 0.95485616
--
car 52.909912 104.27337 105.36024 134.8436 0.33285522
car 123.86111 148.16452 34.732033 44.747517 0.4655295
car 68.56735 88.88311 43.5842 68.49741 0.8744872
car 205.90263 244.08675 92.16813 141.49884 0.90396094
car 117.08991 153.37856 35.91272 54.61624 0.9250885
--
car 217.97206 251.49365 117.16058 145.58575 0.6188028
car 203.58163 247.43546 97.89202 136.80217 0.7950739
car 68.49489 89.56944 43.86169 68.94952 0.919846
car 121.41658 161.4745 35.561306 55.829388 0.9454535
--
car 51.943848 107.4647 103.70628 152.71964 0.6515776
car 221.24954 267.48022 121.46786 151.56265 0.66834146
car 204.8537 248.2338 99.1182 136.39185 0.7766757
car 68.02398 89.5553 43.621246 68.837715 0.94518524
car 124.39239 159.84149 35.76083 55.92804 0.96395755
--
car 226.31299 262.57062 118.66222 145.41794 0.56890184
car 54.045227 104.91335 104.57302 152.01263 0.6648084
car 229.76062 275.29236 124.8313 154.02249 0.7048771
car 203.44185 249.04227 94.600586 127.52784 0.7516613
car 68.0792 89.55434 44.07251 69.426125 0.9368947
car 123.111404 164.96889 36.298923 55.997753 0.9585017
--
car 50.246807 108.495865 106.07109 157.20168 0.6182737
car 231.328 278.48013 120.74283 153.8295 0.70030695
car 203.18196 259.3902 96.11376 145.75398 0.95437455
car 67.646545 89.8253 44.691853 70.45795 0.9742773
car 122.449905 168.23898 35.87439 56.1397 0.98946613
--
car 73.61535 167.53152 107.04505 162.53764 0.3177127
car 50.194138 111.10765 106.46539 157.6424 0.5257654
car 231.73962 278.58047 120.98675 154.83556 0.53864163
car 203.0605 259.67343 95.95161 147.30399 0.94980663
car 67.72601 90.53074 45.056454 70.61559 0.97239435
car 122.00239 168.5862 36.079906 56.088497 0.9890872
--
car 238.06456 283.64548 121.50044 155.1715 0.6098867
car 51.402233 106.95516 106.73316 157.65694 0.6952383
car 201.30026 261.7567 96.87893 147.3618 0.9503113
car 67.85403 89.71235 45.3096 71.24856 0.9675543
car 123.68833 168.16656 35.67632 56.597248 0.98489845
--
truck 18.647285 105.2398 108.692764 158.08327 0.32274395
car 239.4033 285.29617 119.99408 153.5966 0.79116386
car 200.28835 265.44498 98.111176 145.95944 0.8622242
car 67.9964 90.17732 45.69066 71.49218 0.96648055
car 128.85931 173.37729 35.245644 56.167164 0.9848233
--
car 48.82733 106.495346 109.398315 161.24883 0.4833511
car 67.34831 89.57935 45.681995 71.93496 0.9225029
car 200.39801 273.4925 102.82171 150.88028 0.9268447
car 132.2175 174.06868 35.347755 56.291344 0.98211426
--
car 49.959217 106.22011 109.548965 160.92305 0.5408876
car 67.23587 89.44077 45.667747 71.77742 0.9249654
car 200.31392 271.73645 103.12565 150.15273 0.94372517
car 133.52165 173.53558 35.55505 56.202225 0.9801206
--
car 49.715916 105.99535 109.73139 160.2788 0.5258117
car 67.22045 89.471344 45.61974 71.908264 0.9224785
car 200.16782 271.7566 103.322014 150.18996 0.9553692
car 133.46936 173.74 35.523808 56.106064 0.9779431
--
car 46.72029 106.93322 107.90619 162.08926 0.74301344
car 66.294716 87.88594 46.036137 72.09558 0.8813438
car 198.8106 296.61963 104.25164 153.84627 0.95680726
car 136.7261 182.77202 35.685154 57.987648 0.9690662
--
car 45.657845 107.53558 109.274055 160.83203 0.5885787
car 65.38857 87.23562 47.718296 74.34319 0.8713712
car 201.8063 295.7272 103.725945 154.54767 0.9417677
car 138.95175 181.69131 34.76519 57.555275 0.9784015
--
car 46.683353 106.69145 109.06384 159.42035 0.4506508
car 64.38515 87.54005 47.481365 75.07871 0.8892531
car 202.05609 297.68967 104.946495 154.18198 0.9722718
car 140.65866 180.56667 34.48121 57.365974 0.9727816
--
car 46.127266 108.20102 108.46303 158.89946 0.3817853
car 64.26344 86.65386 47.69635 75.15011 0.81901085
car 203.31606 302.7238 104.735596 154.66034 0.9679442
car 142.1815 181.05785 34.56377 57.960464 0.9793809
--
car 46.03887 107.3783 108.87835 159.23126 0.32053187
car 63.78752 87.01996 47.88266 75.86883 0.8402226
car 204.09222 299.7663 105.03149 155.36818 0.9619993
car 143.4841 180.98413 35.012 58.09887 0.9704958
--
car 46.159172 107.42376 108.952736 158.65495 0.3002793
car 63.798832 87.05172 47.99074 75.90151 0.84003353
car 203.4974 300.27805 105.18451 155.26596 0.9613885
car 143.62914 181.01895 35.195847 58.129147 0.97132236
--
car 46.464222 107.29244 108.27726 160.00731 0.41059434
car 63.27127 86.29425 48.013992 77.10432 0.8669846
car 209.31529 293.62375 108.07001 156.36142 0.9243697
car 147.5439 181.56303 36.78916 58.220604 0.9865561
--
truck 219.79173 312.53717 110.67833 158.48051 0.35915697
car 46.550537 107.50625 108.974266 159.72742 0.3745046
car 212.52353 287.94394 109.258156 155.97945 0.8843702
car 62.84737 86.65266 49.06209 77.471855 0.90030134
car 149.38618 185.08002 36.633114 59.195602 0.9881152
--
car 45.53832 107.94272 109.27105 160.18985 0.6468549
car 60.7772 84.485695 48.88385 78.79305 0.89627105
car 212.05827 295.69577 109.43489 156.7451 0.94028306
car 150.23438 185.55392 36.952972 59.292843 0.994807
--
car 46.311768 106.37615 110.147446 158.19695 0.61312085
car 62.128323 87.05069 49.729202 78.33053 0.869017
car 216.4849 317.96024 110.45565 162.31615 0.9435587
car 153.28932 185.86644 36.95428 59.394093 0.99618524
--
car 46.248455 106.66142 110.43346 158.5101 0.71652424
car 60.735455 84.1951 50.563107 79.19839 0.80746883
car 213.08888 295.13782 110.99097 157.55899 0.89676833
car 154.75182 186.01917 37.118656 59.59444 0.9940834
--
car 47.082798 106.574295 110.565636 157.90099 0.7176087
car 60.59666 84.21113 50.428288 79.1588 0.8111519
car 213.86916 294.07376 111.195366 157.4813 0.8848311
car 154.7318 186.19925 37.093555 59.551178 0.9938789
--
car 45.53707 108.858574 112.202545 161.11494 0.84225833
car 59.30691 83.15306 51.90426 80.19379 0.8736094
car 219.10721 320.42508 109.58875 163.92374 0.9369515
car 159.17445 185.6688 36.92743 60.98899 0.9842471
--
car 58.581875 82.53981 52.183083 79.84729 0.8557109
car 46.092598 108.74302 112.00636 161.15604 0.86143655
car 220.21791 318.6672 109.96068 163.97627 0.90339667
car 159.59326 183.41469 38.220627 60.39449 0.97946066
--
car 55.49142 83.99923 52.17245 80.035645 0.85937905
car 47.31685 108.96933 111.888115 161.34306 0.86779696
car 221.93521 312.25134 110.77167 162.5302 0.936749
car 161.47034 184.01575 39.19098 60.204723 0.9606543
--
car 298.75925 340.39487 140.68982 167.45941 0.3194903
car 48.19565 109.3704 113.05296 160.87585 0.85023797
car 221.32135 314.92865 111.84249 163.65067 0.89611626
car 56.985504 81.037994 52.805763 80.29403 0.9097523
car 163.35423 183.76369 41.005054 62.064255 0.927984
--
car 47.360855 109.453995 112.617836 161.8345 0.8578055
car 56.50043 81.141396 52.723312 80.955986 0.8831054
car 163.67729 184.83585 39.044186 60.0026 0.9162949
car 224.64026 314.1366 112.52918 163.66243 0.94516265
--
car 47.082005 109.20309 112.64523 162.90146 0.8554526
car 56.52942 81.2049 52.646744 80.98072 0.8613392
car 163.51387 184.768 38.994408 59.961197 0.87233996
car 224.40291 313.8609 112.77188 163.81116 0.94645643
--
car 305.18936 349.09467 140.94022 168.23227 0.44876412
car 229.21092 309.974 114.142265 163.23 0.85479736
car 162.8337 185.71907 38.541958 60.285942 0.8559066
car 47.65652 108.79659 112.332016 160.96463 0.86642593
car 54.668804 80.08705 53.265347 81.9424 0.87324053
--
car 47.982723 108.299225 112.54846 160.83073 0.8185685
car 53.945137 78.730896 54.258526 80.89801 0.84085834
car 229.66684 312.91992 115.6281 163.79616 0.8651749
car 164.36781 190.48274 39.96514 64.00762 0.88363665
--
car 47.964413 108.481155 113.192856 159.1544 0.7366134
car 53.780167 78.45958 54.55552 81.108185 0.8282845
car 231.46205 315.76364 115.906944 164.22322 0.87769336
car 163.71768 190.8116 40.086258 63.97328 0.8966903
--
truck 233.87889 314.2293 116.1472 164.11725 0.58510405
car 48.566193 108.60023 112.75047 161.05705 0.73121285
car 53.539497 78.773636 53.82685 81.70056 0.831452
car 163.72325 191.11906 39.778362 64.382706 0.8954498
--
car 303.49576 351.9153 133.89137 166.87067 0.5379191
car 238.91502 322.237 117.24498 164.26569 0.8289205
car 53.271046 78.44359 54.779762 81.24958 0.85127074
car 49.588886 107.88227 111.297745 161.0491 0.8780332
car 163.33966 190.39764 37.441574 61.439575 0.9517242
--
car 49.147827 109.578926 110.765 161.38335 0.7614529
car 51.412712 74.73932 54.233624 82.08557 0.807842
car 240.6373 325.28043 118.09745 165.19768 0.8428402
car 163.59471 190.68382 37.155155 61.663517 0.9492074
--
car 49.43885 109.38091 110.712814 161.31644 0.75980127
car 51.446705 74.813576 54.165512 82.1388 0.81099045
car 240.61282 324.5492 118.19474 165.0467 0.8438738
car 163.60083 190.879 37.048553 61.65161 0.94692224
--
car 311.68417 358.58023 134.31767 166.32031 0.51960695
car 49.66502 109.023705 111.16421 160.43617 0.6919383
car 244.52444 317.80853 118.493324 164.4542 0.773786
car 51.379593 74.160545 54.252613 81.8815 0.85319924
car 163.4077 190.7751 37.00463 61.635853 0.9634409
--
car 311.31903 359.01846 132.85469 166.56915 0.6462091
car 50.390663 108.32727 111.18076 159.44174 0.6605453
car 51.48082 73.69338 53.548126 81.80876 0.7519783
car 245.72351 320.1636 118.58761 164.47472 0.82636213
car 163.51398 190.76422 37.08971 61.095856 0.9611828
--
car 313.34674 359.4832 133.25723 166.38217 0.4962389
car 50.917866 108.73166 110.200615 159.39561 0.56700295
car 51.25951 73.98107 53.237118 81.702805 0.8577362
car 248.55034 323.51367 117.71069 164.84552 0.8700052
car 163.36246 190.65125 37.018013 60.908096 0.9761727
--
car 50.788937 108.81095 110.267715 159.37411 0.5490735
car 51.006935 73.10144 54.048008 80.99857 0.8092334
car 248.00243 328.928 117.09117 165.01332 0.85721123
car 163.82506 190.67038 36.740444 60.313156 0.9736097
--
car 49.298973 109.25055 110.05183 158.98306 0.5559918
car 50.531536 71.96342 53.73985 81.0642 0.72460115
car 247.12587 326.90985 117.07057 164.89807 0.8135779
car 163.69917 190.91878 36.512333 61.007057 0.95094264
--
car 324.3602 367.2078 140.53908 167.96378 0.3844361
car 49.661945 69.898 53.049915 80.40565 0.5380835
car 50.91332 109.25848 109.46404 156.15565 0.6365492
car 252.41069 329.20868 123.23071 165.4056 0.6960861
car 163.61131 191.19386 35.759132 60.40102 0.9605589
--
car 49.429977 68.711876 53.34013 80.263176 0.4529621
car 322.77805 366.6912 134.11952 165.63528 0.5019091
car 50.751648 109.970695 108.97107 156.19775 0.63794667
car 254.36777 328.92413 124.055534 164.96896 0.6619572
car 163.82281 191.36073 34.982628 60.449493 0.9510481
--
car 322.9064 368.7437 133.43558 165.27786 0.51754427
car 50.26856 109.69412 108.79673 157.02272 0.64290375
car 255.82326 328.53302 118.06886 163.75557 0.69421744
car 164.04318 191.38864 35.135914 60.18252 0.931216
--
car 50.77167 67.44362 55.752483 70.57218 0.33316225
car 324.05524 369.5972 133.61006 166.75925 0.44183594
car 50.34781 109.7491 108.778244 157.7582 0.612269
car 261.20203 337.06976 117.83988 164.79498 0.70375556
car 164.22386 191.92271 35.462147 60.07147 0.9537485
--
car 325.2024 370.83273 133.66321 166.28105 0.3863051
car 49.41874 109.86516 109.11042 157.8644 0.63213056
car 262.33334 338.62274 118.963585 164.96405 0.68336755
car 163.89906 192.38452 35.32322 59.94565 0.93350726
--
truck 261.8218 339.0198 118.86615 164.99971 0.68674207
car 325.21863 370.84512 133.61324 166.2876 0.4535284
car 49.144474 110.2763 109.10232 157.25177 0.6709664
car 163.68625 192.59425 35.12009 59.94704 0.92508465
--
truck 265.65308 342.7142 119.066925 164.51689 0.6778716
car 49.63153 110.643364 108.67943 156.8502 0.5899349
car 162.86905 192.74905 34.913136 59.361214 0.9464916
--
truck 266.6673 343.05582 119.84175 163.98824 0.74697834
car 330.00485 376.49335 134.14174 166.33226 0.3439353
car 50.634712 110.07467 108.99246 157.83383 0.5813616
car 162.89496 192.93396 35.036587 59.361504 0.9523272
--
truck 268.5037 344.5901 119.86789 163.88103 0.6545759
car 49.5493 109.89188 109.30834 156.84633 0.46846056
car 163.36159 192.59953 35.24419 59.407658 0.9453041
--
car 49.397102 110.703804 109.38572 155.85231 0.33086354
car 268.1635 348.20468 123.99222 165.41025 0.72291166
car 163.7569 192.04123 34.80873 59.640858 0.9484315
--
car 267.91754 351.20718 122.9505 166.27127 0.7037073
car 163.9785 191.80327 34.96577 60.139053 0.91366976
--
car 267.97092 351.22958 123.07693 166.14597 0.7042783
car 164.0526 191.73428 34.91293 60.193726 0.9127194
--
truck 268.2408 346.65567 122.74006 166.8559 0.8004617
car 48.995705 110.95284 111.028305 157.13882 0.37791225
car 164.36035 190.0491 35.32667 60.20652 0.92593026
--
truck 268.8376 347.89636 123.02406 167.59912 0.8208068
car 49.472263 110.23669 110.14339 157.99292 0.49160343
car 164.12984 189.92302 36.20985 61.360912 0.94283754
--
truck 270.61337 347.70758 124.75411 167.63667 0.76910913
car 46.784286 110.87134 111.58349 158.57314 0.4405206
car 164.06435 190.4644 36.367622 61.859314 0.9419367
--
truck 270.11218 349.42346 126.209915 168.13438 0.6445125
car 46.753384 110.58345 110.78001 160.58951 0.7502833
car 163.33183 190.87102 37.09027 61.89769 0.9208951
--
truck 270.52475 350.7032 126.06032 168.34294 0.64911145
car 48.51875 111.10594 111.318634 160.51013 0.73281497
car 162.4133 190.98773 37.26368 62.4162 0.8972073
--
truck 270.48877 350.5003 126.02338 168.43297 0.67478013
car 48.658466 111.18217 111.62848 161.09215 0.6883063
car 162.61313 191.01637 37.290737 62.379208 0.89334726
--
truck 271.38336 349.41977 129.78462 168.7772 0.684381
car 44.551712 111.1055 113.13192 161.82906 0.31558937
car 163.15782 192.82622 39.76068 64.8074 0.9349169
--
car 272.70663 347.69354 131.16458 169.1936 0.59124064
car 163.30193 191.3776 40.11503 64.83688 0.9380622
--
truck 272.33096 349.2386 130.65512 169.60687 0.6567831
car 47.000065 110.1801 114.555916 161.30945 0.36523214
car 163.05162 191.03177 40.622894 64.957466 0.9286203
--
truck 272.3863 348.7173 131.51883 170.0647 0.7234275
car 44.75848 110.56133 114.64863 160.18472 0.56164396
car 162.64984 190.9772 40.91122 65.018936 0.9431092
--
car 45.75055 110.53567 115.22905 161.49333 0.37993914
car 277.1608 369.7981 130.14723 170.93391 0.7065413
car 162.39221 191.53485 41.074615 65.45043 0.96254295
--
truck 276.76743 369.9415 129.06169 170.71269 0.71870226
car 52.318638 103.22978 115.56695 143.65553 0.32422945
car 50.275913 109.566605 119.683044 172.50047 0.36183575
car 163.09143 191.92152 41.705452 65.865654 0.9628227
--
truck 276.26114 367.97232 127.67227 170.6452 0.71402645
car 46.537342 109.13007 115.17877 161.77185 0.48876384
car 162.71626 192.63641 41.68098 65.525314 0.9673003
--
truck 277.0083 366.0285 127.647316 171.29587 0.6708139
car 46.72147 108.24776 115.45363 161.36707 0.4634582
car 162.52058 194.01875 41.93627 65.34517 0.97883755
--
truck 277.3214 366.42682 128.2579 171.31247 0.7190992
car 46.667027 108.63754 115.58914 161.15001 0.39667678
car 162.60745 193.5865 41.92908 65.35921 0.97415346
--
truck 277.26956 367.93677 129.14967 171.07544 0.6157026
car 46.769638 108.546295 115.501114 160.36177 0.56262374
car 162.6402 192.56044 41.655544 65.33685 0.965487
--
car 46.393665 108.56004 115.57992 160.11176 0.4223485
car 277.41824 370.8565 129.54083 171.03523 0.6532247
car 162.57439 193.00237 41.6654 64.93318 0.9672877
--
truck 277.5853 370.5125 129.4421 171.06837 0.6334096
car 45.839676 108.32947 115.5593 160.01231 0.48098588
car 162.66113 192.62651 41.455387 65.054726 0.961984
--
car 130.21944 173.97525 149.36545 169.44798 0.38592333
car 278.80896 372.2842 129.97824 170.97458 0.7806954
car 162.38626 194.22661 40.59323 64.52438 0.9486559
--
car 51.47897 103.3567 115.379654 143.14938 0.331499
car 278.65466 373.50745 129.1892 170.83952 0.8610103
car 162.34491 193.94348 41.214073 64.49461 0.9594711
--
car 278.98416 372.847 129.28362 170.44875 0.83864486
car 162.1386 194.66006 40.28387 64.55904 0.9619856
--
car 278.5244 375.07175 128.88396 170.60461 0.8759504
car 161.61382 194.9325 40.038548 64.55915 0.9042539
--
car 278.78006 374.95752 128.92581 170.49953 0.9099354
car 161.49106 194.81976 40.12472 64.25285 0.9348424
--
car 278.81897 375.40915 128.85371 170.66441 0.89625233
car 161.5958 194.66075 40.116535 64.27438 0.9347108
--
car 279.11526 371.93298 128.75769 169.85188 0.9192385
car 162.17206 194.00018 39.77306 64.06688 0.9485164
--
car 279.04013 371.51984 128.21065 169.58983 0.8887199
car 162.09363 193.87393 39.418907 64.01368 0.95658946
--
car 279.18396 370.72726 128.22539 169.52042 0.92118186
car 162.06165 194.74626 39.710884 63.8809 0.96063405
--
car 278.60373 372.71603 127.68097 169.16255 0.9150898
car 161.88782 193.04001 37.4673 62.18169 0.9528722
--
car 278.23972 373.16473 127.594635 169.29456 0.9132009
car 161.97476 193.00719 37.506905 62.101646 0.95939505
--
car 133.38582 174.08534 149.49571 168.17403 0.30294678
car 278.36362 373.01508 127.684425 169.26302 0.9218212
car 162.06172 192.72664 37.437218 62.266457 0.9518957
--
car 161.82161 192.5108 37.72502 61.823597 0.9226108
car 278.7118 371.87842 127.47342 169.40616 0.9525126
--
car 162.3651 194.40506 39.860416 63.94291 0.9145973
car 279.2196 372.338 128.12819 169.8639 0.967279
--
car 162.32013 193.7817 39.91645 64.029236 0.93662083
car 279.4436 372.1257 128.37965 170.1326 0.9644147
--
car 161.8756 193.81259 39.435135 64.468 0.92975515
car 278.75034 372.37112 127.423256 170.36714 0.93324834
--
car 279.56003 370.0845 127.46514 170.46518 0.8969045
car 162.15916 194.2599 39.688957 64.47098 0.9460081
--
car 279.313 371.0624 127.502754 170.55994 0.8967428
car 161.79419 194.62529 39.557026 64.53032 0.94808054
--
car 279.47565 369.72217 128.6621 170.84276 0.8090918
car 162.14438 194.16129 40.008785 64.867 0.9429085
--
car 279.21487 369.9273 128.58458 170.81526 0.81409025
car 162.74974 193.54015 40.083057 64.84675 0.9697679
--
car 279.5946 369.5003 128.68414 171.25099 0.7483788
car 162.6093 193.70512 39.967617 65.03224 0.94523984
--
car 278.62878 369.43027 128.40253 171.27455 0.81911016
car 162.66396 193.10353 40.144768 65.0113 0.9593676
--
car 278.72717 369.3286 128.67174 171.07527 0.8334383
car 162.62318 193.23799 40.018654 65.189705 0.96973485
--
car 278.12073 370.45612 128.86513 171.22441 0.80395085
car 162.11905 193.32104 40.46839 65.22235 0.97757727
--
car 278.06046 370.456 128.80243 171.27126 0.79924774
car 162.15906 193.33563 40.39108 65.25859 0.97849774
--
car 277.87277 369.38498 128.68143 171.23979 0.84692717
car 162.14572 193.20964 40.48491 65.191414 0.97589344
--
car 278.05273 370.6191 128.57959 171.32997 0.87137944
car 162.20221 192.97617 40.347546 65.236496 0.9738722
--
car 279.02518 368.27988 128.61859 171.20752 0.8632237
car 161.82074 193.10156 40.207325 65.19902 0.9716357
--
car 280.42563 370.44342 128.8349 171.19978 0.9070695
car 161.5177 194.17429 40.90647 65.30761 0.97487366
--
car 280.2624 370.2881 129.01627 171.15422 0.8980773
car 161.47421 194.13889 40.80491 65.306305 0.9748458
--
car 280.27194 370.57733 128.94919 170.86852 0.8578009
car 161.61555 193.73225 41.038406 65.08976 0.9687298
--
car 280.78226 370.88486 128.79337 170.78166 0.8392071
car 161.5248 195.0907 40.46761 65.12208 0.9733855
--
car 280.75284 371.4502 128.8175 170.73854 0.82384753
car 161.66577 194.72162 40.475163 65.079025 0.9713136
--
car 280.73212 371.209 128.85815 170.67696 0.81046444
car 161.82567 194.77435 40.61874 65.111565 0.9784971
--
car 280.5212 370.86905 128.80719 170.59438 0.8285781
car 161.87805 194.14156 40.405575 65.0081 0.9774737
--
car 280.13193 371.34735 128.764 170.608 0.82641834
car 161.97525 194.28188 40.665184 65.09187 0.97534496
--
car 279.8727 371.80914 128.69786 170.59923 0.8318125
car 162.04457 194.13216 40.618465 65.06263 0.9776858
--
car 280.52206 372.23193 129.00146 170.9198 0.87074524
car 161.88512 194.55534 40.540478 65.03985 0.9786305
--
car 280.92123 370.87878 128.77435 171.02863 0.88737607
car 161.84384 194.61533 40.625774 64.93136 0.9787229
--
car 281.17603 372.00262 129.22641 171.42183 0.83226687
car 161.85144 193.99057 40.557518 64.86907 0.97588146
--
car 281.63477 370.91895 129.9313 171.16093 0.86760056
car 162.21997 193.54852 40.785843 65.19371 0.9812353
--
car 280.80188 372.0756 129.83229 171.26088 0.8545752
car 162.33824 194.24146 41.213524 65.35775 0.97782034
--
car 281.5095 369.59198 129.69644 171.97136 0.80398023
car 162.65123 193.96236 41.295666 65.24651 0.9768268
--
car 281.82736 371.59033 130.54846 172.03978 0.8102612
car 162.44327 194.35846 41.568638 65.58338 0.9801038
--
car 281.77884 370.658 130.03297 172.27145 0.7992521
car 162.32254 194.38039 42.319595 65.59303 0.9813757
--
car 280.6787 369.53247 130.59966 172.35504 0.86051965
car 161.24933 195.15617 42.569706 66.1282 0.9840646
--
car 280.55606 370.17175 130.74377 172.82817 0.9187711
car 160.92879 195.44852 42.517212 66.51769 0.9863593
--
car 280.7594 370.84344 131.09694 173.52574 0.96024317
car 160.3938 195.99542 42.39569 67.14398 0.9870597
--
car 280.51556 370.33514 130.77682 173.7035 0.96329165
car 160.32773 195.77792 42.34127 67.063416 0.98900086
--
car 281.476 370.92963 131.4753 174.02443 0.93888175
car 160.15482 195.68242 42.832428 67.40488 0.9890631
--
car 281.29337 372.81064 131.64006 174.33664 0.9316681
car 160.27574 195.73589 43.048386 68.03402 0.97098815
--
car 281.64264 372.37262 132.31216 174.39319 0.958863
car 159.86789 195.83885 43.266212 67.67131 0.9846491
--
car 281.48746 372.31683 132.12636 174.40546 0.9702255
car 160.02682 195.71906 43.223583 67.72953 0.9836455
--
car 281.73148 371.94955 132.01303 174.55057 0.96012133
car 159.85847 195.63779 43.291485 67.731285 0.9831979
--
car 282.13208 374.83203 131.67427 173.94778 0.90381783
car 159.99416 195.94855 43.122616 67.198875 0.9859952
--
car 282.09753 375.00903 131.67773 173.96722 0.9004395
car 159.97986 195.9578 43.13308 67.19523 0.9860436
--
car 281.6713 374.88992 131.12758 173.30812 0.9058937
car 160.34282 195.9708 42.928314 67.16124 0.98701185
--
car 282.04556 374.01743 130.82413 173.245 0.9240461
car 159.9336 195.88948 42.561943 66.83161 0.9892541
--
car 282.21106 373.82745 131.14543 172.81181 0.8759016
car 160.13208 196.04256 42.23313 66.070724 0.9918828
--
car 282.79803 372.98236 130.73566 172.54498 0.8634793
car 160.40349 196.00337 42.27086 65.54791 0.9901394
--
car 283.2783 372.245 130.62627 172.72772 0.8846161
car 160.2793 196.07109 42.26416 65.63869 0.990161
--
car 283.23666 373.30258 130.22025 171.64638 0.8740799
car 161.09407 195.68951 41.82383 65.45568 0.98990005
--
car 283.47723 373.18835 130.28381 171.46336 0.89171404
car 161.44193 195.33344 41.16369 65.2473 0.98440623
--
car 282.78076 372.40872 129.25005 171.63797 0.81951123
car 161.80006 195.17612 40.670815 64.91891 0.97757864
--
car 283.35556 372.08932 129.12494 171.6043 0.83059996
car 161.8642 195.86508 40.525528 64.83129 0.9694502
--
car 282.90128 371.83365 128.72084 171.74321 0.8575713
car 162.03604 196.0526 40.67884 64.81036 0.9770248
--
car 283.1238 370.76288 129.87877 171.09805 0.84243953
car 162.37822 195.13959 40.39535 64.91235 0.9586785
--
car 282.0134 371.98337 129.13538 171.61597 0.8126661
car 160.7114 195.35645 39.936523 65.01838 0.9627456
--
car 282.5286 371.59344 129.22415 171.68391 0.828554
car 160.73769 195.17845 39.925198 65.02332 0.96457464
--
car 282.45163 371.48517 129.24625 171.56833 0.8042496
car 160.8008 195.09708 39.799347 65.15304 0.9615806
--
car 282.64743 370.5355 128.97752 171.91132 0.82595485
car 160.96773 195.47636 39.83165 65.17875 0.9617661
--
car 282.5651 373.46066 129.84767 171.31015 0.82374907
car 161.25452 194.97083 39.84747 65.22058 0.95722973
--
car 282.7378 373.22314 129.77098 171.35754 0.84618646
car 161.27515 194.96358 39.730804 65.26422 0.96434945
--
car 282.99332 373.2222 130.43684 171.52187 0.8465442
car 161.76292 195.10767 40.346924 65.385345 0.97548234
--
car 283.10956 373.2327 131.1465 171.8406 0.8969164
car 161.77545 194.78491 40.967804 65.44289 0.9753042
--
car 283.41302 372.09305 130.86137 172.34708 0.8856008
car 161.73897 193.85767 41.176556 65.68594 0.97279483
--
car 282.82803 371.44324 131.08623 172.86794 0.8437828
car 161.78265 194.29611 41.82865 65.9325 0.9762699
--
car 283.92963 371.20795 131.42459 174.29419 0.88789004
car 161.29774 194.58684 42.288235 66.74075 0.9764169
--
car 283.53256 369.3823 130.95995 174.05194 0.9277376
car 161.18996 194.97249 42.890423 66.485146 0.98237014
--
car 283.52563 369.4339 132.21004 175.03102 0.9427363
car 161.2538 195.3467 43.125664 67.54331 0.979436
--
car 284.02374 367.95865 132.80922 176.1686 0.9574602
car 160.95995 194.92464 43.27612 67.751625 0.98638487
--
car 283.24976 367.5445 131.86513 176.69658 0.96542925
car 161.17992 195.02808 43.24892 68.285904 0.98066735
--
car 160.61656 194.6934 43.25331 68.9222 0.9295391
car 283.48346 370.24896 132.6196 177.54556 0.9509747
--
car 284.39267 371.75143 133.65292 178.16408 0.9004989
car 160.21777 194.36934 43.887623 69.54808 0.91757596
--
car 160.17534 193.83728 43.97176 70.024734 0.88497394
car 284.84732 370.48346 134.85222 178.68622 0.96064216
--
car 160.2179 193.96855 43.84591 69.96196 0.8960829
car 284.95273 371.0843 135.19992 178.64613 0.96927273
--
car 365.3803 401.35016 150.8752 182.28267 0.332876
car 160.24448 193.89941 44.049168 70.01087 0.88635653
car 284.64798 370.7205 135.23709 178.43188 0.9682475
--
car 364.75003 401.97354 150.92303 182.21764 0.42010912
car 159.82114 194.17133 44.089466 69.91871 0.9162349
car 284.25916 371.0635 134.98483 178.2208 0.9689762
--
car 364.7698 401.9095 150.85518 182.15536 0.4162142
car 159.75294 194.3563 43.982567 69.809616 0.916907
car 284.16745 370.96866 134.95293 178.10966 0.9741449
--
car 364.76233 401.8148 150.72496 182.03902 0.4538249
car 159.66515 194.56972 43.799088 69.78464 0.87858325
car 284.52368 370.1643 134.84499 178.10672 0.9702351
--
car 364.54865 401.58813 151.4132 182.40817 0.43599746
car 159.40096 194.79184 43.226997 69.35435 0.8606073
car 284.6356 372.60162 135.02797 178.222 0.9491045
--
car 38.196106 99.997856 122.82345 172.92574 0.33549204
car 160.30862 195.18913 43.841824 68.94574 0.9421644
car 283.6863 374.27087 133.98476 177.90358 0.9649041
--
car 38.98002 100.12632 123.10918 171.8715 0.46832663
car 160.20984 195.17822 43.724438 68.704056 0.93930787
car 285.0658 372.58282 133.74158 178.00896 0.9612916
--
car 160.60295 195.40271 42.965393 68.35284 0.9449873
car 284.4796 372.6574 133.24709 177.90434 0.95803255
--
car 284.87936 372.06146 132.50797 178.20406 0.940517
car 160.26271 195.54901 42.762184 68.10505 0.9563748
--
car 39.327682 99.28124 121.95689 174.29964 0.34231284
car 284.23578 373.13022 131.91615 177.59155 0.8503741
car 160.52718 195.30371 42.613598 67.80012 0.96656996
--
car 39.164948 99.176285 121.77154 174.51372 0.31658435
car 284.29672 372.9798 132.0013 177.50577 0.8557905
car 160.53903 195.29514 42.607883 67.85042 0.96413463
--
car 284.23834 371.65747 131.58539 176.88324 0.8912642
car 160.64098 196.20535 42.7991 67.240685 0.9718538
--
car 39.312523 100.28843 120.65839 174.14359 0.34785816
car 284.5218 371.42786 130.9663 176.36514 0.909175
car 160.52805 195.96213 42.641632 67.13341 0.9705772
--
car 37.54793 100.514244 120.63739 175.04243 0.38432768
car 285.28687 370.90036 131.58543 175.73534 0.88236374
car 160.68407 196.17978 42.682453 66.40509 0.9713173
--
car 38.07217 100.58887 121.35934 174.71953 0.43474194
car 284.99554 370.60403 131.19482 175.8743 0.858626
car 160.80182 196.61336 42.62385 66.35694 0.97273654
--
car 285.14734 371.0325 131.41667 175.56319 0.8788073
car 160.93948 195.42848 42.428528 66.15599 0.964695
--
car 285.56708 369.25073 130.81323 175.41037 0.8987711
car 160.86546 194.43161 42.309273 66.22683 0.96001315
--
car 285.7855 370.37656 131.506 175.37712 0.8489571
car 160.98874 194.37479 42.679775 66.2215 0.9586975
--
car 286.0328 370.14847 131.19699 175.32417 0.83738995
car 161.15192 194.2451 42.57903 66.22268 0.95691293
--
car 286.6374 371.49573 130.54776 175.5496 0.8144888
car 161.1414 194.24084 42.696884 66.34562 0.9772579
--
car 286.28308 371.67432 130.14531 175.68385 0.84554887
car 161.12686 194.02296 42.730297 66.70186 0.9799387
--
car 286.5951 371.91135 130.96854 175.68279 0.8763454
car 160.73161 194.8536 42.61194 66.8998 0.97812307
--
car 286.61258 372.14658 130.99973 175.76863 0.8729395
car 160.7389 194.85872 42.667435 66.88062 0.9784092
--
car 36.08754 100.659 122.406 171.46103 0.4271805
car 286.27673 372.57605 132.3894 176.37834 0.9160285
car 160.89465 194.53667 42.685665 67.29387 0.9842089
--
car 35.92892 100.927956 122.37935 171.53726 0.47962722
car 285.4073 372.9079 132.8481 176.65938 0.8630285
car 160.78763 194.87677 42.577065 67.44876 0.9878268
--
car 36.55108 101.06374 122.55437 172.54167 0.3978293
car 286.0489 372.5336 132.49306 177.59955 0.9139125
car 160.78969 194.79427 42.735237 67.610306 0.98611814
--
car 285.20804 373.74457 131.62819 178.18018 0.8750069
car 161.01611 194.51448 42.92526 67.674866 0.9826723
