--
car 367.13174 374.5762 126.66664 133.64406 0.36182657
car 378.0819 385.0747 131.03625 137.70555 0.39716968
car 377.53207 387.90744 128.62408 136.38873 0.443609
car 364.5002 370.05838 124.292694 131.20706 0.5024136
car 123.6608 161.90977 186.11552 203.2323 0.8020758
car 346.55765 357.46606 138.82428 149.01176 0.89902127
--
car 364.3039 369.9051 124.38151 131.04681 0.45350766
car 346.42557 357.0317 138.8196 149.0832 0.803698
car 123.909004 161.83841 186.05025 202.5778 0.83099383
--
car 364.2894 369.78564 124.323746 130.57722 0.35795492
car 123.81792 161.72748 186.15652 202.49251 0.8224167
car 346.14188 356.921 138.96782 149.48738 0.8379807
--
car 364.2061 369.79022 124.22329 130.48953 0.3853722
car 123.81124 161.66 186.22858 202.39604 0.82028794
car 346.1171 356.91504 138.85307 149.48186 0.8207608
--
car 364.4505 370.25693 124.09032 130.1982 0.48830676
car 346.82413 358.36383 133.72592 149.20761 0.51927453
car 344.97012 355.56036 139.29599 149.39905 0.73730785
car 123.80588 161.65529 186.21837 202.30292 0.8212197
--
car 346.8192 358.31607 133.3754 149.28 0.30107796
car 364.38928 370.2234 123.90185 130.00485 0.40392858
car 344.72168 355.64288 139.55464 149.7038 0.81396544
car 123.79409 161.63074 186.1812 202.35115 0.83061993
--
car 364.45844 370.3188 123.97259 130.13963 0.39517015
car 123.80735 161.71819 186.11597 202.44861 0.83043224
car 344.5381 355.64218 139.4684 150.04811 0.84028167
--
car 364.46 370.31702 123.93062 130.47343 0.33063105
car 123.795204 161.78362 186.14047 202.48997 0.82625604
car 344.41373 355.57904 139.76352 150.32434 0.8566066
--
car 366.46835 375.37808 126.891716 134.81007 0.46700847
car 123.845 161.8393 186.09563 202.57812 0.82274854
car 343.76126 355.464 139.81084 150.47661 0.9600342
--
car 366.53348 375.45605 126.88834 134.9655 0.55213594
car 123.88579 161.84186 186.13054 202.48828 0.82513684
car 343.58722 355.06107 140.11578 150.78844 0.97392106
--
car 366.65918 375.27606 127.13838 134.97067 0.590705
car 123.90824 161.83424 186.16125 202.5092 0.8239394
car 343.55075 354.6759 141.0492 151.02423 0.97502494
--
car 366.78793 375.18564 127.18726 135.12418 0.6612619
car 123.88128 161.85005 186.133 202.53352 0.8236675
car 343.12064 354.55173 141.00177 151.06517 0.980941
--
car 366.53915 376.0222 127.397545 135.4232 0.70903176
car 123.839165 162.01491 186.5852 202.1215 0.8052109
car 342.93585 354.3303 139.95717 151.07753 0.9828503
--
car 366.27295 376.5341 127.23692 135.64854 0.74851674
car 123.84636 162.00731 186.57785 202.07874 0.801161
car 342.85556 354.05148 140.78172 151.69128 0.9794238
--
car 366.21814 376.49387 127.275055 135.7662 0.74729705
car 123.83377 162.01572 186.58904 202.0816 0.8007789
car 342.82446 354.11115 140.76805 151.70764 0.9787673
--
car 366.0941 377.0031 127.23964 136.01106 0.75992477
car 123.814545 162.00943 186.60526 202.09799 0.79346335
car 342.534 354.03412 140.63245 152.15369 0.99065137
--
car 366.31232 376.92822 127.33694 136.0117 0.71545243
car 123.794235 162.00714 186.6312 202.06197 0.78895634
car 342.31772 353.78033 140.42128 152.42088 0.9924497
--
car 366.13998 376.98526 127.29064 136.03624 0.727144
car 123.79846 161.98425 186.65138 202.03662 0.7840608
car 341.76233 353.01385 139.8508 152.41042 0.9920798
--
car 366.0618 377.28244 127.25788 136.26823 0.7299987
car 123.80246 161.94447 186.69098 202.0475 0.7828392
car 341.65445 353.1282 140.53319 152.65283 0.993228
--
car 377.37387 385.69058 128.48271 135.36818 0.3004941
car 366.3287 378.30753 127.22202 136.44176 0.6617378
car 123.82041 161.95921 186.68106 202.13986 0.77900183
car 341.66397 352.82843 142.07098 153.44037 0.9884009
--
car 377.4683 385.82327 128.487 135.3385 0.30711967
car 366.21252 378.29865 127.197815 136.45282 0.64022624
car 123.81422 161.95732 186.67297 202.15048 0.7805209
car 341.62125 352.85144 142.0278 153.4329 0.9884678
--
car 377.38425 385.73434 128.50543 135.35768 0.34026557
car 366.21024 378.5438 127.178085 136.5493 0.68362504
car 123.83933 161.9473 186.67313 202.16255 0.7786815
car 341.01993 352.32513 141.42036 153.58809 0.9918875
--
car 377.26065 385.66284 128.39285 135.49896 0.37348402
car 365.93265 378.5207 126.89803 136.56174 0.7102161
car 123.859375 161.92278 186.68935 202.1339 0.78217834
car 340.52887 352.2956 141.3596 154.0242 0.9955581
--
car 377.53442 385.53137 128.48714 135.26582 0.34306702
car 365.99847 378.41772 127.09615 136.5648 0.71436584
car 123.84619 161.98088 186.65144 202.13667 0.7794141
car 340.4114 352.0528 141.24731 154.2275 0.9968706
--
car 377.1297 384.6131 128.76338 134.85043 0.35543627
car 368.17294 378.35846 127.711105 136.15535 0.75962543
car 123.82247 161.99327 186.66 202.69597 0.770435
car 339.2597 351.58224 142.00168 154.63356 0.99488884
--
car 377.14374 384.5975 128.79457 134.82793 0.35888502
car 368.30142 378.38705 127.73662 136.08383 0.7603658
car 123.771484 161.98683 186.64662 202.57559 0.77435946
car 339.08368 351.47205 142.63412 154.86258 0.9940107
--
car 377.1714 384.6212 128.85168 134.78436 0.38504878
car 368.59964 378.23322 127.957184 135.94415 0.7481083
car 123.791916 161.99544 186.64012 202.63428 0.7775076
car 339.10593 351.40335 142.69095 154.84631 0.99402016
--
car 377.21277 384.56555 128.77177 134.51529 0.33035433
car 368.78342 378.33673 127.91307 135.87172 0.7820462
car 123.79838 162.03186 186.6004 202.57071 0.7836469
car 338.91742 351.26468 143.10597 154.76807 0.99286383
--
car 369.0572 377.99768 128.22537 135.7098 0.6794971
car 123.81639 162.04478 186.63126 202.48315 0.78106534
car 337.86496 350.36472 143.35327 155.07025 0.9908151
--
car 369.3912 377.6865 128.12778 135.71474 0.7004858
car 123.84024 162.06616 186.6742 202.4454 0.7592607
car 337.24805 349.90872 143.0353 155.36467 0.99156773
--
car 369.25546 377.93353 128.03032 135.72986 0.72959846
car 123.80959 162.01845 186.73457 202.41035 0.7569468
car 336.922 349.78497 142.37865 155.56635 0.99332595
--
car 369.17398 377.99847 128.03784 135.86792 0.7162517
car 123.792915 161.95685 186.73897 202.39136 0.76063275
car 336.88815 349.83005 142.56432 155.58667 0.99323046
--
car 368.9123 377.66507 127.8021 135.9258 0.73236436
car 123.814575 161.93985 186.7523 202.36092 0.7581204
car 336.47552 349.34995 142.68968 155.94324 0.98888695
--
car 369.02344 377.6885 127.698555 135.54683 0.76730007
car 123.81412 161.90428 186.70187 202.39369 0.7683294
car 335.88605 349.18723 142.46533 156.08144 0.97797036
--
car 369.09344 377.6684 127.775116 135.57571 0.7257972
car 123.817894 161.8637 186.73106 202.37868 0.7661841
car 335.4873 349.2318 142.89061 156.24925 0.9664522
--
car 353.5595 360.01294 126.12362 132.17393 0.32998863
car 369.0371 377.65973 127.735344 135.68977 0.7455608
car 123.844955 161.82962 186.78249 202.40483 0.76016885
car 335.54614 349.28244 142.78085 156.65991 0.9391818
--
car 367.63986 375.7015 130.56541 138.44188 0.42613038
car 353.59518 360.16052 126.351036 132.52565 0.5564478
car 368.44116 377.1833 128.00806 136.34686 0.7566281
car 123.93561 161.51924 186.50208 202.71829 0.775084
car 334.40323 346.98492 143.47972 156.88336 0.98710436
--
car 367.64188 375.7044 130.56487 138.4412 0.42591232
car 353.59644 360.1654 126.348236 132.52542 0.55576736
car 368.444 377.18814 128.01134 136.3437 0.75601166
car 123.92129 161.53012 186.51976 202.68164 0.7727012
car 334.40756 346.98495 143.47742 156.88045 0.98704535
--
car 367.6674 375.6269 130.57251 138.42451 0.40314966
car 353.6784 360.23706 126.36984 132.50891 0.59224325
car 368.47977 377.10272 128.01344 136.18712 0.7677759
car 123.90098 161.52792 186.48965 202.75328 0.77558565
car 334.10287 347.05392 143.45532 157.5364 0.987942
--
car 367.89816 375.46048 130.74603 138.45558 0.42579323
car 353.85303 360.03787 126.46981 132.5385 0.59006
car 368.7502 376.67523 128.05643 135.99554 0.7286834
car 123.9111 161.50197 186.48051 202.71317 0.77377427
car 333.73364 347.18857 143.32523 157.836 0.9869037
--
car 360.282 367.74088 125.00476 131.15863 0.3030253
car 367.7453 375.19128 131.07391 138.56618 0.55242074
car 354.02536 360.03586 126.6184 132.48924 0.56385833
car 369.3309 376.64655 128.16718 135.54453 0.67860436
car 123.9067 161.49344 186.51097 202.71945 0.7703919
car 333.64017 346.79773 143.34251 157.9654 0.9871444
--
car 367.7936 375.0605 131.27638 138.7721 0.41335666
car 353.9132 359.8973 126.6404 132.5297 0.45012134
car 369.96326 376.76825 128.27454 135.32408 0.55967575
car 123.90408 161.50098 186.50601 202.73651 0.77510613
car 333.38495 346.57077 144.31537 157.92278 0.9833209
--
car 354.01816 359.9305 126.59752 132.61884 0.42236918
car 367.76614 375.21722 131.51703 139.10277 0.5157406
car 370.2816 377.22168 127.73349 134.86848 0.62374246
car 123.87337 161.49213 186.5181 202.7845 0.78682756
car 332.67453 345.65677 143.19533 158.13931 0.98963493
--
car 354.10724 360.00146 126.588486 132.595 0.39251965
car 367.7564 375.16852 131.47522 139.02324 0.52259207
car 370.14896 377.09747 127.7775 134.96681 0.61536825
car 123.871475 161.49239 186.52232 202.78484 0.7874806
car 332.6621 345.70667 143.28465 158.13522 0.9894622
--
car 354.0522 360.10892 126.47961 132.62045 0.39279985
car 367.15076 375.08197 131.08737 139.06386 0.54675025
car 369.98862 377.29874 127.67578 135.1166 0.6549864
car 123.90195 161.47545 186.52457 202.77782 0.7697542
car 332.24646 345.55362 143.69374 158.2905 0.98477167
--
car 353.60034 360.20435 126.425964 132.67206 0.45772642
car 366.87833 374.87833 130.74661 139.13249 0.5307482
car 369.26196 376.93735 127.596664 135.6007 0.6977329
car 123.86683 161.48982 186.55249 202.83229 0.77891684
car 331.4461 345.05994 143.62823 158.33798 0.9859138
--
car 353.73395 360.32788 126.406395 132.81212 0.4161341
car 366.57773 374.58893 130.43713 139.25694 0.48775893
car 368.6057 376.62283 127.44576 135.96136 0.64140874
car 123.847244 161.52274 186.5478 202.7583 0.77278244
car 331.20044 344.7146 143.55556 158.1846 0.98750806
--
car 366.66974 373.99777 130.35132 139.40227 0.32851756
car 360.2813 368.68396 125.648056 133.09122 0.3475982
car 353.9948 360.42496 126.71111 133.1215 0.55639386
car 369.33292 376.28967 127.20271 135.19423 0.7171086
car 123.807594 161.61716 186.42542 202.7765 0.7728938
car 329.67017 343.2669 145.55533 160.2413 0.9494711
--
car 359.60986 368.35675 125.54455 132.93452 0.35157573
car 366.4638 374.3117 130.44388 139.65147 0.5015416
car 353.9737 360.49384 126.84233 133.23296 0.6060291
car 369.50473 376.4879 127.2746 135.12535 0.71515167
car 123.948296 161.60526 186.50215 202.94923 0.77791977
car 329.83722 343.3509 145.62473 160.11003 0.96497595
--
car 359.7121 368.64288 125.617355 133.04445 0.38689917
car 363.89566 372.75955 131.4003 140.8627 0.40365958
car 353.83447 360.42157 126.96416 133.29973 0.58907104
car 369.7786 376.56805 127.23222 134.50595 0.63701993
car 123.94203 161.63779 186.4776 202.95714 0.76892465
car 329.68265 343.3944 143.83527 158.40256 0.96650136
--
car 359.84644 368.77716 125.688644 132.84348 0.34535325
car 363.8984 372.74622 131.40141 140.94154 0.38077205
car 353.73346 360.39706 126.90107 133.18655 0.61076874
car 369.8546 376.63672 127.09185 134.06282 0.6141434
car 123.94286 161.6442 186.45055 203.03586 0.77249765
car 329.00314 342.8779 145.0492 160.83643 0.9683782
--
car 359.77988 368.9549 125.7653 133.06526 0.45525587
car 369.84528 376.37625 126.66878 133.15178 0.49747092
car 363.662 372.8172 131.70178 141.14777 0.5263499
car 353.79825 360.6462 126.86702 133.09564 0.5437329
car 123.91844 161.66203 186.57933 202.98943 0.76413894
car 328.85672 342.64935 144.50157 161.25613 0.9695891
--
car 359.604 368.6402 125.820244 133.18274 0.44743675
car 369.72586 376.2114 126.81202 133.48907 0.4695313
car 363.67276 372.8275 131.35744 141.16316 0.48042223
car 354.13123 360.76248 126.75706 133.09909 0.51276773
car 123.89734 161.68513 186.53532 203.00066 0.7678013
car 328.71335 342.598 144.31291 161.53383 0.973826
--
car 363.41678 372.78268 131.32352 141.467 0.41428554
car 370.04675 376.33902 126.4083 132.92542 0.46512544
car 354.26996 361.01602 126.53664 133.05165 0.5257462
car 359.23004 368.4736 125.584816 133.36397 0.5781414
car 123.96523 161.69232 186.52045 202.91089 0.7605481
car 327.64087 342.26572 143.87894 161.97389 0.9707285
--
car 363.39264 372.73175 131.32526 141.49966 0.3742189
car 369.966 376.23764 126.49576 133.02747 0.4659283
car 354.30902 361.06195 126.55329 133.05257 0.546257
car 359.2279 368.21866 125.529144 133.24773 0.56949735
car 123.97661 161.68411 186.50424 202.9143 0.7595356
car 327.64984 342.26508 143.92992 161.9362 0.9713343
--
car 363.23868 372.80032 131.13316 141.6241 0.39855865
car 369.98203 376.3369 126.4212 133.1464 0.49028978
car 354.31973 361.13043 126.46359 133.05103 0.5449156
car 359.15964 368.2903 125.44803 133.4276 0.58006305
car 124.05327 161.65358 186.4534 202.81912 0.7643422
car 326.958 341.82642 143.72783 161.98099 0.9672512
--
car 354.27057 361.01108 126.69001 133.28073 0.49939814
car 370.00378 376.37003 126.69675 133.42719 0.51048577
car 363.17328 372.92987 131.30876 141.68147 0.5394199
car 358.95078 368.23514 125.56604 133.68826 0.55434966
car 124.08232 161.6433 186.5015 202.69003 0.75567734
car 326.41077 341.75653 144.59473 161.7687 0.9778271
--
car 370.1559 376.26746 126.83957 133.75566 0.44201663
car 354.48526 361.06915 126.63177 133.30707 0.4482959
car 358.93085 368.24466 125.288315 133.78458 0.59560555
car 363.21356 372.79037 131.56075 141.84552 0.63158715
car 124.078575 161.61162 186.50418 202.71465 0.7676904
car 325.81995 341.73248 144.24956 161.9516 0.9806063
--
car 354.25543 361.2148 126.504456 133.51193 0.34922743
car 369.74872 376.0726 126.75653 133.77025 0.40819448
car 358.91617 368.57983 125.427216 134.36563 0.58951557
car 362.84256 372.82205 131.31938 142.15372 0.7449238
car 124.115654 161.58415 186.5593 202.6437 0.76292175
car 324.87283 342.35123 144.1778 162.22313 0.9848282
--
car 354.47626 361.05453 126.44312 133.51147 0.36959162
car 369.6932 375.75 126.557556 133.71144 0.4499034
car 358.78168 368.2814 125.16639 134.18022 0.5197648
car 363.11133 372.7581 131.17668 142.67798 0.6398789
car 124.11958 161.56091 186.56216 202.64284 0.7641133
car 324.54315 341.86545 144.275 162.41711 0.93546
--
car 358.48923 367.68427 124.99822 133.4988 0.38922197
car 369.65796 375.78174 126.58553 133.63295 0.4097817
car 354.72333 361.22586 126.286285 133.31253 0.43312308
car 363.22226 372.79776 131.48329 142.82271 0.57028306
car 123.7811 161.51492 186.56866 202.35431 0.78154904
car 323.9046 342.68344 144.3128 162.50574 0.9508816
--
car 354.59143 361.14038 126.184975 133.30804 0.38815698
car 369.68015 375.63864 126.4725 133.4355 0.3917839
car 358.5677 368.06244 125.04528 133.85805 0.40309376
car 363.1096 372.89417 131.30428 142.93565 0.6344504
car 123.70501 161.54971 186.52504 202.47371 0.7809798
car 323.75052 342.76163 143.84795 162.92166 0.9384947
--
car 354.52563 361.28287 126.14618 133.29047 0.32705742
car 369.773 375.65753 126.361946 133.09193 0.33930072
car 358.39008 368.10165 125.0112 133.95055 0.4297784
car 362.61823 373.04037 131.12335 143.00833 0.665387
car 123.7931 161.53687 186.49313 202.526 0.77539325
car 323.58972 339.64484 146.47922 163.46939 0.9368796
--
car 354.54834 361.02515 126.266495 133.32135 0.322954
car 369.5766 375.18103 126.343834 133.04303 0.33239043
car 358.64246 367.7642 125.237274 133.7692 0.33449093
car 362.80447 372.7464 131.72545 143.09828 0.6005523
car 123.74251 161.5414 186.52635 202.5269 0.7839594
car 323.76318 339.22256 147.15784 163.84236 0.9836228
--
car 358.22073 367.54898 125.02573 133.91658 0.34888756
car 369.92194 375.2713 126.63143 133.60297 0.38873723
car 362.89267 372.72556 131.96541 143.4564 0.6470908
car 123.74951 161.58482 186.48932 202.55936 0.77429926
car 323.5452 339.28345 146.81874 164.00049 0.99171597
--
car 354.6586 361.20715 126.263115 133.30447 0.32916063
car 358.41913 367.00018 125.20759 133.36601 0.40744224
car 362.8403 372.24878 132.70564 143.99335 0.7624723
car 123.73006 161.56635 186.5353 202.6068 0.7688032
car 323.05222 337.99734 147.83739 164.1981 0.99434286
--
car 369.55847 374.9693 125.991714 132.31007 0.31754366
car 354.59445 361.2879 126.317764 133.47345 0.38384745
car 358.5467 367.06726 125.08732 133.32095 0.50167793
car 123.76642 161.54611 186.56512 202.55925 0.7670397
car 362.6884 372.06952 132.9945 144.09544 0.8261887
car 322.90808 337.4851 147.7526 164.42328 0.994364
--
car 354.53217 361.29785 126.27353 133.47955 0.32329968
car 358.56863 367.3641 124.990555 133.45987 0.5533086
car 123.70749 161.55693 186.58186 202.62285 0.7580472
car 362.825 372.1655 133.58963 144.48347 0.8271533
car 321.96313 337.45825 147.98018 164.66434 0.99315935
--
car 369.1598 374.56415 125.999794 132.67287 0.31172127
car 354.52032 361.38556 126.11543 133.4174 0.3566071
car 358.33307 367.60593 124.88759 133.48047 0.5802311
car 123.574974 161.4839 186.63168 202.21574 0.7450973
car 362.39365 372.32495 133.70927 144.6501 0.8404497
car 321.70917 337.11707 148.30507 165.101 0.989536
--
car 354.49332 361.70267 125.80771 133.41338 0.3306238
car 357.7394 367.63022 124.672554 133.85545 0.6160325
car 123.71495 161.69821 186.38173 202.04227 0.77229893
car 362.06412 372.4317 133.09479 144.8708 0.91104734
car 320.83798 336.86377 148.53804 165.6703 0.99101603
--
car 354.21616 361.5037 125.50498 133.14827 0.3957618
car 369.1995 374.9518 125.651344 132.06644 0.47063914
car 358.71542 367.3544 124.25126 132.532 0.7052984
car 123.595215 161.49104 186.41881 201.94919 0.7468511
car 361.08914 371.0654 134.63959 145.23204 0.9364796
car 319.1338 335.992 148.59659 165.87297 0.9880048
--
car 354.26752 361.6096 125.467636 133.17557 0.38959742
car 369.126 374.89233 125.439674 131.9358 0.48301876
car 358.57397 367.64124 124.19283 132.68285 0.69754153
car 123.60496 161.48021 186.3866 201.9619 0.7476255
car 361.10306 371.16214 134.60052 145.34592 0.93102926
car 319.13998 335.96954 148.5698 165.88086 0.98794115
--
car 354.21823 361.48523 125.84377 133.3443 0.355056
car 369.09277 375.1201 125.36482 131.96043 0.4839172
car 358.81174 367.82852 124.33914 132.48837 0.74583536
car 123.59775 161.39801 186.49556 202.03525 0.74878365
car 361.0157 371.2011 135.23294 145.89597 0.8866366
car 318.41583 336.12173 148.89772 166.2511 0.98102474
--
car 354.3591 361.36328 125.87449 133.23195 0.3255371
car 369.1324 374.99966 125.37574 131.71695 0.48082826
car 358.6304 367.68982 124.41726 132.51578 0.75666755
car 123.36977 161.42793 186.35622 202.14499 0.7765541
car 360.9903 371.1262 134.94159 146.13258 0.8806038
car 318.16122 335.50333 149.0129 166.25902 0.950602
--
car 354.40738 361.31128 125.91629 133.21469 0.3104651
car 369.04974 374.77768 125.51483 131.7763 0.4868124
car 358.7749 367.58377 124.533226 132.55353 0.77362376
car 123.076385 161.36661 186.22403 202.35416 0.7901001
car 361.0617 370.7586 134.92563 146.187 0.87975067
car 317.65338 335.49533 149.16298 166.3451 0.96294326
--
car 354.5249 361.1869 125.75805 133.05768 0.30787018
car 369.0917 374.65335 125.61345 131.92088 0.43790287
car 358.6756 367.68823 124.55013 132.76941 0.76742005
car 122.760445 161.22984 186.31065 202.86655 0.7951468
car 360.92493 370.65326 134.59879 146.11949 0.90303034
car 317.1435 335.67807 149.4908 166.94 0.9497255
--
car 354.78775 361.00134 125.78327 132.80243 0.3291868
car 368.82996 374.40643 125.63337 131.5532 0.524432
car 122.912865 161.0241 186.18082 201.72197 0.7177901
car 360.29227 369.77335 135.46924 146.33304 0.78066653
car 359.0279 367.645 124.867195 132.57376 0.8643783
car 316.39365 335.384 149.43503 167.56328 0.9671776
--
car 354.72604 361.04547 125.744545 132.83455 0.34839487
car 368.848 374.33875 125.49409 131.48804 0.5359694
car 122.86153 160.96329 186.14766 201.73148 0.70876086
car 360.31976 369.77267 135.44203 146.40549 0.764002
car 358.91284 367.63776 124.7717 132.62393 0.86419684
car 316.42587 335.34595 149.34433 167.54369 0.9672285
--
car 354.6516 361.11472 125.793884 132.95067 0.34656766
car 368.90494 374.4203 125.522415 131.54346 0.5310862
car 122.49473 160.78883 186.42828 201.89 0.6966563
car 360.17786 370.01407 134.71979 146.78491 0.7723998
car 358.6589 367.83716 124.77876 132.93423 0.86280006
car 316.04794 335.33963 149.4014 167.7439 0.9256946
--
car 368.6084 374.4578 125.216484 131.353 0.38535714
car 122.01573 160.61084 186.46571 201.61731 0.7010198
car 359.36456 369.47406 134.2259 146.90504 0.7534602
car 315.22046 335.10086 149.65723 168.38889 0.86398387
car 358.6487 368.47833 124.67 133.26585 0.87320995
--
truck 17.31411 144.17192 301.23578 362.7151 0.37423626
car 368.75757 374.56635 125.31162 131.24283 0.31239545
car 121.66354 160.54518 186.80128 201.5858 0.6669544
car 359.2477 369.32538 134.08748 146.91682 0.8467547
car 358.75998 368.01425 125.12417 133.1971 0.8639093
car 315.01202 335.06085 149.48218 168.46799 0.94716555
--
car 121.35632 160.29536 187.13983 201.41467 0.54672146
car 54.318546 186.7443 289.27887 358.28357 0.7569262
car 358.61298 368.03363 125.02317 133.9363 0.81936306
car 358.59717 369.1769 132.81067 147.92659 0.91258425
car 314.67032 333.28186 150.56001 169.1948 0.9316008
--
car 121.3771 160.2994 187.19495 201.34401 0.5355392
car 54.752125 186.89929 289.09268 357.7298 0.7579937
car 358.64322 368.09167 124.99447 133.91661 0.82162875
car 358.5647 369.19934 132.93523 147.93343 0.9151051
car 314.6443 333.28815 150.55649 169.20056 0.9319041
--
car 121.57469 160.17787 186.89761 201.10873 0.4660996
car 81.38239 196.87514 279.64737 355.3194 0.8382608
car 358.5649 368.01505 125.10576 133.52417 0.83921033
car 359.75165 369.78662 138.70166 148.54153 0.84486115
car 314.37033 333.35733 150.70473 168.91211 0.9233788
--
car 121.40082 160.12244 187.04431 200.83002 0.46148762
car 358.3796 368.02805 125.2412 133.87685 0.7859566
car 358.98584 369.06958 138.55081 148.81938 0.9008594
car 314.06848 333.235 150.48412 169.27905 0.92627233
car 86.00547 203.1671 275.0337 354.11517 0.95889443
--
car 121.33821 160.12877 186.7728 200.71509 0.37363395
car 123.828094 231.48361 257.52737 345.82663 0.52065533
car 358.627 367.652 125.387535 133.8426 0.6664548
car 357.26215 367.61328 131.24068 149.18867 0.9178879
car 313.92505 331.00742 151.41876 170.0098 0.9616218
--
car 121.408966 159.91708 186.9377 201.28293 0.5548325
car 358.398 367.3337 125.59055 134.20132 0.7257196
car 358.70142 368.28235 138.21692 149.66496 0.91086185
car 138.65411 235.93109 256.1775 335.97778 0.91759634
car 313.8542 330.96643 151.47466 170.20044 0.97281194
--
car 121.350464 159.81253 186.97575 201.0347 0.51495916
car 358.43024 367.37997 125.57333 134.15869 0.73154664
car 358.72375 368.3275 138.21736 149.6728 0.91031766
car 138.43169 236.11067 256.2585 336.01358 0.92308176
car 313.843 330.96533 151.47478 170.20174 0.9731954
--
car 121.48593 159.79185 187.06648 200.72232 0.39167354
car 358.17453 367.104 125.6761 134.36125 0.7617157
car 149.94148 244.56064 246.31346 328.19675 0.8352333
car 313.39008 330.57144 151.34352 170.55388 0.9686503
car 358.06738 368.0707 137.9515 149.93115 0.97537947
--
car 121.50421 159.379 187.18907 200.58359 0.3698524
car 358.42862 367.09515 125.885864 134.19772 0.73229367
car 161.17174 257.8082 241.96594 321.10995 0.8282631
car 312.75552 330.1192 151.25331 170.8817 0.96150994
car 357.66107 367.8325 137.96347 150.02757 0.97218037
--
car 121.617035 159.53935 187.17667 200.27985 0.3029914
car 358.3518 367.01764 125.80706 134.11406 0.74745184
car 172.99911 263.73996 240.17894 308.26843 0.81446314
car 357.50742 367.68625 137.93054 150.53891 0.9616445
car 312.01306 329.67102 151.21526 170.95319 0.9646223
--
car 358.5479 367.14627 125.61583 133.80096 0.7913754
car 186.77226 266.88205 234.28783 301.51352 0.7978963
car 310.83643 328.80225 151.24841 170.90796 0.9250477
car 356.8807 367.75305 137.9807 150.99077 0.93688893
--
truck 195.99759 274.95563 230.732 292.23434 0.57391685
car 358.42874 367.38965 125.44713 133.86201 0.7851909
car 309.99188 328.3758 151.07413 171.0207 0.92076546
car 356.54675 367.7667 137.8579 151.16103 0.93475413
--
car 195.98299 274.9528 230.7601 292.21207 0.5723933
car 358.40945 367.4837 125.31109 133.7126 0.80774623
car 309.95667 328.34378 151.08101 171.0095 0.9180403
car 356.61884 367.89252 137.93622 151.17789 0.94164926
--
car 213.18985 284.76642 221.86952 280.50333 0.7367809
car 355.9575 367.33527 138.33977 151.27606 0.8694482
car 358.63437 368.3114 125.24588 133.38283 0.894393
car 307.94653 327.72366 151.69818 173.27328 0.96479434
--
car 223.72696 289.2816 219.3855 273.59363 0.73026013
car 355.364 367.21082 137.8907 151.93704 0.84460694
car 358.391 368.0691 125.092575 133.73201 0.86597246
car 306.84796 327.4267 151.98735 173.16599 0.9706596
--
car 229.46216 295.02567 215.23824 269.5556 0.6753327
car 355.64453 366.62335 137.8622 152.28291 0.70904434
car 358.2588 368.12366 124.436485 132.83292 0.82901186
car 306.34427 326.97504 151.91986 173.6426 0.9737386
--
car 355.29852 366.23813 138.72594 152.40324 0.5972478
car 358.30695 368.2477 124.37756 132.82431 0.8313253
car 236.92009 299.0725 212.90315 263.8976 0.83988655
car 305.8684 326.9458 152.04907 174.18991 0.9840279
--
car 354.1535 365.23688 140.33673 153.90717 0.76182556
car 245.00816 303.72586 212.71115 260.01492 0.8330667
car 358.45404 368.31067 124.74786 133.21872 0.85834694
car 305.56934 326.92493 152.07704 174.2842 0.98528755
--
car 354.1344 365.2495 140.36174 153.90495 0.7678079
car 245.02383 303.67545 212.76662 259.9647 0.8111778
car 358.3592 368.2298 124.72997 133.36789 0.8489153
car 305.5604 326.89362 152.08162 174.40494 0.9851776
--
car 257.59418 310.70602 205.20721 250.94785 0.7642982
car 358.55676 368.3688 124.74341 133.02405 0.8850796
car 353.44406 365.22906 141.19783 154.6122 0.90824604
car 303.8473 326.65155 152.99362 175.1098 0.98680764
--
truck 263.62668 315.51263 202.13913 247.80482 0.65866876
car 358.5937 368.29468 124.86775 133.0065 0.90144575
car 353.20255 365.21204 141.19736 155.34106 0.93259877
car 303.39716 326.6515 152.68283 175.14285 0.981238
--
car 269.8598 318.16888 199.8168 243.91422 0.59090805
car 358.88666 368.51434 124.80475 132.73819 0.8624441
car 353.04584 364.50308 141.10585 155.35762 0.9505361
car 303.02805 326.61798 153.65715 175.406 0.98895365
--
car 275.7532 320.83063 197.265 240.47023 0.7061117
car 359.01694 368.56485 124.86874 132.70576 0.8919612
car 352.9103 364.27228 141.06042 156.21999 0.9513936
car 302.93182 326.15848 153.45651 175.58357 0.97637814
--
car 121.70471 159.24918 187.98131 200.92123 0.40750933
car 278.47327 324.90417 196.102 235.61722 0.6865472
car 358.98505 368.45422 125.21782 132.87012 0.9028003
car 352.29233 364.72684 141.34325 156.41641 0.97748435
car 302.96564 325.84875 154.37361 175.47653 0.9815872
--
car 121.45941 159.4079 187.88834 200.88821 0.46362084
car 287.19794 327.97275 192.75925 229.14253 0.74964416
car 358.57922 368.1571 125.45166 133.45352 0.90203303
car 303.41913 323.0846 154.33012 176.15283 0.9651862
car 351.5861 364.27612 141.77779 157.04274 0.98145133
--
car 121.48862 159.64285 187.64606 201.2243 0.53916246
car 290.13052 331.3771 189.99982 223.3491 0.7252202
car 358.26138 368.0296 125.464134 133.8366 0.9141456
car 302.9389 323.17227 154.2661 176.44577 0.9728812
car 350.99805 364.33865 141.5911 157.52222 0.98521674
--
car 121.60635 159.7196 187.55188 201.315 0.59058785
car 358.6571 367.9923 125.68782 133.69089 0.873548
car 303.01852 322.84943 154.3373 176.7398 0.9350985
car 296.44626 334.31277 188.38411 223.49191 0.95649904
car 351.0365 363.55972 141.57422 158.12971 0.96104294
--
car 121.6409 160.11035 187.52472 200.63307 0.530037
car 298.93536 336.89896 187.4984 222.18263 0.8909584
car 357.57742 368.0075 125.966324 134.738 0.9241883
car 302.52896 323.028 154.81708 176.99599 0.9568081
car 349.78458 362.7889 142.16927 158.17203 0.9696592
--
car 121.353905 160.29202 187.57597 201.33862 0.613742
car 357.9098 367.91226 125.97008 134.55711 0.9052205
car 302.83594 338.0557 185.891 219.17586 0.9077348
car 350.16397 362.3892 142.3558 158.89545 0.93053037
car 301.97943 322.70514 154.83035 177.588 0.93569785
--
car 121.32356 160.41824 187.32861 201.65633 0.7216361
car 348.47266 360.6752 146.04483 160.1519 0.898858
car 358.08554 367.38193 126.112465 134.79297 0.906684
car 300.573 322.5673 155.9591 178.10953 0.90772873
car 309.9607 342.5074 180.89908 214.31705 0.9716523
--
car 121.3161 160.39201 187.34044 201.65309 0.7251188
car 348.48642 360.69785 145.97157 160.17067 0.89472824
car 358.32993 367.4971 125.998955 134.53064 0.90287554
car 300.5758 322.5903 155.9064 178.0769 0.9041174
car 309.86703 342.49622 180.93443 214.29623 0.9715147
--
car 121.565865 160.45724 187.036 201.21956 0.6700226
car 358.25284 367.38327 126.31988 134.61263 0.8876049
car 299.8875 322.25504 155.69252 178.95726 0.9112129
car 348.63498 360.2671 146.17336 160.83499 0.9454425
car 312.4783 344.19067 180.88142 213.55948 0.9793232
--
car 121.70062 160.50227 186.7015 200.93742 0.65316117
car 358.33636 367.19794 126.16163 134.50732 0.85978967
car 299.101 321.4 156.34602 179.74876 0.8752706
car 347.65353 360.07532 145.16924 161.86539 0.9506104
car 315.3523 346.53082 179.86464 210.60071 0.9627725
--
car 121.78047 160.70474 186.4342 201.16483 0.70403856
car 358.5236 367.2126 126.28 134.46709 0.9062559
car 317.13647 346.37378 178.22182 208.57289 0.9094022
car 298.9673 321.5638 156.11241 179.5072 0.91656667
car 347.22623 360.2931 146.2858 161.8004 0.9840847
--
car 122.163704 161.08417 186.25612 201.49191 0.7322278
car 358.5072 367.14096 126.0008 134.1875 0.8870421
car 320.12936 348.56998 176.08968 207.0804 0.942867
car 298.35965 320.86853 156.31459 179.84299 0.96406597
car 346.0161 359.78616 147.21382 162.38962 0.9826382
--
car 122.68838 161.5556 186.69717 201.69128 0.79927695
car 358.24857 367.04156 126.01355 134.60773 0.8762819
car 343.6782 359.88992 146.1986 163.30058 0.93907017
car 325.6243 352.8086 169.96313 205.12253 0.95220613
car 298.29868 319.57907 156.95363 180.51393 0.9579786
--
car 122.66657 161.56172 186.68982 201.74019 0.80021554
car 358.15582 367.0755 125.94526 134.56587 0.89003223
car 343.66663 359.8801 146.0953 163.32747 0.940625
car 325.57675 352.80154 169.94963 205.1493 0.9558646
car 298.24216 319.57193 156.99876 180.5172 0.9593843
--
car 123.09638 162.197 186.35669 202.28365 0.83643746
car 357.98114 366.95868 126.03545 134.74715 0.89007187
car 342.06827 357.9433 149.39001 164.0857 0.9530625
car 326.74777 354.19647 171.0452 203.19064 0.9747898
car 297.75104 319.25842 157.74211 180.51439 0.9805706
--
car 123.82468 163.49173 186.55081 203.06125 0.852288
car 357.8807 366.984 125.95049 134.87306 0.9091492
car 329.2911 354.93954 172.20529 199.49008 0.9663978
car 341.79697 358.2094 148.74132 164.86179 0.97624195
car 297.53302 319.03195 157.88892 180.55313 0.97918314
--
car 356.73868 365.40387 129.75426 139.05386 0.32191446
car 124.23204 164.0921 186.52373 202.7023 0.8369344
car 358.1988 366.8217 125.87931 134.73987 0.8781268
car 297.23184 319.34018 157.92816 180.72969 0.9742088
car 329.7663 356.70398 170.01819 198.94124 0.9830378
car 341.28558 358.07074 148.83922 165.77736 0.9866107
--
car 356.78583 365.3526 129.72227 138.97702 0.30280456
car 124.10884 164.21962 186.21811 202.4018 0.839709
car 358.32977 366.83725 125.92756 134.69568 0.8801243
car 297.32278 318.70688 157.53656 181.07585 0.9722782
car 332.29773 357.5069 170.86491 196.73419 0.984169
car 340.10443 357.9089 149.40065 166.78145 0.9867043
--
car 125.26909 164.25235 186.24324 202.22328 0.74806595
car 359.5506 366.9212 125.31817 132.81795 0.80318177
car 296.25217 317.66132 157.48047 181.65428 0.96198475
car 334.58182 359.62332 169.69179 194.19852 0.9729636
car 338.1479 357.39993 150.5472 167.72842 0.98703325
--
car 125.34432 164.22041 186.24825 202.27098 0.74603474
car 359.55563 366.81708 125.25257 132.73984 0.7892062
car 296.2704 317.6789 157.50447 181.62675 0.9618952
car 334.60837 359.64145 169.67728 194.24292 0.9727355
car 338.10236 357.33044 150.61095 167.67036 0.9874687
--
car 126.64392 163.73929 186.26485 203.27065 0.6040501
car 359.61407 366.9468 125.24767 132.42975 0.7632525
car 340.7548 363.0401 168.01717 190.15437 0.917039
car 296.2707 318.09406 157.17621 182.364 0.9546429
car 336.6791 355.63562 151.883 168.05974 0.97681105
--
car 126.761185 164.4939 186.20914 204.26826 0.7636198
car 359.759 366.91965 125.34948 132.46022 0.7718762
car 296.27878 317.82132 157.40605 182.35695 0.95320356
car 335.80103 354.67966 152.16496 168.32365 0.96259433
car 341.30304 364.18613 167.5927 189.75966 0.9844205
--
car 359.9463 366.90515 125.652885 132.37021 0.7027284
car 126.69594 164.4583 186.362 203.8479 0.7656648
car 335.9425 352.89877 152.12361 168.57619 0.940462
car 296.01578 317.24295 157.38368 182.54813 0.9545601
car 342.6295 364.83688 167.46016 188.79625 0.9822423
--
car 353.6418 362.36047 126.85117 135.86702 0.35612744
car 355.0706 363.63577 130.45029 138.81093 0.36707842
car 358.7186 366.45932 125.42925 133.18677 0.66321665
car 332.36398 349.24185 156.45033 173.29955 0.8058762
car 129.06383 168.46996 185.93652 203.69266 0.8336559
car 296.27716 316.912 157.0762 182.95522 0.96367335
car 344.34464 366.01752 166.28575 186.54617 0.9663771
--
car 355.04767 363.68756 130.33357 138.8416 0.37911037
car 353.6362 362.4276 126.84051 136.06259 0.41748473
car 358.6982 366.29364 125.44727 133.33163 0.66517025
car 332.339 349.26205 156.44598 173.29279 0.7947457
car 129.05435 168.5058 185.83258 203.7354 0.8487743
car 296.3428 316.9466 157.13242 182.92621 0.9638017
car 344.3131 366.01746 166.29651 186.53754 0.9673696
--
car 355.1534 363.61316 130.3706 138.80203 0.38906395
car 353.79102 362.4075 126.82275 136.02103 0.40231928
car 358.59857 366.13535 125.50578 133.4893 0.64421976
car 129.01517 168.7278 185.49722 203.26889 0.7907514
car 331.9655 348.72318 156.63339 174.02367 0.9262296
car 296.13992 316.99838 157.01712 183.18936 0.95743304
car 345.09875 366.70886 164.89204 186.03424 0.9737255
--
car 353.70523 362.73187 126.8558 136.65479 0.43244696
car 354.79642 363.9768 130.18141 139.0466 0.5035744
car 358.48355 366.16635 125.62752 133.78064 0.62300575
car 128.91728 169.1981 185.41862 202.80818 0.8290135
car 331.3789 348.65872 156.19003 174.5324 0.89497894
car 296.5368 316.51425 157.03786 183.12355 0.95541435
car 346.9493 367.09988 162.6354 184.91148 0.9660906
--
car 358.4022 365.8874 125.79609 134.09473 0.48671114
car 354.6626 364.10065 130.03839 139.11761 0.6012496
car 129.6071 169.14687 185.00697 202.80075 0.85874355
car 330.64484 349.1987 154.07884 176.13052 0.86714804
car 297.06238 316.26758 157.2337 182.91382 0.92561483
car 348.98828 367.54636 160.9626 183.77205 0.9478051
--
car 358.4167 365.9785 125.75261 134.05986 0.48344338
car 354.63367 364.1785 129.95851 139.31027 0.6185119
car 130.16116 169.37381 184.8661 202.05894 0.8160049
car 349.9288 368.25458 160.32118 183.35844 0.9389202
car 296.44733 317.8468 160.1069 184.36891 0.9434477
car 329.20984 348.4988 154.58475 176.31691 0.94626534
--
car 359.10388 366.0747 125.74114 132.88277 0.4248869
car 353.56067 362.16498 126.78229 136.3285 0.573131
car 354.5088 364.0061 130.04988 139.12245 0.6830409
car 130.70384 171.27766 185.4966 201.73726 0.8090576
car 351.1619 370.54916 162.44026 180.9388 0.8568718
car 327.03915 347.36157 156.44156 178.20592 0.9628071
car 297.20074 318.3107 161.56473 184.72476 0.97101
--
car 359.248 366.15067 125.71265 132.66644 0.40591112
car 353.56918 362.05835 126.843025 136.2652 0.52795625
car 354.47742 363.97562 130.0909 139.16924 0.6946093
car 130.76715 171.24112 185.51445 201.65933 0.8213195
car 351.17282 370.53027 162.49182 180.9023 0.85064805
car 327.09756 347.43918 156.39717 178.25642 0.9623023
car 297.19385 318.25986 161.5187 184.80669 0.9704707
--
car 359.49625 366.25885 125.63807 132.22894 0.34766233
car 353.51913 361.7718 126.90443 135.98755 0.444696
car 154.8103 173.7571 189.25926 201.32178 0.519234
car 354.53055 363.86115 130.10835 139.1315 0.6386333
car 132.20972 171.16557 185.59099 201.42757 0.7054748
car 353.68094 371.11664 159.73772 178.14574 0.93202573
car 297.23526 319.12134 161.57143 185.44324 0.97021335
car 325.81296 347.1116 157.09756 178.63716 0.97536945
--
car 353.48947 361.84775 126.708046 136.26772 0.44879308
car 154.71939 174.52765 188.92583 201.61633 0.56031746
car 133.18866 171.02168 185.2667 201.89026 0.66242373
car 354.20828 364.04907 130.14275 139.39032 0.7505762
car 353.82477 372.3107 159.61424 176.97818 0.95586264
car 297.2814 319.49313 161.15881 186.07233 0.9568438
car 325.56622 345.9945 157.5251 180.59407 0.97156405
--
car 353.50323 361.78854 126.7692 136.29443 0.47711208
car 133.70305 170.04964 185.0779 201.1717 0.5036481
car 154.56215 174.93019 188.9259 201.83333 0.5443755
car 354.35278 363.87537 130.21947 139.36365 0.718816
car 297.92596 320.24182 161.17369 185.84052 0.956516
car 324.90048 345.39072 158.37538 180.79544 0.96591574
car 353.1635 373.09332 158.90529 175.96939 0.9751865
--
car 135.70401 170.7764 184.84435 201.28972 0.45285332
car 158.6692 178.33745 188.44641 201.98521 0.7309893
car 354.2798 364.2954 129.49557 140.23145 0.8925587
car 297.83588 322.75497 160.7795 186.38553 0.9513161
car 322.87012 343.77884 161.37212 183.0433 0.96151286
car 355.15378 373.6105 157.54808 174.4069 0.9827298
--
car 135.72992 170.58353 184.82204 201.21599 0.46256283
car 158.5993 178.3993 188.42827 201.95218 0.7370189
car 354.26764 364.3257 129.5033 140.20853 0.89135736
car 297.8248 322.80215 160.73871 186.4632 0.9506719
car 322.89716 343.80505 161.29826 183.05357 0.9652662
car 355.05878 373.67282 157.59111 174.51443 0.98214895
--
car 135.75357 171.06387 184.5019 201.31726 0.5527872
car 160.91382 178.36649 188.50221 201.87764 0.64566845
car 354.0427 364.38083 129.56581 140.3286 0.9165562
car 297.87842 323.09323 160.6937 186.67783 0.95910853
car 355.9408 374.16638 156.77324 174.2389 0.96928215
car 322.62183 343.8197 161.64749 183.88171 0.96942765
--
car 135.41833 171.99855 184.41466 201.52025 0.5457749
car 353.27155 362.05194 126.021324 137.6283 0.6601263
car 160.9862 179.0763 187.79549 202.15419 0.71595776
car 322.0171 341.12534 161.31119 185.6992 0.894587
car 298.05722 323.77142 160.68385 187.4146 0.9218475
car 354.05487 364.0494 129.9733 140.22626 0.93972635
car 357.6389 374.13596 156.56607 173.10202 0.9731969
--
car 161.70995 179.72664 187.46155 201.88217 0.55255294
car 353.0858 361.70364 125.65085 137.58586 0.6161732
car 139.475 178.72708 183.7476 201.89415 0.6304749
car 298.14694 324.26254 160.24559 187.08331 0.92015755
car 321.22375 341.73123 160.65393 188.49602 0.9220532
car 354.0285 363.9011 129.9496 140.57758 0.94117826
car 358.38382 374.5574 155.64348 172.41609 0.9784344
--
car 353.1067 361.01352 125.90844 136.30501 0.4451138
car 162.32443 182.60464 187.39914 202.0828 0.62217027
car 139.45903 180.64268 183.31444 201.21245 0.714571
car 299.41953 325.63788 161.09138 187.99779 0.85201865
car 321.05737 341.5124 161.447 191.2433 0.89990807
car 360.44925 375.15536 154.00975 171.18852 0.91501665
car 353.49088 363.34357 130.48625 140.74083 0.96806514
--
car 162.18498 182.45645 187.51189 202.30974 0.57657135
car 139.63136 180.52747 183.44655 201.72874 0.7334397
car 299.60614 325.63025 161.2061 187.76883 0.8431938
car 321.24182 341.49506 161.51027 191.2736 0.8799757
car 360.4934 374.80573 154.3416 170.9641 0.9100335
car 353.52463 363.0691 130.74268 141.24968 0.96282023
--
car 162.5555 183.17 187.41345 202.07025 0.46400225
car 139.19421 181.03264 183.34317 201.65544 0.7589099
car 361.05447 374.93784 155.12169 170.08594 0.80880696
car 320.957 341.5482 162.46863 192.7285 0.8171792
car 299.4179 325.94095 162.29959 187.7113 0.8288817
car 353.46576 362.87018 130.57552 141.5185 0.9403953
--
car 139.77597 181.1633 183.5723 202.2084 0.7407914
car 299.88705 325.6623 162.36124 187.86969 0.794684
car 321.43738 341.68097 168.75865 193.08409 0.81243277
car 361.00443 375.9337 151.22043 169.69818 0.82508004
car 353.33868 362.84534 130.777 141.45659 0.9327285
--
car 140.04213 181.82962 183.43398 202.5634 0.72097373
car 361.34937 375.82004 151.2024 169.23616 0.77311856
car 300.18958 325.47253 162.58058 187.85733 0.7827244
car 353.1396 362.75296 130.95425 141.75328 0.92801034
car 321.00842 342.40585 169.1274 193.29561 0.93233657
--
car 168.74643 184.41458 188.13432 202.30223 0.40435866
car 142.40825 180.4178 183.89375 201.2312 0.7063076
car 300.2326 325.86346 162.5481 187.93356 0.71453273
car 362.90353 376.70316 151.31691 168.08415 0.84088886
car 353.08582 362.78528 131.1342 141.81764 0.9518296
car 319.92255 343.5262 168.88295 194.88339 0.95549256
--
car 169.84294 185.14409 188.33789 202.49841 0.4119162
car 142.81506 181.98361 183.56732 201.89204 0.7500462
car 300.97092 331.5203 160.90266 189.04715 0.80881137
car 363.07376 376.8969 151.04135 167.77858 0.92361265
car 319.35278 344.344 167.0393 196.73994 0.9351146
car 353.1164 362.68765 131.35727 141.69461 0.966386
--
car 169.93073 185.18956 188.3128 202.43959 0.38640913
car 143.06978 182.01906 183.56952 201.88438 0.7352625
car 301.04163 331.47513 161.0593 189.03352 0.7971992
car 362.92712 377.00977 151.00517 167.84589 0.9264046
car 319.40405 344.30148 167.02344 196.70535 0.9352304
car 353.1072 362.68475 131.41556 141.67487 0.96720755
--
car 145.55014 181.98042 182.81404 201.00482 0.54049027
car 300.98755 331.02057 160.89186 188.85193 0.7737755
car 319.32327 346.46893 165.63806 199.3411 0.93637854
car 352.8836 362.5782 131.32838 142.10605 0.9681257
car 363.96805 378.15298 149.58966 165.94275 0.972027
--
car 147.93646 187.26631 183.12645 202.33635 0.7270171
car 301.08176 330.50027 161.1902 188.44586 0.8431195
car 352.69116 362.3482 131.57901 142.15866 0.96669793
car 318.6609 347.309 167.16972 200.57268 0.96857023
car 364.2938 378.53574 149.25327 165.21619 0.97280777
--
car 300.84116 330.25278 160.86638 188.79108 0.8030394
car 147.88927 187.48311 183.22461 202.17029 0.8612792
car 352.47653 362.232 131.69695 142.25444 0.97028905
car 318.03024 348.02603 168.38014 201.95418 0.97095937
car 365.19177 378.11063 149.02034 164.46767 0.9726387
--
car 300.99716 330.7711 161.45053 188.81915 0.81069624
car 147.9049 189.13098 183.00163 202.33554 0.83296216
car 352.11005 362.18106 131.98534 142.17648 0.9597248
car 366.10764 378.50946 148.93643 163.99115 0.97467554
car 317.21808 348.88306 169.41504 204.5707 0.9747298
--
car 148.434 189.95631 182.05717 202.3548 0.6798209
car 300.53268 330.71185 161.79436 189.48663 0.84330946
car 351.88696 361.91702 131.93639 142.37805 0.9759725
car 316.34125 350.1248 169.0597 206.65843 0.9767051
car 366.1087 379.24808 148.94522 163.74164 0.98302937
--
car 148.5725 189.93475 182.1091 202.45474 0.7152887
car 300.33435 331.50446 161.96625 189.54549 0.8686463
car 316.24142 350.52145 169.20718 206.46323 0.97588617
car 351.90656 361.9466 132.23036 142.73483 0.98251677
car 366.08862 379.54492 148.98547 163.90562 0.98633236
--
car 150.24983 191.67181 181.69212 202.11507 0.7169575
car 299.75583 321.71185 162.64757 191.63019 0.90153486
car 315.19412 351.6815 168.95554 207.80988 0.94810617
car 351.82788 361.5462 132.11304 142.8737 0.9779789
car 366.98123 379.17972 147.19016 163.10168 0.98035413
--
car 150.78157 192.35089 180.92645 203.09563 0.7501888
car 314.22998 352.52393 169.0069 207.81781 0.85299283
car 298.93042 321.12662 162.55713 191.90987 0.92224264
car 351.81583 361.2756 132.42722 142.9062 0.9633465
car 367.3907 379.32892 146.86374 162.86401 0.9865128
--
car 152.05466 193.91705 180.70567 203.10358 0.58821136
car 311.0779 352.433 172.7136 210.64505 0.8888727
car 297.89777 320.76318 162.89265 191.4439 0.9325749
car 351.30518 360.8094 132.65958 143.08212 0.96818817
car 367.7844 379.62747 146.09927 162.50415 0.98309904
--
truck 152.76569 193.76613 180.05087 202.80275 0.6078953
car 297.31375 319.91544 163.08675 191.80035 0.8215885
car 310.06232 352.56042 173.64523 212.01624 0.86764956
car 351.1119 360.5999 133.18266 143.18587 0.9726987
car 368.21185 379.75836 146.30005 161.39915 0.9813094
--
car 156.30865 198.09186 181.6197 202.1626 0.8104641
car 296.01413 319.815 163.66566 192.05728 0.9001304
car 308.26398 353.2586 175.8855 212.75278 0.9484911
car 350.84265 360.31833 133.05823 143.1562 0.9661625
car 368.95776 379.84235 146.59921 160.2932 0.9731014
--
car 157.1187 198.74292 181.20906 201.83426 0.86278945
car 293.5064 319.50476 163.70378 192.6431 0.90122986
car 369.88104 381.00232 146.92032 159.35504 0.917967
car 305.7352 355.0216 177.30743 215.68904 0.9606917
car 349.9223 359.56934 133.37982 143.49692 0.9608533
--
car 156.37453 201.3545 180.10733 201.64671 0.8299102
car 293.28168 319.10214 163.4594 193.45609 0.8687831
car 369.96478 382.47043 143.50777 158.2214 0.9111718
car 305.08667 355.04858 179.44386 219.31775 0.9410224
car 349.45898 359.61996 133.96146 143.54347 0.9568122
--
car 156.78014 202.34724 179.87674 201.89249 0.8905671
car 293.59436 320.19766 164.99875 192.31218 0.91374016
car 349.41254 359.30508 134.25842 143.59532 0.9382288
car 370.2096 382.9261 143.35542 157.95224 0.94940245
car 304.32693 354.70593 180.16527 220.01268 0.97541916
--
car 293.19275 320.4535 164.71085 192.08968 0.8532106
car 157.39578 204.31865 179.8382 202.08177 0.8783318
car 349.55463 359.14432 134.15233 143.89215 0.94223094
car 370.0752 382.8587 143.22302 157.48108 0.9580083
car 302.70294 354.21423 180.9764 220.51323 0.9753875
--
car 292.47513 320.52628 165.06905 191.71196 0.7753357
car 158.1299 204.56264 179.78456 202.23659 0.89560443
car 349.21106 358.82654 133.92096 144.05478 0.9265674
car 370.3354 383.18854 143.3711 157.2899 0.9619593
car 300.08752 354.44186 181.4052 221.77051 0.9733314
--
car 292.44968 320.7631 164.97392 191.77524 0.76813734
car 158.12943 204.54045 179.77621 202.23416 0.8875666
car 349.23245 358.88925 133.878 144.08606 0.9250541
car 370.36697 383.1673 143.38971 157.1939 0.96347594
car 300.04266 354.45605 181.51169 221.77745 0.9749512
--
car 158.93489 206.07072 179.02914 202.16623 0.6877326
car 291.4956 319.6007 165.18173 191.66519 0.8260146
car 348.26007 358.56976 134.7324 144.5334 0.87176263
car 294.22415 355.14694 185.0684 226.28679 0.9317624
car 370.44135 383.39185 142.87541 156.41891 0.9672852
--
car 164.9766 207.43503 179.68547 201.61186 0.7481396
car 291.20102 320.05212 165.61647 191.53238 0.7482893
car 347.99973 358.3849 134.77632 144.92003 0.80832285
car 290.49994 355.08234 186.4842 228.2826 0.8656939
car 370.744 383.40976 143.21729 156.49556 0.954215
--
car 290.30585 317.35733 170.41362 194.51251 0.7477661
car 164.1044 208.0096 178.8764 201.92566 0.78842306
car 348.0157 358.4119 134.13904 144.82661 0.81568986
car 289.61566 353.60422 188.66078 230.76752 0.83548385
car 370.45862 383.40674 142.55482 156.1702 0.9652339
--
car 286.03873 350.53287 189.69336 233.25136 0.6583155
car 347.781 358.1387 133.71686 145.12894 0.70823234
car 290.39777 321.16864 165.87674 190.86708 0.77232593
car 164.16312 209.74208 178.69077 201.93173 0.86982197
car 370.82285 383.43045 142.39433 155.71793 0.97123545
--
car 281.62286 352.51086 196.86247 238.0485 0.5679072
car 347.32983 357.9262 133.95178 145.67928 0.72828233
car 289.8194 318.1216 165.16 191.62787 0.83263737
car 163.21259 210.92058 177.9898 202.05243 0.8532418
car 370.9209 383.55905 142.30798 155.57115 0.9751918
--
truck 283.75232 349.60687 192.1081 235.24986 0.5722111
car 347.27667 357.92072 133.99998 145.72905 0.72093266
car 290.5802 320.36618 165.83727 190.70238 0.814499
car 163.16843 210.93466 177.94768 202.08308 0.8508197
car 370.90186 383.55435 142.30458 155.55167 0.97551906
--
car 347.66504 356.94254 134.25583 145.92589 0.57257074
car 279.8816 351.55515 197.80255 237.8511 0.8467819
car 164.01535 213.55482 177.9248 202.45647 0.85572195
car 289.5218 318.42538 165.35957 191.66145 0.8728948
car 370.98495 383.72388 141.79308 154.74797 0.9712967
--
car 347.70612 356.9914 134.28996 146.00058 0.46462214
car 165.54929 214.1686 177.78044 202.59671 0.695557
car 271.22156 348.10065 196.6537 239.63776 0.82368004
car 289.83267 318.0554 165.39156 191.95486 0.8934987
car 371.16696 383.66022 141.89359 154.44293 0.95186365
--
car 347.10474 357.00995 133.99498 146.31651 0.39814025
car 166.96687 213.99733 177.73404 202.75443 0.62253505
car 267.6609 346.04678 196.15608 240.98863 0.8697282
car 371.16092 383.74396 141.42485 153.83655 0.9206226
car 289.56937 318.4341 165.14561 192.40065 0.9261299
--
car 344.18576 355.20877 135.26477 146.71526 0.51250607
car 167.16156 213.90878 177.67928 202.55766 0.7951978
car 266.5444 343.09387 196.13469 243.04858 0.8469934
car 289.59976 318.50632 165.48882 192.19122 0.9077988
car 371.4216 383.9855 141.05199 153.41994 0.95209026
--
car 344.35687 355.08658 135.23053 146.91031 0.6481355
car 167.39325 215.16782 177.6979 202.65233 0.77598286
car 261.48044 337.90402 196.47902 245.95479 0.80443037
car 289.53387 318.6015 165.65279 191.97778 0.90089995
car 371.6861 384.05505 141.04402 153.10742 0.936165
--
car 344.30893 355.03415 135.24239 146.83696 0.64077187
car 167.27467 215.33376 177.68335 202.6068 0.7679892
car 261.5575 337.91333 196.74164 245.67882 0.81388867
car 289.51474 318.6239 165.6721 192.02505 0.911877
car 371.58807 384.11194 141.12744 153.23195 0.93810415
--
truck 251.87793 334.216 196.00528 250.05574 0.77306724
car 371.7419 383.96707 140.36649 152.12997 0.7358409
car 289.3728 318.8971 169.59186 194.65808 0.82074046
car 167.29489 216.24164 177.49062 202.83195 0.8434697
car 343.9249 354.70975 135.29901 147.17639 0.88680923
--
truck 249.30293 332.10895 194.97748 252.1241 0.8524523
car 372.0736 383.56015 140.04472 151.25577 0.65716577
car 168.28947 216.26471 177.06612 202.99295 0.807028
car 289.83582 318.24698 165.1953 192.86041 0.8308845
car 343.99594 354.48114 134.94983 147.25984 0.8792447
--
truck 239.37793 324.65765 190.0477 254.93489 0.9116298
car 374.0098 384.69464 139.5774 151.03905 0.7735761
car 171.51881 219.73466 174.89294 201.07997 0.802965
car 290.1406 317.92926 165.19809 192.34636 0.86206436
car 343.31607 354.27728 134.81036 147.54391 0.9470891
--
truck 230.8702 319.06134 192.67816 255.92297 0.81265646
car 172.06917 219.44362 175.4206 200.77429 0.80657685
car 374.03702 384.86163 139.67937 150.75322 0.84168607
car 290.15973 318.0032 165.12985 192.3605 0.8548248
car 343.55453 353.85004 135.22662 147.30075 0.9570585
--
truck 230.74582 319.3329 192.63368 256.23315 0.8446124
car 172.09462 219.55 175.44827 200.80115 0.7984096
car 373.97443 384.93555 139.5759 150.83446 0.8452587
car 290.16412 317.95374 165.19539 192.42226 0.8731304
car 343.5711 353.89868 135.2382 147.29343 0.95901245
--
truck 224.67165 316.38098 196.71724 258.10654 0.7031169
car 374.56778 384.53165 139.46251 149.94226 0.78620094
car 173.27625 220.872 174.94223 200.75545 0.82765645
car 290.0563 318.04437 165.18143 192.61426 0.8667988
car 342.51605 353.08252 134.78647 147.48807 0.91958416
--
truck 218.26271 311.78 199.98903 259.59338 0.5900056
car 290.0036 318.12112 164.95088 193.0817 0.81198853
car 173.26796 220.35968 175.56541 200.54701 0.872795
car 374.7172 384.75372 139.46683 149.77667 0.8771314
car 342.41724 353.10992 135.04756 147.39038 0.9384171
--
car 217.22102 307.20633 202.74956 259.44244 0.68008137
car 290.03644 318.08572 165.0386 193.14838 0.73953766
car 172.9354 220.86697 175.30933 200.6093 0.8217975
car 374.92883 385.05737 139.41277 149.55534 0.9119334
car 341.76334 352.4917 135.06778 147.73712 0.9259955
--
car 289.79184 318.2578 164.6845 193.48567 0.7930527
car 204.09221 309.1821 202.64441 262.11993 0.81242096
car 375.17096 385.074 139.26897 149.73865 0.8928879
car 173.05182 221.2154 175.3511 200.73624 0.9010512
car 341.43793 352.01178 134.31845 148.56577 0.94689995
--
car 201.09152 303.42126 200.77162 266.64697 0.72142303
car 375.52448 384.50433 139.26802 149.34079 0.75425607
car 289.67535 318.28522 164.63707 193.48206 0.8270509
car 173.14938 221.88516 175.2671 200.8026 0.917888
car 341.28473 351.76633 134.35907 148.41237 0.9570953
--
car 201.04758 303.67807 200.67116 266.69617 0.682036
car 375.57986 384.46152 139.3204 149.37892 0.7732458
car 289.63696 318.32526 164.65073 193.46452 0.8260598
car 173.19235 221.96315 175.2237 200.81076 0.91615087
car 341.22766 351.6724 134.48213 148.35144 0.9592624
--
car 199.4981 289.55096 210.10664 272.34366 0.40228876
car 289.8053 318.14304 164.60326 193.67545 0.766482
car 375.602 384.93808 139.19788 149.10173 0.7805515
car 340.7656 350.6581 134.75412 148.49109 0.87154
car 173.61366 222.07033 175.18819 200.04909 0.9175718
--
car 289.84793 318.20602 164.53166 193.84706 0.789209
car 375.47696 385.26453 138.97823 149.06998 0.8353856
car 174.30733 222.96457 175.05302 199.96555 0.8902833
car 340.27496 350.54483 134.55104 148.73372 0.90648615
--
truck 176.84633 292.09427 216.3668 279.21817 0.58661556
car 376.04745 385.07288 139.20377 148.90184 0.6551163
car 289.8899 318.13174 164.5124 193.95045 0.76684606
car 339.98575 350.3354 134.56735 149.09428 0.8830808
car 174.96814 223.1587 174.64621 200.14253 0.89211273
--
truck 174.9186 283.20605 204.05968 287.8794 0.3199373
car 376.96805 384.84714 139.04362 148.81618 0.45683265
car 289.94632 318.11725 164.70633 193.73376 0.73134923
car 175.21162 223.42274 174.43219 199.64261 0.83027834
car 339.4306 349.9014 133.993 150.04297 0.8401015
--
truck 164.79208 270.7736 204.14355 287.4357 0.50663185
car 376.94574 385.61652 139.00168 148.33841 0.56719536
car 289.79208 318.22852 164.66696 193.74258 0.79783314
car 175.28915 223.37062 174.66026 199.38042 0.89505154
car 339.12833 349.89944 136.60472 150.80298 0.89771295
--
truck 164.87381 270.72406 204.36197 287.60178 0.48088935
car 376.93118 385.63718 138.94865 148.37334 0.5583288
car 289.77927 318.23157 164.60463 193.79012 0.74490505
car 175.24286 223.35333 174.64992 199.4246 0.8980414
car 339.13596 349.89838 136.53745 150.85864 0.9019763
--
car 158.12006 269.88535 210.74942 288.17368 0.52419
car 377.45154 387.70047 135.88307 147.9361 0.58349836
car 289.73993 318.25262 164.57547 193.8346 0.750258
car 175.27368 223.45616 174.54509 199.91188 0.8645367
car 338.78525 349.73303 136.79633 150.95544 0.9158129
--
truck 154.30853 268.7304 205.27332 290.239 0.5748739
car 377.7205 387.7979 136.0701 147.9158 0.4847922
car 289.73163 318.2396 164.72075 193.71996 0.75371957
car 174.92738 223.70218 174.8579 200.24194 0.8751065
car 338.3058 349.63315 136.51588 151.03143 0.9202358
--
truck 147.4631 261.74585 207.06229 290.56766 0.66656697
car 378.12967 388.17654 136.27548 147.68889 0.5131904
car 289.76053 318.20596 164.53319 193.94461 0.74940926
car 175.58963 222.6869 174.87697 200.2151 0.9102648
car 337.8265 349.32254 136.89212 151.09642 0.9150348
--
car 378.21094 388.41025 136.30739 147.53716 0.56814957
car 337.57806 348.85434 137.41447 151.06871 0.8048441
car 289.68073 318.26755 164.56474 193.935 0.80581605
car 144.31448 256.32855 212.02783 294.36157 0.8307291
car 175.96516 221.77979 174.93246 200.12274 0.9012149
--
car 378.39026 388.95877 136.12608 147.48872 0.5422878
car 141.05238 249.07628 213.94524 298.3398 0.7579364
car 289.7162 318.2703 164.6157 193.88773 0.77485025
car 337.02173 348.76984 136.79222 151.70769 0.788751
car 176.53517 221.91898 174.65344 199.46683 0.89836997
--
car 335.3005 346.49832 139.61417 150.914 0.59720445
car 378.65198 388.98553 136.15286 147.23471 0.6276523
car 289.80746 318.2019 164.80014 193.70448 0.7167686
car 176.22665 222.9402 174.90851 200.26935 0.8156607
--
car 379.0823 388.983 136.31396 147.0827 0.48047122
car 335.20312 346.55756 139.86198 151.26572 0.67685413
car 289.82013 318.2 164.77037 193.72826 0.71746457
car 176.30576 223.01527 174.80493 200.39896 0.82881165
--
car 379.08572 388.99808 136.52011 147.11833 0.53356516
car 118.09883 227.25096 217.27208 301.6808 0.7115119
car 290.02972 317.9219 164.84186 193.79552 0.80081505
car 335.41776 346.30978 139.90617 151.51486 0.82646286
car 175.91898 222.57071 174.86845 200.02518 0.91595286
--
car 379.0378 389.36234 136.4021 147.12651 0.63286567
car 290.06042 317.9086 164.90543 193.72615 0.76794624
car 175.83047 223.52954 174.81413 200.41077 0.8549487
car 335.1592 346.12704 139.69653 151.66603 0.8858939
--
car 379.21106 389.51852 136.2256 146.99442 0.6919996
car 290.08707 317.885 164.94624 193.68309 0.75654
car 175.73094 223.92499 174.85756 200.57137 0.80176616
car 334.78848 346.07587 139.52086 151.91 0.9398196
--
truck 104.52789 207.91689 222.15698 309.4671 0.33149126
car 379.21442 389.54846 136.20546 147.01057 0.69162565
car 290.0871 317.8865 164.94545 193.68005 0.75672007
car 175.7349 223.78 174.8252 200.48128 0.79702216
car 334.79147 346.07986 139.36845 151.95143 0.941652
--
car 379.58878 389.8219 135.89215 146.88718 0.66057754
car 175.739 223.439 174.57816 200.88766 0.7282223
car 290.1155 317.87057 164.94644 193.69426 0.73325074
car 333.9868 345.6828 140.43277 152.57016 0.9328241
--
truck 87.4378 195.6092 221.20894 318.31537 0.3438965
car 379.7812 390.0208 135.98651 146.82997 0.53754014
car 175.95265 223.08366 174.60469 200.85374 0.7253612
car 290.10864 317.8803 164.94795 193.68262 0.74235445
car 333.9539 345.63205 140.51193 152.85509 0.93295336
--
car 380.04156 390.29562 136.08894 146.7573 0.55104834
car 176.05946 223.05537 174.61601 200.92209 0.6755214
car 290.12186 317.86816 164.9761 193.66133 0.73682994
car 333.68246 345.31516 141.35356 153.0308 0.9506326
--
car 380.29947 390.2636 135.83679 146.6494 0.6377141
car 176.00739 223.19058 174.6409 200.89236 0.6581975
car 290.13522 317.85727 164.96996 193.6654 0.74180645
car 333.14453 344.81393 141.46384 153.48662 0.9373816
--
truck 65.73424 173.82718 237.91734 330.39615 0.39811563
car 175.96767 223.38493 174.68196 200.87718 0.6423799
car 380.53632 390.24622 135.77878 146.44717 0.69470143
car 290.12924 317.87024 164.94518 193.69574 0.75534254
car 332.9618 344.6219 141.08104 153.84668 0.9355916
--
truck 65.702866 173.81921 237.95438 330.69653 0.38934615
truck 176.5474 223.1067 176.96613 202.35722 0.6319157
car 380.56113 390.30777 135.81602 146.4221 0.7069517
car 290.13745 317.85242 164.95688 193.68938 0.7664208
car 332.87637 344.51263 141.03857 153.7956 0.9463296
--
truck 176.41588 223.38959 176.87054 202.42009 0.63008064
car 381.2332 389.86426 135.72888 145.93207 0.69135475
car 290.25635 317.74445 165.12189 193.53636 0.77507055
car 332.17776 343.8949 142.00099 154.39928 0.94539535
--
truck 176.28745 223.53925 176.87717 202.43964 0.6432295
car 381.4418 390.17053 135.75009 146.03058 0.7382174
car 290.23224 317.7783 165.09666 193.55269 0.7888469
car 331.5566 343.49066 141.96695 154.66862 0.90604734
--
truck 176.19176 223.73207 176.9141 202.36807 0.6474907
car 290.2927 317.8048 164.94095 193.67915 0.8080864
car 380.9675 390.83792 135.36118 145.66043 0.8168781
car 330.4122 343.19672 141.75157 154.86485 0.95542383
--
truck 38.5716 141.86629 244.04189 346.2809 0.47260672
truck 176.16283 223.65692 176.84998 202.43906 0.66894305
car 381.23477 390.94662 135.0665 145.45244 0.7623396
car 290.32498 317.78177 164.99097 193.62039 0.79111147
car 330.2859 343.06796 142.007 155.02795 0.96284604
--
truck 36.65992 134.99393 247.21838 346.76254 0.44633037
truck 176.1224 223.64612 176.90335 202.38893 0.66826475
car 381.5191 390.65063 135.03844 145.27039 0.7127218
car 290.29974 317.81033 164.99963 193.5925 0.79713035
car 330.44916 342.9548 142.1936 155.11555 0.96477556
--
truck 36.543648 134.80507 247.08922 346.59042 0.4100445
truck 176.13179 223.64426 176.89551 202.39589 0.6679039
car 381.5313 390.70856 135.02646 145.25478 0.732954
car 290.28522 317.8252 164.98067 193.61627 0.80066824
car 330.46896 342.99033 142.11168 155.09267 0.9662104
--
truck 176.09058 223.79256 176.93771 202.34956 0.6423439
truck 19.049084 110.05537 251.7215 351.91504 0.64822805
car 381.89044 391.4364 134.70425 144.62639 0.73252434
car 290.2146 317.8759 164.91243 193.6697 0.8403505
car 328.70694 342.50003 143.06798 156.90521 0.92679745
--
truck 16.484785 105.182465 254.18666 349.81723 0.4603619
truck 176.04445 223.85892 176.92601 202.3649 0.6429442
car 382.1723 391.24393 134.86298 144.56223 0.72250116
car 290.20453 317.8836 164.90155 193.69249 0.83806044
car 328.19055 342.36298 142.85443 156.94319 0.9399415
--
truck 176.0484 223.85846 176.91434 202.38138 0.642702
car 382.43643 391.32 135.2204 144.56589 0.6255857
car 290.21228 317.88058 164.9484 193.62769 0.8336217
car 329.11313 341.8133 142.47131 156.91621 0.94272983
--
truck 175.9819 223.95416 176.92377 202.37335 0.6474587
truck 7.824136 87.26728 251.68599 355.4827 0.7080519
car 382.68768 391.34222 134.99078 144.54497 0.6141459
car 290.2141 317.8869 164.91444 193.65111 0.83171743
car 328.23126 341.37503 141.8877 156.98 0.9541435
--
truck 175.98064 223.95578 176.92578 202.36955 0.6462191
truck 7.952718 87.415535 251.78636 355.4589 0.6879851
car 382.6528 391.3688 135.00342 144.5774 0.6307765
car 290.20248 317.89523 164.90253 193.67049 0.8360008
car 328.25296 341.31177 141.89357 156.99745 0.95048094
--
truck 4.3634105 75.48692 250.7682 358.75598 0.49088648
truck 175.91014 224.13852 176.92252 202.37122 0.63945687
car 382.49576 395.01733 132.97668 144.9784 0.59770286
car 290.20914 317.8892 164.93073 193.60504 0.8316564
car 326.96033 340.74084 142.30528 157.9553 0.9525176
--
truck 0.22320628 68.72602 252.21768 357.05902 0.4702026
truck 175.90047 224.11363 176.92793 202.36063 0.63699335
car 382.62338 395.62497 132.80511 144.80481 0.6242094
car 290.21756 317.88995 164.94824 193.57304 0.8309958
car 326.72797 340.55453 141.7156 158.14604 0.95806146
--
truck 175.89761 224.14787 176.92953 202.35744 0.63715774
car 382.64062 395.63007 132.85612 144.71634 0.5729031
car 290.205 317.89722 164.9371 193.60297 0.8316763
car 326.77838 340.44 142.1318 158.40923 0.9298731
--
truck 175.74078 224.53384 177.01749 202.27013 0.6292346
car 382.78848 395.31992 133.008 144.6209 0.71853554
car 290.2003 317.90854 164.9049 193.57773 0.83879393
car 326.0286 340.52893 142.16212 158.90497 0.9192699
--
truck 175.81 224.4758 177.06828 202.22385 0.6331279
car -1.5376407 47.053505 266.40115 358.30643 0.41176212
car 383.42032 394.44662 133.5323 144.35936 0.73130786
car 290.11713 317.97113 165.2346 193.22069 0.81129295
car 326.11212 340.17932 142.52164 158.9599 0.8795937
--
truck 175.89099 224.8254 176.96399 202.37631 0.6720552
car 383.59164 394.11465 133.69604 144.14917 0.6451183
car 291.19583 319.1189 165.59375 192.36415 0.7315035
car 326.4822 339.9049 142.64555 158.67033 0.82548994
