--
car 78.730644 89.795105 37.589806 47.779102 0.39282516
car 459.15665 477.88937 48.309166 63.711536 0.42839986
car 428.52185 475.4138 93.88362 141.60342 0.8757762
--
car 458.98068 478.0799 48.143486 63.865253 0.37895235
car 78.849205 89.59594 37.478912 47.87007 0.4163814
car 428.15067 475.3351 93.873886 141.51807 0.89768595
--
car 458.9966 478.13257 47.978508 63.745262 0.3734848
car 79.118744 89.69639 37.303585 48.12795 0.51940864
car 428.2683 475.5146 93.851974 141.54353 0.8920052
--
car 458.89642 478.29333 47.85766 63.8199 0.367727
car 78.99811 89.59715 37.335197 48.23237 0.6399148
car 428.2433 475.4773 93.67987 141.44643 0.89762145
--
car 458.9108 478.35934 47.813175 63.733276 0.37181997
car 78.95658 89.59444 37.2883 48.244385 0.64633876
car 428.1457 475.586 93.78849 141.6019 0.897428
--
car 458.85916 478.44858 47.8074 63.818275 0.38160098
car 78.46011 90.08183 36.839615 48.403217 0.84779197
car 428.28183 475.60922 93.726555 141.64323 0.8964229
--
car 458.94287 478.26755 47.68724 63.718674 0.3623334
car 78.72932 90.26529 37.41401 48.43336 0.7688813
car 428.27734 475.61398 93.816055 141.65555 0.8987963
--
car 458.95016 478.20938 47.678104 63.74204 0.34704688
car 78.74519 90.24621 37.39376 48.45388 0.7587528
car 428.2673 475.63904 93.83708 141.63066 0.89493835
--
car 459.21173 477.66104 47.46051 63.52913 0.38617316
car 78.810074 90.84867 37.462143 48.717102 0.85708654
car 428.26273 475.61035 93.93124 141.5458 0.89445335
--
car 459.2049 477.76663 47.48559 63.526188 0.4007437
car 78.76387 90.81282 37.50227 48.72075 0.8510708
car 428.39365 475.59296 93.84338 141.56694 0.8796749
--
car 459.18848 477.857 47.51065 63.524284 0.41031107
car 78.768105 90.82179 37.417892 48.695023 0.8546752
car 428.40976 475.5553 93.884224 141.52762 0.87938654
--
car 459.2413 477.8405 47.428993 63.732994 0.37402296
car 79.43762 90.97124 37.20096 49.121857 0.8759863
car 428.42624 475.57623 94.19178 141.52199 0.8870837
--
car 79.45787 91.35077 36.925777 49.94509 0.8406077
car 428.53638 475.69675 94.43974 142.13278 0.8812782
--
car 79.4585 91.34805 36.88707 49.949856 0.84184945
car 428.49338 475.71817 94.39501 142.00665 0.8834597
--
car 79.82172 91.90389 37.64191 50.06083 0.8536353
car 428.7069 475.8008 94.30459 141.97374 0.8892328
--
car 475.0769 479.93524 52.657314 72.41986 0.4359001
car 80.60719 92.284096 38.56018 50.401455 0.81607443
car 428.77493 475.65988 94.05693 141.9917 0.8629394
--
car 475.03357 479.90363 52.747078 72.22101 0.43313968
car 80.55674 92.26873 38.41317 50.41025 0.7923077
car 428.749 475.60928 94.1283 141.96909 0.8724996
--
car 459.3312 477.5115 46.827744 63.911934 0.32677513
car 473.9428 479.87033 52.860332 72.05471 0.52739847
car 80.95992 92.711235 38.567562 50.2987 0.8451011
car 428.73254 475.5986 94.19144 141.91669 0.8605239
--
car 459.63632 476.56494 46.114086 64.19889 0.41142797
car 466.48407 479.45056 42.547844 70.861305 0.4614297
car 470.65454 480.1368 52.963913 71.85837 0.739008
car 428.58313 475.6708 93.85195 141.85023 0.8657198
car 81.48317 93.232704 38.486362 50.332478 0.9004697
--
car 459.8469 475.8974 46.605915 64.245 0.36453614
car 469.3006 480.5724 52.983498 71.6386 0.78832954
car 428.52634 475.67084 93.65092 141.8242 0.86767393
car 81.73526 93.43118 38.835663 50.682365 0.9201395
--
car 459.93585 475.94092 46.545425 64.27984 0.37291664
car 469.3268 480.567 53.023796 71.66831 0.80399853
car 428.52716 475.6702 93.66193 141.77208 0.8553983
car 81.7797 93.45618 38.810223 50.748005 0.9148446
--
car 460.08112 475.54993 46.987442 63.767265 0.3324551
car 468.34497 480.82095 53.37735 71.75682 0.74212587
car 428.46814 475.70535 93.42642 141.82368 0.8490107
car 81.96866 93.90766 38.938023 51.383648 0.92191434
--
car 467.0877 480.66977 52.90264 72.05598 0.60050863
car 428.41388 475.6048 93.445435 141.82538 0.8562457
car 82.44477 94.81698 39.120747 51.79642 0.92751515
--
car 467.0879 480.68304 52.95981 72.03669 0.606084
car 428.38687 475.62686 93.440674 141.81184 0.85913754
car 82.40318 94.727165 39.0343 51.827312 0.9410905
--
car 463.77826 479.5517 42.957985 72.22079 0.52577746
car 428.9517 475.47815 93.20827 142.0222 0.8558807
car 82.74476 95.55596 38.800743 52.1996 0.9619504
--
car 462.71335 480.20874 49.726818 73.630226 0.5034348
car 428.8607 475.49225 92.986885 142.02736 0.8651408
car 83.11776 95.97322 39.03045 52.637283 0.97115505
--
car 462.69302 480.22693 49.66021 73.62948 0.503652
car 428.82748 475.52557 92.9745 142.04172 0.8634245
car 83.131966 95.899506 39.07377 52.60632 0.973028
--
car 460.56592 479.53348 48.571247 74.0922 0.74767494
car 428.74554 475.54056 93.01446 141.98753 0.8646894
car 83.73335 96.49759 39.66331 52.91191 0.97311896
--
car 460.52924 479.54718 48.556847 74.065285 0.743576
car 428.78815 475.51602 93.01048 141.98474 0.8615005
car 83.68155 96.44448 39.52919 52.95138 0.9752831
--
car 460.53952 479.54254 48.55298 74.05245 0.7757406
car 428.78705 475.52417 93.01707 141.98761 0.8615029
car 83.70546 96.42166 39.529858 52.92421 0.97558177
--
car 459.74835 479.24435 48.916508 74.09661 0.8267269
car 428.6634 475.57642 93.22884 142.06895 0.87483865
car 84.02027 96.734985 39.670403 53.35414 0.97373563
--
car 428.53796 475.546 93.17838 141.98668 0.88419473
car 458.03992 479.30145 49.305996 74.41911 0.9279192
car 83.99193 97.12045 39.549683 53.550995 0.96975297
--
car 428.54816 475.54733 93.13808 141.99968 0.8840996
car 458.0805 479.44473 49.141792 74.47515 0.9328609
car 83.99007 97.10348 39.50327 53.611206 0.9699543
--
car 428.56857 475.446 93.17542 142.00665 0.88095033
car 456.20035 479.17667 49.61946 74.51094 0.95232517
car 84.25142 97.85246 39.62936 54.46178 0.9599707
--
car 428.5281 475.48303 93.16539 141.95651 0.86699516
car 454.88928 477.84933 51.02726 74.51011 0.8766744
car 84.78591 97.88508 39.761578 54.818195 0.9035212
--
car 453.31873 476.52438 51.466274 74.59624 0.75796807
car 428.44003 475.42807 93.150246 141.93338 0.8747919
car 87.03562 99.907265 40.435898 55.229313 0.9547931
--
car 451.9994 477.05704 51.640697 74.67632 0.7298917
car 428.4803 475.45718 93.41574 141.56915 0.82708406
car 87.24009 99.86539 40.54321 54.870026 0.9533709
--
car 428.39233 475.37656 93.19844 141.65892 0.8294727
car 451.39978 476.08 50.896595 75.08018 0.91525525
car 86.767136 100.488945 40.598015 55.65272 0.97283125
--
car 128.92618 138.54942 24.929287 33.75755 0.30918893
car 428.11795 475.51178 93.714676 141.79465 0.85393256
car 449.84134 475.00333 51.548367 75.704414 0.90661335
car 87.23747 101.12063 40.341488 56.35861 0.97716117
--
car 129.16684 138.55573 25.028803 33.781227 0.30609235
car 428.09213 475.5248 93.7172 141.81534 0.8551269
car 449.87616 474.93646 51.591873 75.70798 0.91207033
car 87.188194 101.13561 40.290375 56.412132 0.9770623
--
car 428.23825 475.38712 94.27482 141.8346 0.83108234
car 448.06894 473.14926 53.96368 76.50624 0.9255155
car 87.64976 101.718834 40.32629 57.05462 0.9746166
--
car 428.0652 475.4001 94.285484 141.71327 0.81485283
car 88.21055 102.26286 40.686535 57.665424 0.9657969
car 445.6438 472.19913 54.8505 77.74098 0.9689522
--
car 428.11694 475.39542 94.22461 141.695 0.8099505
car 88.18898 102.30133 40.707497 57.66037 0.96467954
car 445.56964 472.0608 54.951912 77.706345 0.9660879
--
car 129.19466 138.56776 25.13312 33.74801 0.30172774
car 427.90625 475.4284 94.51963 141.53079 0.8129825
car 88.45456 102.77262 40.69561 58.501682 0.92499363
car 442.85443 470.2308 55.287636 78.631996 0.9725849
--
car 129.1194 138.60197 25.093597 33.755688 0.31920937
car 459.10336 479.73386 46.4458 63.035275 0.36777425
car 427.93338 475.51276 94.82236 141.32162 0.7780512
car 89.77074 103.3243 41.20496 58.275337 0.9164252
car 441.75 467.12286 56.21982 78.84247 0.9849359
--
car 129.11467 138.61032 25.106434 33.762947 0.31413642
car 459.1598 479.66006 46.489994 63.08745 0.34910008
car 427.8987 475.58127 94.80918 141.34132 0.7826421
car 89.745255 103.29852 41.211304 58.26245 0.9181225
car 441.75024 467.14532 56.230347 78.81338 0.9852041
--
car 129.13388 138.66667 25.107508 33.757366 0.30299443
car 458.9187 479.77264 46.485588 63.437515 0.5910675
car 427.9737 475.9593 94.89601 141.29794 0.8018434
car 89.46345 103.311676 42.77268 60.86615 0.9636304
car 439.44763 466.6248 56.3515 79.16314 0.9876423
--
car 129.08511 138.7223 24.992733 33.80332 0.30665687
car 459.05493 479.59686 47.043167 63.23459 0.638006
car 428.14948 475.93555 94.80259 141.41647 0.7948174
car 90.00439 103.98426 43.224106 61.003986 0.97566223
car 437.2323 465.32394 55.713646 79.725586 0.9817452
--
car 458.95908 478.93857 46.746315 63.245304 0.54872006
car 428.292 475.59787 94.72397 141.55914 0.82321024
car 437.40887 465.1225 55.617443 79.74196 0.9786915
car 90.06458 103.79145 43.109344 61.04035 0.98023254
--
car 459.16095 478.58585 47.127728 63.71938 0.53372306
car 428.27426 476.0098 94.63258 141.51596 0.8183014
car 90.40664 104.8028 43.893085 61.21286 0.9788108
car 434.58188 463.7116 54.80785 80.27695 0.98462474
--
car 459.2513 478.10065 47.311436 63.63446 0.5184568
car 428.26855 475.90808 94.6929 141.57071 0.8138975
car 431.9084 461.32397 54.768867 81.26877 0.97498554
car 91.20373 106.19869 44.620415 61.851955 0.97823894
--
car 459.27 478.13657 47.316013 63.6862 0.5151941
car 428.2444 475.90558 94.75328 141.57971 0.82433647
car 431.89896 461.38226 54.763897 81.22911 0.9751338
car 91.12994 106.12173 44.717777 61.81878 0.9782291
--
car 459.292 478.11926 47.328007 63.713634 0.50882477
car 428.28128 475.9189 94.72221 141.61328 0.8229612
car 431.8955 461.34848 54.733093 81.26515 0.97602403
car 91.121414 106.146935 44.710464 61.83883 0.97782856
--
car 459.01917 478.29944 47.155792 63.54719 0.49590868
car 428.03992 475.69403 94.34836 141.57378 0.8229812
car 91.95254 107.15395 45.08788 62.50756 0.9746789
car 429.9408 460.0217 57.431675 82.79052 0.9809318
--
car 459.05615 478.18542 47.354095 64.13767 0.4451999
car 428.2705 475.46524 94.17433 141.60287 0.8139633
car 426.9754 460.3112 56.52488 83.56251 0.9467934
car 92.51528 107.690895 45.015675 63.13468 0.9778749
--
car 459.0559 478.1538 47.356487 64.0705 0.45358098
car 428.2446 475.41898 94.20156 141.58261 0.80441266
car 426.97415 460.31506 56.493282 83.595055 0.9494173
car 92.49887 107.70323 45.037506 63.187866 0.977798
--
car 458.8901 478.39325 47.235744 63.694744 0.53638566
car 428.63562 475.2733 93.98589 141.59239 0.7694919
car 93.09643 107.995865 45.365562 64.32484 0.9607587
car 423.44193 458.76367 56.875828 84.13178 0.96676165
--
car 459.00607 478.3622 47.02869 63.63345 0.5041975
car 428.793 475.17523 94.02375 141.59114 0.7421727
car 92.82475 108.39812 45.77604 65.1771 0.9164118
car 419.94086 456.74695 57.33655 84.52147 0.966549
--
car 458.95993 478.35086 47.102695 63.66377 0.49423638
car 428.7682 475.18445 94.02334 141.5786 0.7486328
car 92.86508 108.37848 45.747166 65.23681 0.91405356
car 419.9975 456.74203 57.408215 84.5003 0.9620865
--
car 458.88428 478.41122 47.10124 63.796036 0.51298714
car 429.03357 475.51666 93.46593 141.21298 0.66958535
car 92.901474 112.17467 46.127956 65.27809 0.9289035
car 418.58008 452.92203 57.734333 84.985344 0.9764736
--
car 459.0898 477.3567 47.310722 63.59497 0.43537062
car 429.0251 475.07635 94.087944 141.08205 0.74507606
car 92.95775 113.08018 46.82332 65.654236 0.97299534
car 415.57672 449.96994 58.112278 85.95281 0.97565496
--
car 459.0883 477.35254 47.350185 63.59168 0.43120757
car 428.9732 474.95996 94.10996 141.07158 0.7313305
car 92.9758 113.06873 46.8205 65.648674 0.9726348
car 415.4311 450.04135 58.12697 85.99501 0.9739003
--
car 459.01483 477.58246 47.485428 63.843445 0.47554448
car 429.22583 475.01392 93.75275 141.07759 0.6911818
car 93.67786 113.592354 47.20091 65.871216 0.96493167
car 411.71613 447.45175 59.32711 86.98966 0.9859261
--
car 458.99982 477.53717 47.37478 63.774235 0.47763094
car 428.97357 474.81796 93.56057 140.85768 0.6845869
car 94.743576 113.831116 47.59808 66.06516 0.97026116
car 408.864 445.9141 58.69872 87.2237 0.99460304
--
car 458.92465 477.56525 47.379738 63.81318 0.48176152
car 429.02777 474.8 93.406815 140.79248 0.67431813
car 94.744194 113.8075 47.559 66.019424 0.97058004
car 408.8383 445.90198 58.640514 87.24866 0.99457484
--
car 458.95978 477.72574 47.334473 63.631252 0.44551107
car 428.5766 474.8905 93.586586 140.68652 0.69063634
car 95.94838 116.45349 48.56856 68.98218 0.9835118
car 401.73486 440.76477 60.349197 89.294266 0.9964255
--
car 459.03082 477.7142 47.28789 63.50837 0.46014488
car 428.18903 475.1253 93.766174 140.8481 0.71782017
car 96.533005 117.337006 48.025463 70.3504 0.9865138
car 398.4363 438.7975 60.282665 90.86011 0.9963654
--
car 459.21436 477.77386 47.381706 63.441677 0.49070027
car 428.38272 475.1684 93.73829 141.13313 0.7306901
car 97.956474 118.012375 48.19213 70.35021 0.9725208
car 396.12503 435.80124 60.650368 92.59092 0.9967463
--
car 459.39755 477.37268 47.49895 63.371746 0.44278878
car 428.38214 475.13434 93.62493 141.16696 0.72600687
car 97.99978 117.945526 48.21186 70.327736 0.9713081
car 396.1354 435.79593 60.597206 92.59924 0.9964298
--
car 129.38461 139.11899 25.108917 33.611107 0.31558815
car 459.367 477.55777 47.407036 63.34484 0.4628362
car 427.88004 475.33347 93.71016 141.27614 0.8269515
car 100.05131 119.31954 49.667686 72.445984 0.9772351
car 391.7187 433.589 60.763294 93.16065 0.9967995
--
car 459.32706 477.54312 47.294575 63.287483 0.4908672
car 427.59143 475.20923 93.53686 141.38972 0.83632684
car 100.40114 120.03768 49.741844 73.3331 0.98135126
car 388.80505 430.26288 60.064777 94.40177 0.9948755
--
car 459.34967 477.54202 47.314365 63.24541 0.48882952
car 427.57935 475.1856 93.32173 141.31557 0.8318302
car 100.45249 120.01308 49.729256 73.318886 0.98114043
car 388.78906 430.2884 60.113014 94.40151 0.99502045
--
car 459.01538 477.3888 47.536583 63.02463 0.4633462
car 427.706 475.4913 94.18425 141.78183 0.8777729
car 100.15081 122.22668 50.97184 74.42202 0.9855871
car 383.38995 426.63562 60.57239 95.092636 0.99418944
--
car 458.8768 477.6058 47.456715 63.0866 0.4747679
car 428.22266 475.43265 93.81452 141.79918 0.8754364
car 99.86029 123.29109 50.905033 75.96726 0.98846674
car 379.8437 425.74164 62.82311 96.3505 0.99607295
--
car 458.87866 477.62695 47.48484 63.106007 0.47628024
car 428.17108 475.37012 93.83377 141.79512 0.86232793
car 99.870834 123.260254 50.92972 75.99013 0.98818433
car 379.88867 425.66898 62.96901 96.28 0.9960956
--
car 458.8226 477.61206 47.446377 63.174637 0.47596365
car 428.6044 475.27142 93.79588 141.80461 0.8605807
car 100.764145 124.53452 51.398304 76.60498 0.9871172
car 375.86642 421.37656 64.65173 97.04445 0.9938906
--
car 458.83783 477.58563 47.407192 63.170887 0.4832646
car 428.6311 475.24313 93.78291 141.7716 0.8633038
car 100.80603 124.52573 51.40602 76.59878 0.9871406
car 375.8466 421.37173 64.57761 97.0148 0.9937879
--
car 458.81314 477.56802 47.5451 63.104477 0.47132662
car 428.5497 475.23038 93.78951 141.79852 0.86287916
car 100.819786 124.50405 51.401672 76.600296 0.98686415
car 375.7778 421.41156 64.56259 97.02164 0.9935879
--
car 458.93738 477.32928 47.799004 63.051846 0.45735657
car 428.2771 475.32193 93.861984 141.81241 0.91436094
car 101.73732 126.47517 52.271164 77.77038 0.9847998
car 370.812 416.89285 67.33579 98.60935 0.99646395
--
car 458.95523 477.2502 47.840546 63.099503 0.4207528
car 428.53897 475.4035 94.374725 141.87663 0.92621934
car 102.75675 127.00962 53.881058 79.35502 0.98867196
car 364.87534 414.31442 68.43437 101.06244 0.9969423
--
car 458.94403 477.1777 47.902374 63.04289 0.4184313
car 428.58545 475.39148 94.27855 141.88399 0.924947
car 102.72774 127.04593 53.84146 79.39372 0.98867154
car 364.95676 414.28696 68.302734 101.06857 0.99670833
--
car 459.03958 477.37033 47.42315 63.2037 0.4979539
car 428.51657 475.45154 94.05149 141.74747 0.92398816
car 103.99473 128.36438 54.430862 80.57925 0.98889285
car 357.15063 413.676 69.0523 103.45866 0.99647987
--
car 459.0997 477.868 46.83045 63.441475 0.5263101
car 428.41742 475.64877 94.269104 141.89943 0.9325949
car 104.37254 129.89789 54.42673 81.56614 0.9800233
car 355.5191 408.28088 67.79865 104.6624 0.9981484
--
car 459.08795 477.7755 46.86778 63.464634 0.5173168
car 428.42358 475.64325 94.320206 141.9234 0.93259877
car 104.40412 129.91707 54.457104 81.50701 0.98063207
car 355.45023 408.15485 67.79394 104.67299 0.99805504
--
car 459.3048 477.96545 46.6732 63.48341 0.4421505
car 428.0506 475.77435 94.92177 141.64352 0.9519746
car 104.819496 131.65227 54.313305 82.3491 0.96859306
car 348.58844 402.85364 70.999954 106.66407 0.9970465
--
car 459.02136 479.07184 44.456745 64.92003 0.4503552
car 105.1527 132.80896 55.64661 86.33561 0.95417994
car 427.91763 476.12592 94.83428 141.76277 0.9601276
car 343.12158 398.90268 71.214905 107.65537 0.9984719
--
car 459.07288 479.19904 44.19091 64.95026 0.5722211
car 107.54167 134.2787 57.02476 88.349335 0.95627594
car 427.88626 476.06418 94.83766 141.90172 0.96215916
car 339.46597 394.7445 71.14269 109.1396 0.9984127
--
car 459.07343 479.1843 44.191105 64.93638 0.57282543
car 107.585335 134.25836 56.999355 88.391136 0.95295465
car 427.85547 476.03003 94.834755 141.87732 0.9623869
car 339.5314 394.7078 71.1661 109.1918 0.9980109
--
car 475.57498 480.28323 53.42439 74.31977 0.32195148
car 459.07928 479.08746 44.003742 65.15334 0.58824575
car 427.88663 475.9486 94.58409 141.93332 0.96142554
car 109.89264 135.24962 58.53394 89.50649 0.9770637
car 331.15884 389.98343 72.954124 112.35442 0.99825287
--
car 471.96234 479.19775 44.846577 69.60167 0.33198026
car 474.65286 480.3071 53.309654 73.49346 0.3757399
car 459.02554 479.2761 44.172497 65.01679 0.7292674
car 427.9769 475.70953 94.447174 142.018 0.95914847
car 110.57245 136.5436 60.059628 92.55372 0.9831268
car 323.63803 383.90674 73.33094 113.77743 0.9989663
--
car 471.99374 479.22516 44.879196 69.55335 0.33268976
car 474.7083 480.30878 53.360516 73.416336 0.36770773
car 459.02277 479.27536 44.15647 65.04321 0.7170143
car 427.8451 475.68094 94.54338 141.96477 0.9584203
car 110.51237 136.5698 60.07999 92.57845 0.9836218
car 323.63678 384.2487 73.30321 113.76358 0.9989984
--
car 459.09024 479.1717 43.76576 65.57827 0.694646
car 427.65524 475.76334 94.49472 142.08641 0.9586906
car 111.21622 138.58559 59.901657 94.80253 0.9807578
car 316.64246 387.8433 73.388916 116.49178 0.9966466
--
car 472.71857 480.38132 54.273693 74.016525 0.38305402
car 459.1527 479.3333 43.575756 65.72323 0.6257806
car 111.55569 139.60176 59.391823 96.16592 0.91703033
car 427.81192 475.8105 94.31164 142.14384 0.9575482
car 310.17264 377.27374 76.540115 119.048706 0.99787426
--
car 472.63278 480.3451 54.221706 74.02491 0.38192323
car 459.1563 479.3905 43.57265 65.790985 0.6326647
car 111.61269 139.65462 59.358276 96.18258 0.91572386
car 427.84433 475.772 94.358536 142.11917 0.95744956
car 310.09436 377.21857 76.67499 119.01329 0.9977419
--
car 459.2063 479.201 43.48379 66.58436 0.5213635
car 113.73618 141.44919 63.420296 97.51336 0.9432167
car 427.90155 475.69452 94.51094 142.13916 0.9546322
car 303.91675 369.19693 77.42929 121.651024 0.9989916
--
car 469.77243 480.36942 53.564426 73.86125 0.3191392
car 460.0611 475.3625 46.08618 63.768204 0.3368467
car 465.8553 479.37418 40.37182 72.98222 0.47130945
car 114.95708 144.97153 64.49523 99.39128 0.93543065
car 427.88718 475.67023 94.14567 142.12541 0.9545255
car 294.99957 366.40994 81.00545 123.47061 0.99896467
--
car 469.47824 480.33234 53.496513 73.46911 0.3499703
car 466.07803 479.4239 40.27199 73.13049 0.487138
car 427.65225 475.57028 93.93711 142.23845 0.9576844
car 114.86638 144.99243 64.5197 99.22148 0.9645779
car 295.0705 366.16446 80.70297 123.58357 0.99889857
--
car 465.86853 479.53992 39.784264 74.09639 0.42791277
car 427.56525 475.55518 93.83309 142.34537 0.9552033
car 116.092926 146.69687 66.02308 101.86873 0.9769612
car 287.22446 357.7491 80.656784 126.502 0.9954702
--
car 465.8925 479.53494 39.75861 74.12454 0.42630476
car 427.42307 475.61258 93.90184 142.32576 0.9596028
car 116.14922 146.60327 66.029564 101.83051 0.9780749
car 287.29922 357.77945 80.546364 126.522995 0.99546874
--
car 465.89975 479.53363 39.711533 74.139946 0.42451334
car 427.44568 475.60516 93.83838 142.31529 0.9588221
car 116.21434 146.52997 65.96398 101.81551 0.97890896
car 287.35367 357.8832 80.70411 126.48431 0.99558794
--
car 464.85095 479.96567 50.22121 74.97902 0.4368121
car 427.5654 475.27496 93.77303 142.18127 0.9507299
car 119.27358 150.80829 65.94985 107.18467 0.95666873
car 270.66238 349.03073 86.296646 130.95786 0.9980384
--
car 463.86176 479.52682 49.317467 74.73824 0.6446577
car 120.925285 153.24231 70.69555 109.321655 0.8745413
car 427.63126 475.2214 93.09935 142.135 0.92608154
car 261.1907 342.4257 87.43679 135.77072 0.99881005
--
car 463.0348 479.8266 49.722813 74.89047 0.53113365
car 119.88113 155.97084 71.40091 111.65739 0.8675074
car 427.3406 475.49683 93.29663 142.13292 0.928788
car 253.19562 334.9226 90.645256 138.52977 0.996507
--
car 463.0497 479.83975 49.759815 74.923164 0.52907956
car 119.91594 155.96751 71.37147 111.72303 0.8761251
car 427.33752 475.47653 93.302315 142.13445 0.92962116
car 253.08203 335.03226 90.65968 138.4365 0.9966229
--
car 460.28674 479.62607 49.162354 75.3001 0.60187936
car 122.93891 158.37987 71.94196 117.81591 0.90197444
car 427.2784 475.63428 93.22328 142.2081 0.9316315
car 245.99216 326.09537 89.943214 143.46275 0.99617934
--
car 459.37936 479.7164 50.36163 75.94221 0.8386242
car 125.18375 160.0876 73.004684 118.349556 0.88491344
car 427.25116 475.60736 93.086685 142.179 0.93061984
car 239.72433 317.32547 90.6286 148.06104 0.9915775
--
car 459.42325 479.6383 50.320286 75.98796 0.84142596
car 125.16282 159.99826 73.10967 118.302025 0.87457997
car 427.2411 475.5894 93.15065 142.18611 0.93181956
car 239.81134 317.35944 90.70836 148.10223 0.99081403
--
car 123.806145 166.80188 77.0679 123.136215 0.8931821
car 458.37747 479.71545 49.49285 76.93026 0.9052664
car 427.27432 475.60953 93.23792 142.22273 0.93159837
car 226.9368 312.50964 94.83737 156.07611 0.9685069
--
car 457.46698 479.35986 49.186554 76.82847 0.87755376
car 427.5652 475.81586 93.181854 142.10106 0.93523073
car 127.211655 169.11934 81.2611 124.858376 0.9413673
car 220.92609 301.9782 96.01259 158.43712 0.99557644
--
car 457.4667 479.36044 49.20168 76.82214 0.87680864
car 427.55667 475.83072 93.14428 142.15987 0.9308325
car 127.20564 169.11803 81.27077 124.89528 0.9402388
car 220.95325 301.97983 95.99605 158.38518 0.9955068
--
car 456.30466 479.20233 49.464794 77.61358 0.90695035
car 427.6462 475.75842 92.97925 142.09045 0.91450006
car 212.7941 295.9014 99.211716 161.59166 0.9800554
car 128.00299 170.34743 81.60901 133.05258 0.98195213
--
car 455.5307 478.57413 49.733074 78.042534 0.8672541
car 427.53976 475.48764 93.460396 142.0394 0.89942217
car 129.173 172.88422 83.0537 135.48372 0.9736256
car 203.37248 289.25354 103.030914 166.73335 0.99601245
--
car 455.4979 478.61765 49.654053 78.06053 0.8757638
car 427.54712 475.51263 93.394165 142.04283 0.90156996
car 129.06807 172.88884 82.96033 135.34717 0.9722652
car 203.29909 289.23392 103.10415 166.7567 0.99615604
--
car 451.6773 479.02313 51.33526 77.65877 0.7311858
car 427.61475 475.4188 93.67284 141.92511 0.8699221
car 130.1231 176.60632 84.99405 140.0714 0.98896074
car 192.4143 283.69547 106.298386 172.37273 0.9941058
--
car 450.597 479.17334 51.276794 78.07098 0.6448059
car 427.62036 475.43396 93.829254 142.06747 0.8798168
car 184.79805 272.49274 110.408455 178.34761 0.9822647
car 130.95244 179.40662 87.14507 143.5133 0.99090207
--
car 450.6216 478.93527 51.38953 78.03154 0.61583155
car 427.6676 475.4077 93.81126 142.02579 0.8756155
car 184.78888 272.70413 110.402466 178.31201 0.9835014
car 130.98044 179.50845 87.13925 143.66136 0.9909901
--
car 449.98346 477.26538 51.525078 78.295876 0.7616943
car 427.65277 475.48718 94.116936 142.01709 0.8851777
car 132.83765 181.44456 89.98074 148.17108 0.9468365
car 171.57419 269.26367 112.517555 182.34477 0.9642158
--
car 449.42535 477.70663 48.970184 79.08735 0.85593456
car 427.90213 475.67343 93.77895 141.88179 0.88764495
car 134.55199 182.76901 92.42278 152.58176 0.9736764
car 168.14996 257.69498 117.41833 187.9835 0.9971179
--
car 448.6959 476.85712 49.695217 79.12531 0.82039243
car 427.9537 475.60614 93.75801 141.73218 0.88368124
car 135.15222 186.13454 95.0751 159.04999 0.9641839
car 162.93584 251.93631 119.61665 197.06937 0.994533
--
car 448.67737 476.7478 49.78971 79.131966 0.8084803
car 427.97076 475.5765 93.70618 141.75127 0.8843989
car 135.18344 186.19406 95.17868 158.92934 0.9675213
car 162.91185 252.20721 119.38064 197.1608 0.994375
--
car 448.53525 476.47263 49.85811 79.170166 0.83902067
car 428.04694 476.01062 94.00713 141.78934 0.8733823
car 135.34451 186.28064 95.15837 158.6095 0.9805079
car 162.9618 252.12508 119.2549 196.82318 0.99443567
--
car 447.43848 477.05188 50.220337 78.91415 0.7505634
car 427.95093 475.90005 94.19611 141.79292 0.8779255
car 135.72469 186.08759 96.46568 161.94452 0.921846
car 152.25061 246.92996 123.53832 203.88945 0.98194987
--
car 446.25443 475.6919 51.370934 78.89885 0.7603082
car 427.89026 475.8353 94.22538 141.75246 0.86378163
car 135.82118 186.12865 96.39416 161.71606 0.9188629
car 152.23692 247.15324 123.34825 204.06184 0.9816749
--
car 446.0591 475.42163 52.308353 79.1689 0.81318367
car 139.19804 186.71881 98.208984 165.66122 0.8279135
car 428.1567 475.9121 94.46806 141.8601 0.86351407
car 140.03644 244.89336 121.86022 208.9446 0.9522428
--
car 445.3043 474.4826 52.388874 80.50012 0.8319562
car 428.19058 476.3065 94.19989 142.0756 0.8815471
car 140.056 187.19447 99.632996 167.043 0.9271739
car 140.9131 235.47112 125.484764 218.75876 0.98131037
--
car 445.25748 474.5542 52.417896 80.43812 0.8307191
car 428.2446 476.28918 94.188515 142.08418 0.8800764
car 139.96402 187.16718 99.54686 166.7891 0.9358033
car 140.92284 235.53348 125.413506 218.77957 0.98262954
--
car 428.26837 476.26736 94.13345 142.09274 0.8577219
car 443.54996 473.46716 53.100533 80.716034 0.8930953
car 132.01932 232.31999 125.75918 223.70572 0.9911978
--
car 467.99127 479.17752 45.533985 62.706444 0.3517567
car 141.63295 185.56158 105.96837 171.62883 0.70357805
car 428.17206 476.26035 94.21446 142.11354 0.8306332
car 441.1959 472.45044 53.362072 81.018265 0.87719655
car 127.067444 234.42957 132.05971 235.647 0.9990817
--
car 467.32202 479.38998 45.902058 62.685265 0.32612237
car 141.59651 185.5832 105.88946 171.90062 0.7194722
car 428.18033 476.24472 94.192345 142.0639 0.8316398
car 441.2366 472.24243 53.521908 80.95399 0.8731288
car 126.98897 234.26526 132.40956 235.23557 0.99905545
--
car 140.07729 186.719 106.74102 167.67767 0.38159448
car 428.23126 476.34573 94.09658 142.10661 0.83228314
car 440.31003 472.0798 52.63912 81.22732 0.8930074
car 117.49891 231.84221 128.98936 242.23 0.9959313
--
car 427.99994 476.18976 94.50505 142.1029 0.8310706
car 439.86832 470.52258 53.721405 81.34595 0.89946806
car 105.30579 232.26363 131.00562 250.60922 0.99626577
--
car 427.91956 476.2482 94.502815 142.13153 0.8425321
car 439.8398 470.60062 53.663578 81.305176 0.90547913
car 105.12627 232.28159 131.1033 250.39737 0.9965805
--
car 427.93234 475.98218 94.80707 142.15556 0.86127126
car 438.69135 469.79214 53.735504 81.816246 0.8711436
car 96.13187 228.08084 143.75038 262.08777 0.99665016
--
car 137.47359 189.55457 116.72508 165.14531 0.33899713
car 428.01205 475.91382 94.95887 142.10022 0.8560955
car 438.1179 469.5386 53.258816 82.32899 0.8787651
car 92.16972 224.47589 151.03041 262.9533 0.9986722
--
car 133.26253 193.54382 117.12624 174.36923 0.754333
car 437.94168 468.63422 53.53021 82.063545 0.8422304
car 428.14078 475.8786 94.9467 142.00127 0.8450956
car 83.30387 219.50572 162.65381 263.54825 0.9991127
--
car 133.31607 193.54851 117.20466 174.3591 0.73907167
car 437.86893 468.73254 53.503826 82.08736 0.8426986
car 428.12137 475.86554 94.93654 142.00877 0.8457967
car 83.27921 219.30498 162.5073 263.88162 0.9990811
--
car 428.12714 475.794 95.231384 141.93546 0.84802717
car 133.77017 193.65364 119.12737 172.56853 0.89643997
car 434.97183 467.44278 53.3138 82.57758 0.9020809
car 75.41376 211.93262 163.59389 272.3981 0.99786234
--
car 428.18787 475.89233 95.22151 141.89407 0.874584
car 129.95969 193.23763 120.08677 180.48222 0.9221563
car 434.52338 466.9164 53.31962 82.8209 0.92797303
car 70.44565 207.74689 170.8718 279.05438 0.998505
--
car 428.2139 475.8495 95.27277 141.86784 0.8711133
car 129.8293 193.04068 120.21174 180.38628 0.9298359
car 434.49274 466.88525 53.194893 82.90511 0.9323172
car 70.39627 207.7246 171.42834 279.22534 0.99869233
--
car 428.42184 475.8 95.27074 141.96982 0.8653759
car 433.6133 465.98666 53.462765 82.6516 0.94490165
car 129.12204 192.6803 121.46811 186.331 0.9882826
car 59.366653 204.07353 180.35979 278.2447 0.9952749
--
car 428.33795 475.8651 95.12336 141.98819 0.8707523
car 432.4729 465.28046 52.840622 83.033394 0.9440361
car 126.499245 192.07639 122.8715 194.6114 0.988062
car 54.27685 197.8548 193.31866 287.54895 0.99679166
--
car 428.31598 475.9107 95.122955 142.01117 0.871303
car 432.4425 465.2216 52.966644 82.95198 0.9421146
car 126.55163 192.02536 122.71932 194.74913 0.9884467
car 54.392666 197.62494 193.55185 287.52203 0.99687344
--
car 428.08517 475.96118 94.99171 142.06961 0.86536556
car 430.51 463.6223 53.402287 82.866356 0.9304514
car 38.89724 187.55394 210.77103 289.6539 0.97157747
car 119.28777 190.20459 130.14377 210.47588 0.9939773
--
car 428.1909 475.8741 94.88487 142.1358 0.864962
car 429.98407 463.29968 52.491787 83.62487 0.88677734
car 31.331263 180.4097 211.58606 292.70026 0.98139596
car 118.17385 189.86125 127.83626 221.96065 0.994171
--
car 459.55963 478.1141 46.99066 62.624947 0.30487207
car 428.30774 475.81683 95.06216 141.73561 0.83562666
car 430.28372 463.3009 53.235836 82.857254 0.9153061
car 35.63748 175.98573 212.26292 294.39838 0.9911952
car 118.873 190.37569 129.23114 222.03502 0.99347496
--
car 428.24606 475.91467 95.01817 141.79134 0.8375134
car 430.26236 463.28918 53.232815 82.85344 0.9081553
car 34.958527 176.65799 212.38464 293.89008 0.98933864
car 118.77563 190.19623 129.19533 222.00125 0.9932258
--
car 428.1119 475.8284 95.06032 141.69604 0.8039926
car 428.2089 464.051 55.90228 84.941025 0.88947284
car 117.55011 188.75662 134.86873 227.14203 0.9953691
car 30.317688 170.49922 213.38535 297.98557 0.99744266
--
car 428.16727 475.79913 95.08712 141.74794 0.8069587
car 428.14542 464.0924 55.961292 84.925385 0.8854655
car 117.590004 188.89299 134.83426 227.16937 0.9949673
car 30.376074 169.62573 213.94101 298.39624 0.99782544
--
car 428.27823 475.77185 95.00007 141.85599 0.80837363
car 427.02835 463.4441 56.0916 85.112755 0.8625799
car 115.63317 188.45323 133.96008 229.37393 0.99392444
car 24.35425 160.82562 216.55267 303.2894 0.99463695
--
car 459.2775 478.32208 47.144707 62.568535 0.3204212
car 428.25696 475.5911 94.96893 141.82072 0.8444942
car 426.25623 463.01584 55.837418 85.34076 0.88921654
car 112.719574 188.9899 134.35631 232.07953 0.9943304
car 18.106941 155.03345 218.63193 308.9875 0.9968828
--
car 459.28845 478.32587 47.106598 62.57793 0.32764482
car 428.3184 475.54068 94.97182 141.80934 0.8405973
car 426.29892 463.00824 55.826157 85.38481 0.8890967
car 112.59378 188.99895 134.31926 232.15668 0.99445647
car 18.503487 155.32954 218.64204 308.79355 0.99753577
--
car 459.09564 478.50873 46.92618 62.665424 0.40748078
car 428.38782 475.66397 94.84853 141.5938 0.8055685
car 425.8815 462.28256 55.292736 85.53285 0.9283748
car 111.04493 189.73508 134.46388 235.1419 0.9911301
car 16.568613 146.52931 219.42448 312.95847 0.99355674
--
car 459.08374 478.45892 46.861866 62.62805 0.36335385
car 428.2807 475.40683 94.93977 141.55678 0.7810679
car 423.84875 460.18634 55.800957 85.85001 0.9630455
car 16.568756 138.3995 226.77318 329.26788 0.9936157
car 110.69828 189.57364 135.15625 238.3492 0.9962321
--
car 459.2075 478.28787 46.96057 62.831127 0.39043063
car 428.41895 475.55664 94.84056 141.57327 0.78028625
car 422.86966 460.44617 55.729095 86.15524 0.9686583
car 110.42273 189.23071 136.7874 238.14574 0.993728
car 9.12471 132.93881 226.99258 328.84094 0.9954708
--
car 459.1302 478.29813 46.97457 62.771496 0.4059052
car 428.45367 475.59085 94.78062 141.59727 0.7811804
car 422.91797 460.44818 55.59361 86.17606 0.9695826
car 110.4122 189.24173 136.71031 238.3222 0.99459183
car 8.924174 133.08417 227.17517 329.57294 0.99566287
--
car 459.09146 478.31387 47.114063 63.00893 0.41140544
car 428.30777 475.65955 94.64716 141.52594 0.772113
car 421.91858 460.49042 54.542088 86.61985 0.9719171
car 110.338 188.5809 136.8051 239.02324 0.9820688
car 7.2916174 129.338 229.31483 329.43127 0.996385
--
car 459.32516 478.06674 46.759808 62.798603 0.4349787
car 428.38132 475.17856 94.54343 141.55487 0.68809456
car 420.98822 460.0393 54.753746 86.72999 0.9735235
car 111.00318 187.09999 137.85165 239.79315 0.98900884
car 7.973571 119.51752 230.91434 329.1861 0.9953984
--
car 459.32858 478.0628 46.779957 62.7974 0.43564555
car 428.44275 475.2548 94.49047 141.50096 0.685701
car 420.9311 460.04083 54.77749 86.723495 0.9730546
car 111.068474 187.03458 138.17488 239.65747 0.98801494
car 7.8768644 119.6119 231.30272 328.85727 0.9951878
--
car 459.4174 478.00357 46.776855 62.880905 0.41566166
car 428.45166 475.179 94.48699 141.46762 0.6706202
car 420.14685 459.74948 54.739197 86.54733 0.97145236
car 6.2090454 116.58116 230.52333 329.99835 0.98829985
car 110.82397 187.34637 138.2601 240.57278 0.99222285
--
car 459.4696 478.01413 46.4042 62.69917 0.4337519
car 428.16217 475.01837 94.90114 142.03978 0.6785178
car 420.54758 458.07602 55.093796 86.39071 0.9820839
car 3.717842 111.08284 229.40741 327.64886 0.9874465
car 111.08381 187.23239 138.23111 239.90149 0.9943731
--
car 459.5614 478.27466 46.553772 62.746548 0.38788918
car 428.12482 475.06116 94.86632 142.11067 0.6703122
car 420.60858 458.0179 55.074238 86.42867 0.9810699
car 3.3570385 111.46619 229.3253 328.15155 0.9880142
car 111.05098 187.30646 138.07492 239.99544 0.99429554
--
car 459.6411 478.2254 46.724762 62.830086 0.3682935
car 428.11078 474.8355 95.015594 142.10336 0.6768333
car 420.3124 457.57367 55.39416 86.49902 0.97785
car 1.966896 107.05359 228.80756 328.37485 0.9886541
car 111.06733 187.22404 138.28949 239.57214 0.99435586
--
car 459.4641 478.3411 46.941856 62.865025 0.4128745
car 428.14197 474.79163 94.97817 142.00238 0.6272496
car 420.0515 457.1492 55.21603 86.60116 0.97053534
car -0.012803078 105.33197 229.99084 327.79242 0.9894038
car 111.027664 187.20981 138.5472 239.27774 0.9912431
--
car 459.39594 478.38626 46.986145 62.891685 0.42585266
car 428.04538 474.8176 94.95599 142.02646 0.6443457
car 420.0396 457.13654 55.209927 86.61705 0.97130495
car 0.15752077 105.19911 230.15889 328.42844 0.9911158
car 110.98454 187.26402 138.41144 239.392 0.9916645
--
car 459.16397 478.49597 46.872566 62.96842 0.4441253
car 427.9474 474.9026 94.68817 142.015 0.61969876
car 419.40833 455.57532 55.166504 86.77823 0.97485983
car -0.51701546 101.394135 230.9007 324.79324 0.9775021
car 111.14126 187.2077 138.45107 239.2544 0.9917372
--
car 459.22787 478.4915 46.73778 62.97301 0.4476354
car 427.97174 474.73184 94.74271 142.05803 0.6068838
car -0.09862661 96.86233 231.27225 323.28717 0.97483563
car 418.96164 455.04343 55.211254 86.76609 0.97850007
car 111.13824 187.40604 138.40263 239.02057 0.9948407
--
car 459.22223 478.51834 46.713127 62.962334 0.43689105
car 428.00656 474.72983 94.74779 142.05565 0.60750866
car -0.1897037 96.91594 230.91428 323.7518 0.97461927
car 419.0174 455.03937 55.130028 86.82804 0.9777488
car 111.17701 187.36871 138.53395 239.08864 0.9952108
--
car 459.22714 478.55856 46.711197 62.96634 0.43827635
car 427.9936 474.6932 94.74663 142.05678 0.605231
car -0.30222058 96.5607 231.281 323.42398 0.9706716
car 419.00888 455.04175 55.12518 86.830284 0.9775714
car 111.19033 187.2948 138.45578 239.00107 0.9941379
--
car 427.6281 479.90936 132.29677 282.266 0.31706303
car 459.43747 478.52676 46.779377 63.02648 0.38470474
car 428.63998 475.16763 94.82448 142.46071 0.70304847
car 418.16946 455.06516 55.045464 87.06115 0.9740439
car -0.4872501 95.462494 222.7217 317.6485 0.9862698
car 110.892555 187.11499 138.47827 238.95447 0.99252355
--
car 428.243 479.8998 132.36827 281.96378 0.32196292
car 459.3148 478.5639 47.051384 63.00025 0.4155855
car 428.60117 475.0911 94.87719 142.37881 0.6877769
car 417.4422 454.63565 55.323414 87.2949 0.9696239
car -0.67139983 92.9692 222.92273 315.91525 0.9833321
car 110.84185 187.09384 138.49113 238.60095 0.9934348
--
car 428.62012 479.9135 132.13483 282.24707 0.3521069
car 459.29892 478.5584 47.017944 62.970478 0.42288762
car 428.61993 475.05377 94.81568 142.41914 0.67351925
car 417.45944 454.61893 55.307438 87.288666 0.96846205
car -0.8369708 92.84349 222.54947 315.74588 0.98585683
car 110.69597 187.18445 138.59401 238.66757 0.9934438
--
car 428.70233 479.94666 132.0452 282.24005 0.34089622
car 459.05298 478.7536 47.024544 63.0824 0.45078558
car 428.88586 475.1026 94.71575 142.3237 0.6750611
car 416.38205 454.3989 55.00621 87.6854 0.97329
car -2.1465611 92.03983 222.80443 313.76303 0.99243504
car 110.71433 187.18701 138.49535 238.61148 0.994027
--
car 428.66278 479.9628 131.93288 282.39108 0.3602705
car 458.96085 478.76935 47.0237 63.06963 0.45150062
car 428.775 475.0483 94.506294 142.2262 0.6745986
car 415.63043 454.39542 54.60596 88.02342 0.9761928
car -1.6830611 91.605545 222.65352 313.25064 0.98955643
car 110.7664 187.15271 138.5103 238.78214 0.9947053
--
car 428.5993 479.94794 131.84897 282.4738 0.34550405
car 458.97333 478.76318 47.025627 63.083935 0.45404345
car 428.77036 475.08304 94.50583 142.25499 0.6736773
car 415.5746 454.42273 54.677948 88.02259 0.97609866
car -1.7183304 90.94598 222.56389 312.95523 0.99062496
car 110.83357 187.14278 138.5434 238.7394 0.9949423
--
car 428.56216 479.77768 131.98973 282.19672 0.35359734
car 459.0498 478.70114 47.051247 63.34116 0.40794754
car 428.93088 474.99713 94.709885 142.33743 0.6553122
car 413.30838 453.2212 53.583256 89.00306 0.9290579
car -2.5747383 90.23981 221.8304 311.98343 0.98169565
car 110.84692 187.17876 138.50023 238.62776 0.9938676
--
car 428.5385 479.81927 132.01802 282.22913 0.35627097
car 458.85178 478.7437 47.098827 63.404213 0.39527503
car 428.9548 474.91885 94.75166 142.3125 0.6589065
car 412.75897 453.40747 53.77867 88.971214 0.9562045
car -2.4552119 88.37796 222.09042 311.21066 0.97919
car 110.80655 187.18129 138.24925 238.40732 0.9934573
--
car 428.53458 479.8202 132.01024 282.24625 0.35277227
car 458.85217 478.721 47.085907 63.432682 0.4009954
car 428.94617 474.93057 94.724495 142.3324 0.65882564
car 412.81104 453.39963 53.553005 89.050026 0.9532574
car -2.824341 88.49951 222.05708 310.92755 0.9769725
car 110.826935 187.21907 138.16714 238.52481 0.993599
--
car 428.57913 479.7816 132.24176 281.944 0.36348915
car 458.87344 478.7841 47.106544 63.439255 0.43693754
car 429.02368 475.02243 94.5488 142.27824 0.6448852
car 412.68808 453.0308 53.465084 88.916016 0.9533294
car -2.694708 82.493576 219.54842 314.17664 0.97102934
car 110.77702 187.26941 138.50935 238.48624 0.99335116
--
car 428.5603 479.76093 132.40504 281.74863 0.35336274
car 458.84592 478.78375 47.17904 63.441227 0.4279447
car 429.05176 475.0453 94.62902 142.27127 0.6420193
car 411.66162 452.67154 53.934998 88.80247 0.954377
car -2.0524406 81.33094 220.87146 313.56766 0.96920687
car 110.838745 187.13774 138.52461 238.60547 0.992505
--
car 428.51666 479.7605 132.47778 281.68997 0.34668028
car 458.82166 478.81442 47.196827 63.364376 0.42122334
car 429.05563 475.05508 94.627365 142.28976 0.6438681
car 411.52557 452.68292 53.927013 88.80719 0.9494514
car -2.1389866 81.55515 220.67911 313.5165 0.9658798
car 110.860794 187.14081 138.63281 238.55986 0.9929727
--
car 458.80322 478.51883 47.01274 63.317867 0.3569251
car 428.2614 479.89297 132.57033 281.5406 0.36998802
car 428.69308 475.20856 95.01275 142.87581 0.67743075
car -2.3526514 80.59131 221.5171 313.7525 0.94927925
car 411.34985 452.15176 55.033722 88.19833 0.9725106
car 110.97266 187.22029 138.33061 238.27672 0.9935117
--
car 458.6936 478.58356 47.2132 63.397144 0.3728851
car 428.4784 479.96225 132.40154 281.70697 0.37694654
car 428.84488 475.10895 95.0132 142.79326 0.6502575
car -2.0148897 80.07325 220.7428 313.58337 0.9598152
car 411.03098 451.44717 55.46928 88.383896 0.97834426
car 110.97176 187.20737 138.41873 238.17862 0.9932646
--
car 428.28467 479.9371 132.46735 281.6191 0.35866755
car 458.62204 478.64777 47.311676 63.3865 0.3643179
car 428.87613 475.06763 95.06639 142.77917 0.6467992
car -2.1475232 80.134995 220.84395 313.4169 0.96202695
car 411.1038 451.43204 55.461246 88.44403 0.97979814
car 110.99943 187.22156 138.3441 238.22337 0.99341923
--
car 428.2947 479.9294 132.49222 281.5692 0.3495472
car 458.67282 478.56168 47.292473 63.48748 0.36430943
car 428.94492 474.92114 95.12999 142.71405 0.6322776
car -2.335682 79.47301 222.30309 312.69812 0.96779346
car 411.21155 450.2966 55.57557 88.67169 0.9805788
car 110.90134 187.35019 138.45277 238.1395 0.9926813
--
car 428.02817 480.06415 132.12923 281.9455 0.34032437
car 458.65878 478.59454 47.038765 63.44235 0.3435825
car 429.1036 475.06308 95.07545 142.67654 0.6519749
car -1.950177 78.12448 222.00906 312.0246 0.966027
car 410.37946 448.96814 55.60405 88.89069 0.97305083
car 110.82902 187.37543 138.31807 238.09138 0.9925864
--
car 428.09958 480.01855 132.02138 281.99875 0.3451376
car 458.7165 478.58536 46.964676 63.53103 0.3535984
car 428.94012 475.0161 95.12098 142.51671 0.6351431
car -1.4665568 77.22622 222.11218 312.27826 0.9310228
car 409.65216 448.4239 55.673218 88.61177 0.97914857
car 110.8016 187.3587 138.50902 238.00215 0.9932947
--
car 458.66324 478.5249 46.9794 63.50006 0.34590027
car 428.0469 480.05334 132.08032 281.95435 0.3658218
car 428.89014 475.11844 95.14108 142.54784 0.6475119
car -1.6788161 77.40244 221.95352 311.76968 0.9357728
car 409.63687 448.45374 55.63387 88.65253 0.97779864
car 110.8187 187.31926 138.6135 238.01363 0.99343866
--
car 458.71695 478.44473 47.15642 63.56404 0.35619265
car 427.97458 480.10516 132.23843 282.02197 0.35646558
car 429.07816 475.23465 95.13902 142.69069 0.67380893
car -1.3725686 77.07658 221.78148 311.7307 0.9231532
car 408.44888 448.12936 55.905647 88.62428 0.9776303
car 110.88544 187.23482 138.67216 238.06998 0.9941122
--
car 458.7453 478.16135 47.100105 63.604874 0.30838016
car 427.97314 480.1219 132.13892 282.3028 0.3469104
car 429.17343 475.26102 94.82228 142.66948 0.6681366
car -1.0911655 76.672806 223.19511 310.8042 0.9481401
car 407.56427 447.40338 55.927597 88.72799 0.9766642
car 110.96036 187.1462 138.70793 238.12991 0.9948447
--
car 458.80835 477.98367 47.076817 63.590054 0.32722867
car 427.9049 480.0737 132.25143 282.2263 0.33137107
car 429.17172 475.26984 94.68084 142.53328 0.67044437
car -1.1503458 76.65842 223.17639 310.57617 0.9544625
car 407.63116 447.37485 55.895046 88.71848 0.977597
car 110.926025 187.19727 138.6498 238.18683 0.99487853
--
car 458.78937 478.006 46.957863 63.582302 0.32116547
car 427.9497 480.17584 132.28279 282.21292 0.32265294
car 429.14282 475.2929 94.73614 142.5711 0.68080527
car -0.08621693 70.773346 218.0381 312.77264 0.95671386
car 406.54123 447.0876 55.78597 89.09418 0.979035
car 110.88668 187.25156 138.61928 238.34186 0.9946073
--
car 427.7226 480.23608 132.29492 282.30466 0.32082206
car 458.81345 478.12476 46.957874 63.49132 0.3351056
car 429.18405 475.34265 94.79056 142.68011 0.6730701
car -0.094578266 70.92346 218.18448 312.93405 0.95957506
car 406.5489 446.99197 55.733616 89.20961 0.9766239
car 110.89625 187.24268 138.64175 238.2499 0.9942037
--
car 458.99393 478.53146 46.97095 63.28715 0.48651856
car 429.3684 475.27823 94.65934 142.4153 0.61795425
car 0.022616386 70.76059 218.98692 312.44315 0.89339745
car 406.51602 447.03418 55.887913 88.83891 0.97783196
car 110.80928 187.24185 138.72855 237.97185 0.99031496
--
car 458.89532 478.60474 46.95508 63.257095 0.4973092
car 429.4367 475.28656 94.2336 142.38441 0.6261494
car 0.014998913 70.461494 218.39871 312.61664 0.93791884
car 406.08438 446.14185 55.39749 89.60496 0.9696435
car 110.86405 187.16621 138.7749 237.98526 0.9897405
--
car 458.8708 478.60724 46.94537 63.248703 0.4923385
car 429.44055 475.24133 94.26156 142.33939 0.6237819
car 0.120728016 70.34463 218.42906 312.89697 0.9367702
car 406.06503 446.1472 55.398933 89.60806 0.9712013
car 110.796 187.2571 138.77992 238.0039 0.99002856
--
car 458.86807 478.60822 46.955433 63.2604 0.49293855
car 429.44025 475.29263 94.31031 142.35905 0.6185025
car 0.034736395 70.40298 218.35686 312.62225 0.9318377
car 406.07056 446.12296 55.382553 89.63243 0.970703
car 110.80523 187.19832 138.85622 237.94565 0.9903165
--
car 458.85248 478.52567 47.032898 63.25771 0.48425215
car 429.53546 475.28915 93.785645 142.35878 0.56543356
car 402.63696 445.28784 53.853306 91.48526 0.9327981
car 0.52012324 69.392456 219.45053 313.22223 0.96354586
car 110.733116 187.25893 139.14178 237.82617 0.9855595
--
car 458.80844 478.52872 47.093304 63.253162 0.45991862
car 429.4774 475.34903 93.87405 142.39731 0.59356314
car 401.85437 445.2809 53.93218 91.23557 0.9009944
car 0.655632 69.03584 219.02588 313.46008 0.95784336
car 110.79434 187.2066 139.32649 237.69022 0.9847148
--
car 458.8499 478.498 47.087585 63.19205 0.46627447
car 429.42627 475.29825 93.99561 142.46053 0.59515774
car 401.8693 445.25998 53.982487 91.255974 0.9020475
car 0.6354475 69.21246 219.12122 313.60138 0.96341664
car 110.784706 187.23695 139.30188 237.69698 0.98405415
--
car 458.8433 478.3384 47.129726 63.3475 0.48485947
car 429.38306 475.52164 93.70894 142.46277 0.590935
car 401.70007 444.62143 53.65456 91.32465 0.9050758
car 1.0337806 68.454124 218.57643 313.4514 0.97154033
car 110.84947 187.21696 139.31505 237.73969 0.9842064
--
car 458.86542 478.363 47.039074 63.39025 0.47767112
car 429.46542 475.3853 93.94713 142.48235 0.56929696
car 401.4609 443.4867 54.13286 91.05859 0.9136467
car 1.0876751 68.26369 218.81534 314.0929 0.9739799
car 110.85472 187.26276 139.29958 237.76718 0.98505944
--
car 458.84967 478.33093 47.217983 63.401146 0.45721436
car 429.25125 475.65018 93.57267 142.3386 0.5812022
car 401.37012 442.19153 55.100243 90.23154 0.9397513
car 0.7394922 67.966835 218.63254 313.34537 0.9628931
car 110.844185 187.25336 139.26553 237.7753 0.9823466
--
car 458.86755 478.31805 47.116745 63.359688 0.46983436
car 429.0585 475.6358 93.42424 142.374 0.60008997
car 401.3535 442.21393 55.01157 90.31784 0.9453291
car 0.73360205 68.04173 218.52953 313.55698 0.9699146
car 110.69468 187.29922 139.19594 237.76021 0.98282856
--
car 458.81302 478.3392 47.21122 63.327873 0.476616
car 428.9381 475.60324 93.225006 142.34596 0.5547079
car 400.47528 440.53476 55.79247 90.063545 0.95924073
car 0.6964195 68.30748 219.01836 313.62933 0.96861523
car 110.69096 187.30815 139.22491 237.74323 0.9831109
--
car 458.93536 478.41168 47.28324 63.485146 0.59713304
car 428.47372 475.318 94.32069 142.25787 0.6950601
car 0.47332764 68.82721 219.96127 314.19598 0.9694652
car 399.43597 439.7611 55.756298 90.23303 0.97945327
car 110.56259 187.47067 139.18585 238.61237 0.98957133
--
car 458.96576 478.40424 47.254402 63.472324 0.6076932
car 428.43683 475.3614 94.27714 142.19894 0.684661
car 0.5174804 68.78479 220.23419 314.15222 0.97233164
car 399.48154 439.78094 55.767857 90.19945 0.98041904
car 110.57646 187.43744 139.2174 238.55841 0.9891064
--
car 459.04657 478.3092 47.12572 63.449688 0.59895754
car 428.24527 475.57718 94.163795 142.28897 0.73360956
car 0.4729843 68.95793 219.97092 314.30927 0.9698555
car 110.484566 187.46983 139.4332 238.43434 0.9872493
car 398.1256 439.34323 56.52832 90.8315 0.989645
--
car 459.11563 478.22598 47.241383 63.44611 0.59982544
car 427.95316 475.6118 94.56429 142.2932 0.74196225
car 0.46075344 69.05565 220.40233 313.94427 0.97525626
car 110.4707 187.47125 139.35924 238.55449 0.9879368
car 396.74182 439.11398 56.538483 91.53944 0.99168825
--
car 459.09433 478.22177 47.26123 63.43803 0.59593755
car 427.92877 475.62448 94.67435 142.3597 0.7574394
car 0.4125023 68.9435 220.39017 313.9848 0.97525233
car 110.48926 187.43132 139.38612 238.49152 0.98727965
car 396.7633 439.1741 56.57584 91.47529 0.9914547
--
car 459.27216 478.03525 46.875782 63.399296 0.599526
car 427.83597 475.6012 94.5486 142.22562 0.78083134
car 0.49949527 68.95459 220.17694 313.8856 0.976442
car 110.50534 187.42596 139.39755 238.45007 0.9881326
car 395.76144 438.1104 56.123047 92.12535 0.9905733
--
car 459.26614 477.9996 46.757275 63.361652 0.602602
car 427.9125 475.45074 94.54158 142.19731 0.77913654
car 0.5949676 68.91362 220.13127 313.44653 0.97845536
car 395.52512 437.32483 55.910336 92.66439 0.9863018
car 110.51 187.39522 139.37973 238.3465 0.98678786
--
car 459.24893 477.9712 46.710262 63.36647 0.60358655
car 427.83786 475.4188 94.57853 142.2149 0.7839676
car 0.5043018 69.03328 220.12155 313.56836 0.9799844
car 395.52737 437.30038 55.9021 92.63162 0.98577183
car 110.54662 187.34627 139.45862 238.32368 0.9863073
--
car 477.41632 480.4315 51.35836 77.48089 0.3260053
car 458.76398 478.89453 44.077705 64.591286 0.49236837
car 427.86465 475.38202 94.430046 142.14027 0.7715921
car 0.46976924 69.061264 220.48041 313.61044 0.9780777
car 395.85562 436.71362 56.110527 93.36099 0.97905827
car 110.50571 187.4086 139.45764 238.30597 0.9866537
--
car 477.41385 480.4315 51.37636 77.45662 0.32495144
car 458.76343 478.90073 44.092873 64.59521 0.4929181
car 427.8471 475.3514 94.45776 142.13333 0.77031857
car 0.40645838 69.16652 220.21327 313.94672 0.9777521
car 395.8252 436.7266 56.017143 93.38059 0.978283
car 110.49881 187.43274 139.50398 238.26001 0.98544383
--
car 477.4138 480.42996 51.356396 77.48208 0.32583702
car 458.75385 478.89505 44.100292 64.58569 0.49599573
car 427.8215 475.36484 94.464355 142.11565 0.77442175
car 0.38544416 69.17151 220.1752 314.0073 0.9780557
car 395.7342 436.80096 56.00598 93.49878 0.98157305
car 110.4492 187.48766 139.54308 238.25696 0.98598915
--
car 477.203 480.30774 51.61767 75.98834 0.4219867
car 458.93372 478.70883 43.688904 64.42519 0.4909255
car 427.58075 475.3838 94.49701 142.26277 0.76666194
car 0.53304434 69.11839 220.10211 314.0133 0.9808389
car 391.76443 435.79172 56.45664 93.16771 0.9836646
car 110.50526 187.44553 139.62477 238.29492 0.9864006
--
car 475.88806 479.56207 43.8546 70.348045 0.32270253
car 476.85727 480.1997 51.779564 75.19793 0.5567512
car 427.3395 475.37646 94.619194 142.39929 0.74824685
car 391.1988 435.57544 55.357613 94.0075 0.9764246
car 0.73337317 68.70148 220.19888 313.90524 0.9827967
car 110.52299 187.42671 139.62343 238.42676 0.9919977
--
car 475.87198 479.55353 43.914154 70.303856 0.32126465
car 476.85025 480.19742 51.795387 75.185 0.5603767
car 427.36148 475.35284 94.5351 142.41927 0.7517354
car 391.18848 435.57288 55.418873 94.006 0.9771733
car 0.6939018 68.7319 220.16676 314.0251 0.9821508
car 110.59609 187.35893 139.65125 238.50276 0.99197006
--
car 459.68967 476.8082 45.72943 63.405704 0.36892706
car 474.5359 479.25922 44.90115 69.67823 0.37710914
car 475.5926 480.11737 52.775852 73.40322 0.62932086
car 427.3047 475.3907 94.453064 142.41884 0.7354991
car 0.66961884 68.63341 220.26363 313.87604 0.98080873
car 390.12573 434.61212 55.503338 93.1412 0.98176384
car 110.56337 187.41637 139.6217 238.56015 0.9918757
--
car 459.6597 476.08313 45.85205 63.157505 0.47626984
car 427.2504 475.72403 94.2173 142.46227 0.7434867
car 473.0514 480.14713 53.792957 72.79982 0.77294135
car 0.7067299 68.70689 220.1398 313.9148 0.9801049
car 110.57266 187.41116 139.61075 238.52554 0.9912159
car 386.84222 432.2898 56.27905 93.63231 0.99238425
--
car 459.9262 475.74902 45.754322 63.66339 0.36402407
car 472.2811 480.27374 53.610138 73.63547 0.7196693
car 427.2178 475.81033 94.438774 142.53049 0.7698231
car 0.7304728 68.713974 219.97371 313.8306 0.9785679
car 385.15805 431.20605 57.101322 94.05124 0.98620933
car 110.55854 187.43153 139.59679 238.5849 0.9916762
--
car 459.9746 475.66287 45.760555 63.641685 0.3477008
car 472.3118 480.26758 53.614685 73.68416 0.7047856
car 427.27206 475.81012 94.404335 142.54662 0.7715207
car 0.71778417 68.760925 219.93282 313.78275 0.9778171
car 385.25668 431.15533 57.052067 94.10382 0.9844264
car 110.507225 187.51549 139.59262 238.611 0.99173003
--
car 460.34488 474.95755 45.774326 63.582413 0.3470122
car 468.6374 479.71887 40.03125 73.17533 0.40112928
car 471.3655 480.3617 53.59548 73.44379 0.68460095
car 427.02234 475.90158 94.37588 142.38242 0.75383973
car 0.7226372 68.72512 219.93694 313.85245 0.97847474
car 384.64075 430.67734 56.747734 94.212 0.98315716
car 110.49142 187.53453 139.6083 238.68494 0.9922358
--
car 460.7395 474.36392 45.838852 63.66274 0.32325536
car 470.185 480.50204 53.11497 73.28615 0.7261882
car 427.29376 475.71494 94.11099 142.33408 0.7390494
car 383.3484 430.69818 56.107235 95.13819 0.9786724
car 0.79054713 68.66624 219.82741 313.92584 0.97894764
car 110.512344 187.56625 139.66827 238.62787 0.9919753
--
car 460.7715 474.417 45.89364 63.693386 0.32332492
car 470.17 480.50238 53.083557 73.34196 0.7171736
car 427.34274 475.82477 94.18372 142.5032 0.7443569
car 0.80462337 68.63158 219.77617 313.8369 0.9773154
car 383.30725 430.78284 56.427937 95.13556 0.9807574
car 110.47606 187.61038 139.62805 238.58067 0.9922052
--
car 466.8962 479.4963 40.991188 73.386475 0.6060778
car 427.1744 475.88013 93.85296 142.38498 0.74989253
car 0.89076877 68.54337 219.60742 313.97668 0.9783138
car 378.97388 430.62106 57.32344 95.25209 0.9841985
car 110.49552 187.57591 139.62038 238.48402 0.9910275
--
car 467.49292 480.04944 48.442905 76.85303 0.77455795
car 426.99866 476.282 93.9339 142.49924 0.8203138
car 0.8637607 68.65258 219.63734 314.08908 0.9790325
car 110.49427 187.60748 139.62949 238.56622 0.99219775
car 377.85437 429.99606 58.49256 95.22414 0.9936513
--
car 467.48703 480.06448 48.292336 76.844666 0.76365983
car 427.04642 476.27353 93.932045 142.48499 0.80946285
car 0.8640146 68.631966 219.60597 314.11664 0.97903866
car 110.47758 187.62909 139.6116 238.55978 0.99209374
car 377.8884 430.02707 58.544582 95.15092 0.9935413
--
car 427.40952 475.76932 93.1996 142.3003 0.79768884
car 466.65503 479.93402 48.772778 76.60343 0.8588501
car 0.6567943 68.97637 220.22284 313.94766 0.9842048
car 376.2406 429.24152 58.676884 94.6779 0.9903646
car 110.468666 187.57364 139.64644 238.49796 0.9940818
--
car 426.97174 475.89243 93.00809 142.30495 0.8196182
car 465.7359 479.72043 48.986347 76.586525 0.89938223
car 0.66776633 68.91745 220.12413 313.98016 0.9844833
car 110.5152 187.54025 139.5778 238.54703 0.99408853
car 374.73203 428.51932 58.524605 94.79796 0.99439514
--
car 427.0471 475.88406 92.90102 142.29688 0.8052694
car 465.73706 479.7162 49.002995 76.59666 0.8978183
car 0.68049073 68.85568 220.16507 313.94138 0.98407805
car 110.5018 187.55179 139.54736 238.54742 0.9940485
car 374.71823 428.532 58.490246 94.86382 0.9941793
--
car 427.16925 475.76044 92.90877 142.31459 0.81896544
car 465.3219 479.4867 49.211174 76.24694 0.89289474
car 0.658139 68.89283 220.15285 313.95755 0.98442596
car 373.38235 426.51382 58.267323 95.25432 0.9914633
car 110.49635 187.57983 139.54117 238.53743 0.993774
--
car 426.85373 475.919 93.17614 142.35507 0.83813167
car 464.45004 479.49332 49.489735 76.33949 0.91476834
car 0.66330314 68.8762 220.15399 313.91144 0.9843596
car 372.30026 424.66 58.19714 96.16303 0.9899495
car 110.50402 187.55328 139.5319 238.49683 0.99317366
--
car 426.85104 475.92627 93.27834 142.44255 0.83707654
car 464.41724 479.4902 49.45839 76.3318 0.91456366
car 0.6564295 68.879684 220.14713 313.88788 0.9843085
car 372.31378 424.56912 58.23963 96.1139 0.9890756
car 110.51467 187.53574 139.5587 238.446 0.9928288
--
car 426.64575 475.98743 93.335175 142.42726 0.85793895
car 463.56888 479.53134 49.738132 76.56533 0.94447625
car 0.6691754 68.86518 220.14667 313.86398 0.98419785
car 372.96082 422.79886 57.65846 96.78013 0.9856806
car 110.546425 187.5064 139.49109 238.57489 0.99254096
--
car 426.4142 476.15436 93.18714 142.32837 0.86418366
car 460.6083 479.89084 48.086708 77.7321 0.9455677
car 369.738 420.76373 58.431515 96.13719 0.97170997
car 0.6747222 68.86321 220.04991 313.9335 0.98391604
car 110.50358 187.53842 139.55585 238.55846 0.9924027
--
car 426.4472 476.10193 93.20429 142.31406 0.861717
car 460.64645 479.854 48.150867 77.71292 0.94674206
car 369.81195 420.59177 58.38761 96.2298 0.9720479
car 0.6826043 68.84419 220.05833 313.90683 0.9837362
car 110.51381 187.55302 139.5796 238.53647 0.9924427
--
car 426.47775 476.09247 93.2183 142.32718 0.8598149
car 460.64508 479.85532 48.143665 77.71737 0.9464598
car 369.77097 420.65344 58.42042 96.2813 0.97188133
car 0.68176746 68.814415 220.1228 313.90134 0.9834915
car 110.52107 187.53935 139.59932 238.53757 0.9926169
--
car 426.18887 476.3153 93.24282 142.30875 0.8792165
car 460.10773 479.85052 47.768303 78.09397 0.9806829
car 368.03882 420.43765 58.54313 96.466385 0.98197204
car 0.6848395 68.821266 220.01987 313.9402 0.9848055
car 110.53504 187.53276 139.61044 238.54597 0.9927035
--
car 426.25647 476.26614 93.055916 142.29012 0.8959437
car 364.86423 419.94653 56.818146 97.52277 0.9777463
car 0.63777924 68.836296 220.10733 313.74136 0.9850969
car 459.24518 479.956 47.81679 78.16089 0.9852249
car 110.5731 187.48824 139.5947 238.47623 0.9927205
--
car 426.49866 476.43228 92.90911 142.31581 0.90953034
car 364.66315 420.0204 56.966934 97.82514 0.9799637
car 0.7833195 68.8221 219.48131 313.63397 0.98385584
car 459.33804 480.08463 47.834858 78.10051 0.9849378
car 110.71059 187.41196 139.55743 238.45465 0.994866
--
car 426.4887 476.48178 92.99459 142.29836 0.91099703
car 0.77984333 68.868286 219.5513 313.73846 0.9849306
car 458.27118 480.0515 47.47359 78.636185 0.98793066
car 364.11203 417.90552 57.153877 98.15544 0.99170595
car 110.73249 187.38814 139.58931 238.48602 0.9946885
--
car 426.4583 476.46582 93.45578 142.26599 0.9114583
car 0.77830553 68.9102 219.62483 313.77487 0.98456746
car 456.48975 479.89996 47.887737 78.858215 0.98710626
car 362.9748 416.3159 57.393578 97.51305 0.9905942
car 110.69194 187.41113 139.49489 238.52849 0.99454314
--
car 426.4472 476.452 93.34627 142.26776 0.9100002
car 0.7850361 68.91124 219.5616 313.72858 0.98492914
car 456.5079 479.9306 47.86741 78.73761 0.9863001
car 362.95953 416.38992 57.420254 97.73982 0.9920418
car 110.69739 187.3976 139.52257 238.50728 0.99441653
--
car 426.56247 476.33505 93.34929 142.31723 0.8911876
car 455.78577 480.21634 47.6982 78.77381 0.9838473
car 0.7816279 68.921875 219.54285 313.7277 0.9851846
car 361.5525 416.02008 58.247925 97.35843 0.9918174
car 110.74055 187.3726 139.5879 238.48032 0.99415416
--
car 426.40488 476.4748 93.761055 142.51598 0.9081099
car 454.48972 479.96054 48.401577 78.67405 0.9830073
car 0.7837701 68.92713 219.54202 313.71906 0.985213
car 359.44772 413.7373 58.60601 97.008835 0.9921005
car 110.76593 187.35832 139.57033 238.49355 0.99431086
--
car 426.4053 476.49747 93.74801 142.49675 0.90681803
car 454.488 479.955 48.459335 78.65008 0.98363954
car 0.86206555 68.85593 219.57318 313.66577 0.98479205
car 359.47156 413.71924 58.62754 97.045876 0.9923261
car 110.73963 187.41577 139.54297 238.55798 0.994206
--
car 426.5743 476.36932 93.81626 142.64017 0.87453806
car 453.46332 479.4267 47.945633 78.96714 0.97007775
car 0.8709705 68.848885 219.53943 313.6897 0.9846091
car 357.47812 414.3484 58.333717 98.03472 0.98714125
car 110.7364 187.43256 139.48225 238.62454 0.9944011
--
car 426.81863 476.31653 93.62703 142.64722 0.8812853
car 451.56613 479.3176 49.02406 79.125626 0.9619487
car 0.84851503 68.84767 219.48206 313.67532 0.98444206
car 356.0799 414.06497 59.803947 99.251884 0.9906398
car 110.71455 187.45059 139.48674 238.55685 0.99425524
--
car 426.97565 476.32004 93.615746 142.64069 0.8882653
car 451.59146 479.3344 49.03989 79.17171 0.96418065
car 0.8178413 68.89471 219.52673 313.6804 0.9839401
car 356.03622 414.1055 59.76449 99.145454 0.9924507
car 110.707794 187.46786 139.47313 238.58115 0.99422675
--
car 426.632 476.29196 93.85841 142.70038 0.9019026
car 450.96143 479.0502 48.265427 79.49899 0.96857303
car 0.8074844 68.90607 219.52774 313.6381 0.9836069
car 354.06805 412.4039 59.354916 99.580864 0.993002
car 110.74592 187.43718 139.46759 238.57191 0.99372953
--
car 426.67477 476.35876 93.89194 142.77338 0.90369344
car 450.3375 478.7915 48.820427 79.46038 0.9643457
car 0.8157599 68.89382 219.45918 313.5936 0.9837918
car 352.5134 411.5193 59.955452 100.02191 0.99347794
car 110.79487 187.38785 139.47128 238.45497 0.9938147
--
car 426.45303 476.383 94.08062 142.75668 0.9420454
car 449.8904 478.33643 49.326973 79.65161 0.9731345
car 0.9005821 68.68201 219.5519 313.60266 0.97651047
car 350.67593 408.58743 58.077797 100.28446 0.9931616
car 110.75159 187.55861 139.47617 238.54794 0.99392533
--
car 426.46802 476.38046 94.063545 142.74905 0.9439273
car 449.88892 478.33078 49.33676 79.65461 0.9734443
car 0.9009254 68.67525 219.54913 313.58786 0.9763286
car 350.6782 408.62305 58.080162 100.27468 0.9931727
car 110.81921 187.48692 139.4895 238.52336 0.99401224
--
car 426.2996 476.18445 94.18059 142.59468 0.9440546
car 0.8933902 68.67506 219.54428 313.6072 0.97619355
car 448.31366 477.76114 49.077847 79.77585 0.9843986
car 110.73161 187.5691 139.41632 238.57077 0.99343204
car 350.0145 405.17902 58.352585 101.30528 0.9958087
--
car 426.27054 476.09824 94.18845 142.45839 0.93791103
car 447.3149 477.2987 49.223133 80.050995 0.97227097
car 0.94308615 68.64696 219.36801 313.63928 0.9779679
car 110.722664 187.60799 139.43082 238.71666 0.9937411
car 348.34573 403.38107 58.80502 101.41564 0.99615705
--
car 426.2606 476.12277 94.248856 142.48077 0.9398495
car 447.3205 477.3392 49.18623 80.00332 0.9736263
car 0.9313667 68.65283 219.38148 313.62668 0.97780865
car 110.75737 187.56909 139.37962 238.74901 0.9937678
car 348.4806 403.25928 58.851658 101.421165 0.996244
--
car 426.25247 476.34515 94.35854 142.45456 0.94163215
car 445.47247 476.73938 49.58481 81.46739 0.96036893
car 0.95805645 68.63331 219.35211 313.6423 0.97857714
car 110.785934 187.54552 139.40004 238.73152 0.9936162
car 346.9389 402.14246 59.019047 101.769875 0.99724376
--
car 426.20844 476.3489 94.3223 142.4314 0.94257313
car 445.4957 476.72272 49.59452 81.38786 0.95948154
car 0.9427178 68.63885 219.3384 313.6389 0.97835916
car 110.80079 187.52812 139.41565 238.69498 0.9937022
car 346.9079 402.13635 59.063717 101.80084 0.9971561
--
car 426.24432 476.4043 94.36136 142.44357 0.9435086
car 445.4887 476.72983 49.602318 81.40616 0.95983154
car 0.95127225 68.62221 219.35521 313.6279 0.9785763
car 110.792885 187.5326 139.3913 238.67719 0.993537
car 346.92383 402.11252 58.99949 101.80851 0.9970918
--
car 426.14447 476.23584 94.71932 142.45847 0.9403226
car 444.95703 476.69562 49.757256 82.11439 0.96825
car 0.95573545 68.60261 219.28458 313.6543 0.978461
car 110.76893 187.55193 139.38179 238.68515 0.9932961
car 344.50635 401.00757 58.3152 101.391655 0.99635553
--
car 426.49713 476.29208 94.61857 142.52626 0.9354601
car 443.64313 476.65012 49.502956 82.67242 0.9649663
car 0.94383 68.608894 219.29018 313.64368 0.97780824
car 110.72738 187.58716 139.41017 238.6202 0.99263877
car 342.71954 400.28796 58.811134 102.521065 0.99447876
--
car 426.44647 476.3178 94.62714 142.52538 0.9328158
car 443.62408 476.73654 49.36791 82.70876 0.9636676
car 0.93788266 68.612236 219.28108 313.65024 0.9777027
car 110.72914 187.58717 139.41684 238.62416 0.9926657
car 342.73056 400.0361 58.76121 102.4665 0.99338984
--
car 426.58228 476.4349 94.86411 142.56233 0.9459949
car 441.9299 475.79565 49.54493 83.403496 0.9764032
car 1.0683417 68.54316 219.41586 313.50885 0.97833914
car 110.6936 187.63782 139.34021 238.6897 0.9926493
car 341.35504 399.4582 58.787186 102.79512 0.9933186
--
car 426.58972 476.69128 94.8053 142.75525 0.95251065
car 440.38455 474.779 49.98424 83.8018 0.9696939
car 0.9429717 68.88353 219.7536 313.8276 0.9841084
car 110.55661 187.67525 139.33542 238.30121 0.9920488
car 337.41827 399.27582 59.17466 103.0206 0.9939104
--
car 426.67877 476.61862 94.80374 142.84468 0.94498116
car 440.39157 474.7687 49.892075 83.85981 0.9690403
car 0.9303367 68.84541 219.67407 313.7784 0.9846977
car 110.46514 187.72034 139.4643 238.10335 0.99162096
car 337.46286 399.35028 59.483135 103.1258 0.9937519
--
car 469.22144 479.12115 43.421455 64.27631 0.3846112
car 426.86078 476.3286 94.51743 142.5714 0.9287573
car 439.7172 473.53873 49.73664 84.24721 0.9815058
car 0.92716455 68.84987 219.61784 313.8143 0.9840358
car 110.432 187.75873 139.42947 238.12935 0.9909731
car 337.3922 398.0033 60.557278 103.67465 0.99693286
--
car 469.05148 479.00122 43.887115 63.65254 0.30369917
car 426.9187 476.189 94.715744 142.51831 0.91961473
car 438.20386 472.37442 49.448265 84.598564 0.98447037
car 0.92300177 68.85501 219.61133 313.83807 0.9851726
car 110.38791 187.7621 139.61314 238.12283 0.9910435
car 333.98282 395.02057 60.614227 105.83709 0.99762994
--
car 426.93192 476.13052 94.98215 142.6284 0.923799
car 436.71948 471.78995 50.191742 84.77924 0.9780916
car 0.92661023 68.86672 219.62477 313.83176 0.9851302
car 110.32397 187.81892 139.46632 238.16612 0.99104077
car 330.2218 392.60757 61.0983 106.08896 0.998661
--
car 426.917 476.09836 95.01542 142.63722 0.9202737
car 436.7346 471.79846 50.180634 84.89816 0.9767894
car 0.9220898 68.876465 219.63522 313.8315 0.9852587
car 110.37419 187.78366 139.454 238.16406 0.9904847
car 330.32202 392.64865 61.050037 106.09256 0.99867356
--
car 467.13345 479.5805 45.127625 62.909115 0.3418036
car 426.76968 476.28778 94.918076 142.71715 0.93527
car 436.03766 470.51505 50.807533 84.82796 0.96494895
car 0.90810657 68.86672 219.65936 313.7852 0.98516333
car 110.37471 187.8002 139.5291 238.16208 0.9902516
car 328.36957 389.83914 61.89285 106.65379 0.9988085
--
car 466.28333 479.91772 45.255116 62.816235 0.3661217
car 426.66205 476.21823 94.86894 142.64464 0.9363389
car 433.67612 469.25018 51.2892 84.96341 0.9787467
car 1.0342419 68.790436 219.83295 313.74225 0.98537916
car 110.41954 187.73352 139.55579 238.13885 0.99060047
car 327.3722 387.84116 62.485107 106.90965 0.9993241
--
car 465.85895 480.1094 45.27078 62.80746 0.38912585
car 426.6339 476.24936 94.7782 142.59024 0.9338579
car 433.67807 469.21442 51.26283 84.92601 0.9787058
car 1.0103166 68.79576 219.87636 313.74 0.9848137
car 110.415184 187.73244 139.56802 238.15292 0.99033755
car 327.43646 387.69812 62.404865 106.974045 0.99931633
--
car 466.1694 479.8327 45.474133 62.67159 0.31736583
car 426.7854 476.20917 94.72663 142.66028 0.9283841
car 433.1294 468.87708 51.19799 85.26105 0.98405814
car 1.0076594 68.7961 219.88385 313.7385 0.9847372
car 110.41073 187.73538 139.52504 238.15831 0.99053764
car 325.13528 386.34677 62.661304 106.98895 0.99880713
--
car 466.61917 479.77393 45.15521 62.9145 0.33436227
car 426.82022 476.12927 94.967766 142.68184 0.9273837
car 431.89142 467.7132 50.56984 85.63088 0.9805027
car 1.0063148 68.79839 219.85269 313.745 0.9844345
car 110.38771 187.75635 139.38536 238.21693 0.9901105
car 322.126 385.47644 62.739975 107.124855 0.9990379
--
car 466.3908 479.8586 45.10104 62.841225 0.31303218
car 426.6978 476.07996 95.005066 142.62714 0.9277943
car 431.87704 467.74878 50.58237 85.64581 0.9799351
car 0.9671509 68.84314 219.70085 313.72684 0.9847098
car 110.38188 187.74603 139.34065 238.17186 0.98994076
car 322.1773 385.29147 62.856644 107.08975 0.9991257
--
car 426.93988 475.98856 95.10167 142.7029 0.9136506
car 430.5287 466.54684 50.98151 85.109825 0.97778374
car 0.944252 68.579056 219.15141 313.78583 0.97956574
car 110.36828 187.6234 138.99586 238.65692 0.9903195
car 320.7151 383.41602 62.954384 107.175835 0.998806
--
car 426.9528 475.7749 95.32787 142.57014 0.9020494
car 0.9912765 68.54771 219.10405 313.98035 0.98266006
car 429.79993 465.45892 51.21236 85.059906 0.9847132
car 110.39961 187.59126 138.98999 238.55598 0.9898934
car 320.22336 383.06952 63.21513 107.232 0.9976375
--
car 426.88922 475.75305 95.414604 142.59128 0.90346134
car 0.9864378 68.570625 219.16841 313.93402 0.98277396
car 429.8359 465.4465 51.19884 85.11111 0.9837802
car 110.377106 187.60939 139.01581 238.57657 0.98944515
car 320.4895 382.7203 63.23579 107.14353 0.9974695
--
car 426.78067 475.8775 95.41454 142.66208 0.90995765
car 428.22397 464.4105 51.18838 85.00598 0.98167676
car 0.9791708 68.583435 219.15637 313.96234 0.982603
car 110.35523 187.64246 138.98036 238.6042 0.989524
car 317.0771 381.6496 65.03597 106.93757 0.9983268
--
car 426.8133 475.85568 95.41231 142.67468 0.90806127
car 428.21243 464.42554 51.14523 85.017204 0.9817502
car 0.99362254 68.59389 219.14107 313.93454 0.9824467
car 110.35929 187.64008 138.97218 238.61168 0.98945063
car 317.1832 381.60577 65.16739 106.882744 0.9980763
--
car 426.79807 475.86615 95.39802 142.67703 0.90831316
car 428.21262 464.4223 51.147472 85.02298 0.98171955
car 0.99217415 68.58336 218.97198 313.97943 0.98252016
car 110.363045 187.64388 138.85791 238.63484 0.9894173
car 317.20676 381.59155 65.22603 106.85146 0.9980482
--
car 426.68585 475.9674 95.44713 142.71301 0.920471
car 426.78033 463.742 51.124683 85.01283 0.9813841
car 1.0022092 68.591156 218.97568 314.0087 0.98316324
car 110.31737 187.70444 138.91632 238.60155 0.98928285
car 316.21695 380.52963 64.68954 107.98447 0.9985337
--
car 426.67838 475.87085 95.257324 142.77563 0.8868417
car 425.6273 462.83496 51.281025 85.335594 0.95798606
car 0.9978998 68.59275 218.93924 314.01694 0.9833783
car 110.32483 187.68729 138.87495 238.60751 0.9899482
car 315.76007 377.5538 64.88418 108.11238 0.99820024
--
car 426.7953 475.774 95.171555 142.88112 0.89105225
car 425.61707 462.922 51.257286 85.32858 0.95757955
car 1.0049307 68.573555 218.89217 314.02362 0.9833939
car 110.305336 187.73268 138.91502 238.5941 0.9898671
car 315.83337 377.3667 64.90471 108.125305 0.9981955
--
car 426.97577 475.76874 95.10349 142.85529 0.88476485
car 421.22247 463.40482 52.243988 88.18801 0.9769145
car 0.94563603 68.619064 218.8402 313.8755 0.9831615
car 110.32382 187.71089 138.96951 238.57977 0.9897184
car 313.7066 374.89642 65.14624 107.9575 0.99861985
--
car 426.9393 475.80853 95.09993 142.81618 0.88908935
car 0.9424281 68.6129 218.75336 313.9252 0.98292696
car 421.3012 462.45667 52.298237 88.16655 0.98697394
car 110.37688 187.6554 138.92395 238.63007 0.98988044
car 309.38223 374.14795 67.27438 110.057175 0.9988596
--
car 426.86816 475.7126 95.01796 142.65117 0.881078
car 0.9794533 68.58301 218.77655 313.99265 0.98295504
car 420.40717 461.75967 52.6376 88.03321 0.98815787
car 110.42981 187.58032 138.9208 238.68607 0.9902407
car 307.45538 373.3511 66.976585 110.89145 0.99841654
--
car 426.95258 475.49435 94.8587 142.78459 0.8676993
car 0.832597 68.47466 218.55647 313.8136 0.97879666
car 420.61145 461.11685 52.99675 87.72488 0.9856503
car 110.47492 187.71906 139.0251 238.7786 0.9900727
car 307.17108 373.4936 67.19255 110.90876 0.99821496
--
car 426.9474 475.6174 94.86334 142.79074 0.8764161
car 0.9418452 68.39082 218.78122 313.92194 0.9805852
car 110.52192 187.62228 139.12537 238.68686 0.9893903
car 420.13785 459.71912 53.737156 87.48786 0.99158806
car 304.91333 372.60324 67.56446 110.8295 0.99808145
--
car 427.15784 475.42786 94.89859 142.76492 0.89745206
car 0.92074156 68.42905 218.8036 313.86813 0.981343
car 110.546524 187.59355 139.16338 238.69519 0.9889874
car 419.00903 458.60815 54.11374 87.3266 0.9914255
car 303.05072 371.01523 68.31837 109.80922 0.9979297
--
car 427.2405 475.4289 94.896965 142.77641 0.8952841
car 0.9199512 68.42437 218.78935 313.8824 0.98174995
car 110.58458 187.55788 139.19232 238.65584 0.9893683
car 419.00732 458.62463 54.196518 87.28888 0.99135995
car 303.2321 370.81107 68.4588 109.731865 0.99789023
--
car 427.16824 475.6513 94.658394 142.69228 0.9011938
car 0.92250824 68.42176 218.79384 313.8719 0.9815256
car 416.86908 457.09415 54.08447 87.62318 0.98906875
car 110.58743 187.54898 139.15363 238.69994 0.9893905
car 300.0396 370.06445 68.99721 109.558754 0.9987689
--
car 427.24744 475.48398 94.78737 142.67393 0.89677703
car 0.93239665 68.410904 218.8232 313.88803 0.98113424
car 415.18542 456.4242 53.519974 88.63711 0.98353
car 110.56628 187.55746 139.17046 238.68826 0.9897283
car 298.85583 369.53293 69.3176 109.7885 0.9968398
--
car 427.19168 475.4789 94.782936 142.65204 0.9031313
car 0.9300506 68.411766 218.82715 313.88583 0.98100555
car 415.16315 456.40417 53.4577 88.69323 0.98555136
car 110.56235 187.56543 139.15874 238.68959 0.9897117
car 298.93076 369.43436 69.50403 109.72836 0.9968166
--
car 459.4037 478.42834 47.149883 62.708797 0.3681604
car 427.36682 475.40115 94.80609 142.50333 0.8874307
car 0.92217207 68.42079 218.81978 313.87546 0.9815037
car 413.89044 456.4373 52.832012 89.6213 0.9817825
car 110.58592 187.55186 139.17708 238.6827 0.98989314
car 296.40787 370.84802 70.08687 109.24131 0.99674374
--
car 459.23938 478.5498 47.11833 62.81926 0.39816636
car 427.61548 475.2511 94.72945 142.29402 0.87601113
car 0.9176552 68.416046 218.84872 313.87506 0.98174226
car 411.74396 454.911 52.09659 90.4207 0.98319215
car 110.59426 187.54419 139.19922 238.66742 0.98989296
car 295.14148 365.13342 69.15658 110.14071 0.996322
--
car 459.24524 478.53436 47.102997 62.79529 0.4032374
car 427.63165 475.23514 94.7133 142.28838 0.8739041
car 0.9204769 68.413765 218.83418 313.87408 0.9816962
car 411.72836 454.94308 52.07557 90.45018 0.98345906
car 110.58513 187.55975 139.21309 238.65918 0.98982155
car 295.15656 365.14365 69.18484 110.174934 0.99641097
--
car 458.77878 478.96445 47.179382 62.799248 0.47511622
car 427.79782 475.25824 94.456566 142.19276 0.8804292
car 0.91106415 68.410675 218.77919 313.86942 0.9809145
car 410.9432 454.71405 52.214355 90.67778 0.98814493
car 110.55622 187.5792 139.181 238.68483 0.9897977
car 293.11786 364.0844 68.61657 111.293396 0.99734515
--
car 458.59146 479.04337 47.344025 62.77958 0.46497178
car 428.1091 475.1813 94.421234 142.16075 0.86230165
car 0.9115505 68.40948 218.77528 313.8655 0.9808513
car 410.72717 453.42416 52.784424 90.86233 0.9879792
car 110.54157 187.59819 139.19005 238.68317 0.98942626
car 291.6483 361.4071 67.85431 111.74134 0.9980988
--
car 458.73 478.6358 47.2645 62.656322 0.4389559
car 428.311 475.29486 94.239296 142.19342 0.87244946
car 0.87724686 68.46122 218.52345 313.70242 0.9741316
car 410.5327 453.53864 52.62404 90.851944 0.9847067
car 110.39433 187.68704 139.29439 238.54291 0.990605
car 291.09912 362.26056 67.96658 111.69562 0.9979754
--
car 458.8177 478.6364 47.422894 62.892147 0.41338152
car 428.46896 475.27313 94.25656 142.27315 0.8439777
car 0.88219285 68.45236 218.55534 313.82507 0.9757462
car 409.82083 452.13998 53.424713 90.12534 0.9843364
car 110.439705 187.62819 139.31207 238.54836 0.990186
car 289.4218 360.9753 67.683876 112.640945 0.99775934
--
car 458.7666 478.63693 47.43977 63.025013 0.38992205
car 428.53516 475.18036 94.29584 142.3275 0.8144082
car 0.8869314 68.464966 218.44263 313.8388 0.97610056
car 408.23505 450.83173 53.56193 90.57432 0.9862886
car 110.51347 187.55261 139.3068 238.6187 0.9901742
car 288.89722 357.3674 67.93736 112.891914 0.9963834
--
car 458.61874 478.70633 47.469772 62.927364 0.39591673
car 428.388 475.16974 94.24481 142.31287 0.7757537
car 0.88906646 68.4803 218.5544 313.8276 0.9758515
car 404.15536 453.77124 50.897114 92.836136 0.9796569
car 110.57506 187.45183 139.36856 238.56743 0.99039775
car 285.86127 357.9047 67.85548 113.44167 0.9970371
