--
car 458.07837 478.2411 99.57115 120.549866 0.37144452
car 464.93735 479.51636 145.37648 185.31624 0.68236375
car 402.2898 460.11682 163.12683 223.50352 0.97260606
--
car 458.38925 478.16614 99.939255 120.86079 0.43407756
car 464.68524 479.4669 146.10603 184.74721 0.71314913
car 402.37576 460.07422 163.98824 223.30928 0.9813252
--
car 458.5007 478.3141 99.695915 120.8662 0.4656791
car 464.7022 479.46985 146.04333 184.78142 0.7139627
car 402.13434 459.9674 163.96642 223.31306 0.97746074
--
car 458.56982 478.31888 99.6048 120.81998 0.4450626
car 464.7439 479.51648 146.26529 184.35693 0.7056514
car 402.29996 460.15604 164.25476 222.81477 0.9747882
--
car 458.63165 478.26587 99.56379 120.89289 0.4611256
car 464.7475 479.48633 145.97023 183.65253 0.7314267
car 402.18958 459.52948 163.93283 222.58197 0.979673
--
car 458.6976 478.37308 99.47492 120.90168 0.43184033
car 464.5965 479.4884 145.95537 183.60886 0.7258302
car 402.16562 459.4636 163.78862 222.68448 0.9743499
--
car 458.73068 478.37817 99.837685 121.11415 0.44854876
car 464.68616 479.466 145.72038 183.7833 0.72646576
car 402.11545 459.10544 164.14935 222.68987 0.9779482
--
car 458.71494 478.2742 99.861145 121.06265 0.48091903
car 464.7871 479.4511 145.81049 183.66096 0.7198878
car 402.21033 459.02005 164.57256 222.38013 0.9787721
--
car 458.72836 478.27136 99.99693 121.107185 0.4983277
car 464.7788 479.45157 145.70837 183.77458 0.7409028
car 402.3109 459.21826 164.30148 222.47234 0.9790752
--
car 458.789 478.24402 99.84011 121.11679 0.50879425
car 464.76422 479.46576 145.54713 183.83397 0.7373156
car 402.2838 459.34634 163.96248 222.51561 0.97709227
--
car 458.79828 478.2223 99.88102 121.17424 0.483388
car 464.7191 479.5072 145.47006 183.9607 0.71721536
car 402.22787 459.10037 164.04358 222.49557 0.97526985
--
car 458.80243 478.27765 99.893036 121.2128 0.44949588
car 464.70282 479.52527 145.76567 183.79265 0.6829043
car 402.29678 459.2074 163.94121 222.93033 0.9689894
--
car 459.5029 478.07672 100.06661 121.18121 0.58306783
car 464.51294 479.5771 145.38072 184.72292 0.67432666
car 402.5156 458.9995 163.37181 224.25499 0.9443627
--
car 459.49313 478.08463 100.05381 121.181206 0.59273887
car 464.5315 479.5881 145.42699 184.64792 0.68539435
car 402.54706 459.2361 163.2214 224.35492 0.94904137
--
car 459.48386 478.08768 100.07498 121.163704 0.584077
car 464.5324 479.5816 145.51602 184.60104 0.68791276
car 402.45517 459.08655 163.29272 224.18631 0.95090026
--
car 459.49142 478.0877 100.0694 121.21237 0.59249836
car 464.53186 479.57895 145.53728 184.58884 0.690885
car 402.46606 459.07202 163.1934 224.27438 0.94547135
--
car 459.49463 478.08624 100.07187 121.2266 0.59165406
car 464.51843 479.56763 145.50766 184.61484 0.6890606
car 402.50766 459.00214 163.24316 224.1342 0.94461995
--
car 459.47665 478.09647 100.1517 121.196846 0.5829471
car 464.5334 479.55713 145.54335 184.45999 0.69718754
car 402.60773 459.02533 163.33128 224.15822 0.9445934
--
car 459.4501 478.14902 100.162834 121.23859 0.59460604
car 464.64948 479.49188 145.20575 184.7839 0.73733145
car 402.56113 458.71643 163.36699 223.88373 0.9454081
--
car 459.37982 478.17157 99.9617 121.15536 0.54857725
car 464.7157 479.49722 145.40326 184.72238 0.70574737
car 401.1267 458.56787 171.0886 228.69098 0.9232275
--
car 459.4001 478.16147 100.007805 121.1358 0.56003225
car 464.65897 479.48764 145.24828 184.87892 0.71862644
car 402.59225 458.55878 163.41174 223.61888 0.93329793
--
car 459.37735 478.1566 100.05447 121.13405 0.5544618
car 464.66586 479.48178 145.25572 184.75174 0.7136881
car 402.64868 458.46854 163.69934 223.76244 0.93939394
--
car 459.38385 478.15918 100.07668 121.12973 0.55298847
car 464.6734 479.45523 145.1345 184.87968 0.705752
car 402.49396 458.7769 164.04443 223.69812 0.93082213
--
car 459.31735 478.05475 100.15421 121.07246 0.52303636
car 464.6549 479.49762 145.04448 185.11208 0.7010365
car 401.09366 458.37057 171.29477 228.52245 0.93997407
--
car 459.25223 478.51538 99.90644 120.9264 0.42137855
car 464.67093 479.43668 144.8154 184.90385 0.7235637
car 401.4191 458.1015 171.33177 228.96153 0.92054147
--
car 459.25888 478.527 99.91085 120.91012 0.41800046
car 464.67792 479.44067 144.82903 184.81255 0.7280789
car 401.31833 458.42035 171.04556 229.07497 0.9213846
--
car 459.28333 478.51633 99.993286 120.87066 0.43893942
car 464.66742 479.41254 144.93396 184.6434 0.7425544
car 401.23837 458.51874 171.537 228.45146 0.9387174
--
car 459.29715 478.52884 99.92268 120.84861 0.4325832
car 464.64496 479.4422 144.89198 184.72676 0.72878945
car 401.3129 458.58234 171.50233 228.5388 0.92669106
--
car 459.27954 478.5167 99.95402 120.86463 0.42804208
car 464.71036 479.44806 144.9878 184.72934 0.7240895
car 401.42685 458.31433 171.70717 228.25664 0.93374956
--
car 459.38614 478.51242 100.15073 120.92585 0.53114533
car 464.6529 479.45917 144.96756 184.91734 0.7155341
car 401.17523 458.93643 171.2041 228.73576 0.9254572
--
car 459.3953 478.50726 100.114784 120.94342 0.5171163
car 464.6881 479.4799 144.98727 184.83469 0.72585243
car 401.05875 458.8541 171.30739 228.65912 0.9277122
--
car 459.58054 478.54837 99.79117 120.906654 0.5631719
car 464.66898 479.47162 145.00513 184.775 0.7508663
car 402.8477 459.79016 163.20316 224.32735 0.94270843
--
car 459.41724 478.29764 99.93325 120.949005 0.6176928
car 464.6437 479.46634 145.15434 184.76086 0.75876564
car 401.49863 459.38828 170.55562 229.3141 0.9302717
--
car 459.41516 478.25787 99.96196 120.95445 0.6236287
car 464.6719 479.44342 145.17006 184.62672 0.75776154
car 402.99194 459.7052 163.26279 223.84041 0.93895245
--
car 459.4338 478.25653 99.88199 120.92411 0.6165697
car 464.61823 479.45828 145.15936 184.72968 0.7544826
car 402.9516 459.55945 163.41144 223.71153 0.9453802
--
car 459.42328 478.2903 99.73117 120.831985 0.591733
car 464.68237 479.49628 145.07101 184.90488 0.7418361
car 402.97995 459.47348 163.29527 223.96147 0.9456568
--
car 459.1075 478.4639 99.94025 120.90357 0.4508354
car 464.74564 479.4963 145.22565 184.53345 0.7909039
car 401.22614 459.4349 169.89784 230.06364 0.95600104
--
car 459.09344 478.47076 99.95841 120.91365 0.4461603
car 464.73514 479.48993 145.1958 184.51364 0.78599894
car 401.2349 459.485 169.9992 229.98271 0.9556741
--
car 459.13254 478.5246 99.952934 120.93097 0.46949336
car 464.7202 479.46902 145.26843 184.41591 0.7899805
car 401.05542 459.6514 170.04178 229.94812 0.95801353
--
car 459.147 478.51074 99.95869 120.92097 0.4605837
car 464.71 479.48035 145.37073 184.29713 0.79413545
car 401.0322 459.6398 170.15321 229.85654 0.9584508
--
car 459.12207 478.508 99.98666 120.913185 0.4503964
car 464.7751 479.46033 145.29576 184.39954 0.78436166
car 400.97348 459.78403 170.16153 229.8547 0.9586669
--
car 459.20883 478.49506 99.90478 120.90761 0.4754053
car 464.73257 479.45203 145.315 184.4062 0.80419177
car 400.9492 460.05707 170.20209 229.89587 0.97087115
--
car 459.16144 478.4146 99.80437 121.31793 0.46621218
car 464.73984 479.45935 145.3688 184.40419 0.7934697
car 400.89215 459.5619 170.22783 229.7885 0.96921897
--
car 459.17627 478.46906 99.82856 121.32123 0.4797383
car 464.71445 479.46182 145.3754 184.44818 0.7886534
car 400.79764 459.50876 170.0583 229.96878 0.96584916
--
car 458.94568 478.22812 99.317375 121.29741 0.47233456
car 476.6383 480.3534 108.164444 135.13864 0.59869206
car 464.7302 479.46103 145.2633 184.57936 0.7851114
car 401.0263 459.5098 169.99315 230.08926 0.95892614
--
car 458.8198 478.24933 99.14557 121.33003 0.4152045
car 475.8031 480.344 107.69629 135.55952 0.74364436
car 464.6657 479.48227 145.32155 184.6899 0.75740266
car 400.89676 459.70474 170.16351 229.8893 0.96086186
--
car 458.80865 478.257 99.166115 121.322945 0.4105703
car 475.79657 480.3458 107.77627 135.51869 0.7484848
car 464.6619 479.46677 145.33743 184.68286 0.7568277
car 400.91736 459.71716 169.99393 230.0509 0.9586373
--
car 458.89624 477.94446 98.821785 121.316055 0.32965618
car 464.71304 479.51358 145.77599 184.53609 0.70142037
car 474.2777 480.1275 107.74141 136.22722 0.7381213
car 400.68567 459.76447 170.52806 229.45084 0.9676354
--
car 459.30402 478.52518 98.67637 121.17894 0.40633044
car 473.15506 480.0225 108.11934 135.43524 0.5495273
car 464.52005 479.64127 145.19456 185.06818 0.65310466
car 400.99258 458.22702 170.45654 229.968 0.9521023
--
car 459.3003 478.52264 98.7083 121.18203 0.4039463
car 473.1532 480.0214 108.14407 135.4167 0.5539924
car 464.56693 479.64944 145.29314 184.98958 0.6584129
car 400.97748 458.26627 170.46877 229.89215 0.9535712
--
car 464.66254 479.61328 145.49174 185.15723 0.59458375
car 468.28653 479.85315 105.96112 137.04752 0.77317727
car 400.94485 458.0964 170.67157 229.685 0.9408732
--
car 464.584 479.65784 146.01724 185.02678 0.6304085
car 467.11044 479.79105 107.75525 136.55675 0.840616
car 400.8597 458.20102 170.48608 229.72433 0.9484265
--
car 464.59277 479.6555 146.02187 185.03986 0.62575376
car 467.12814 479.80603 107.72314 136.5939 0.84614563
car 400.96783 458.04816 170.6752 229.5073 0.9597294
--
car 464.62384 479.63403 146.40543 184.6838 0.65026826
car 466.54617 479.99048 113.606705 139.52255 0.8127947
car 400.95425 458.12357 170.56836 229.49997 0.9556592
--
car 464.67697 479.59634 146.89319 184.30495 0.6672417
car 464.64734 479.40784 114.05098 139.69402 0.91056716
car 400.9566 457.47217 171.17963 229.05702 0.95527434
--
car 464.61475 479.59546 146.90602 184.32867 0.66458845
car 464.6593 479.40845 114.02939 139.68011 0.90945345
car 400.93115 457.71243 171.00984 229.12108 0.9510617
--
car 464.60104 479.6697 147.09135 183.99405 0.69347334
car 463.17578 479.58505 113.94143 139.60217 0.9261824
car 400.97766 458.06885 170.81538 229.56624 0.9422103
--
car 464.67618 479.6164 147.03358 184.25673 0.6855594
car 400.91333 457.98767 170.61635 229.75284 0.9423448
car 459.32166 480.01987 111.84827 140.93208 0.96229124
--
car 464.68594 479.65384 147.13765 184.24141 0.7010999
car 401.01266 458.19733 170.40863 229.91008 0.9499844
car 456.5637 480.04605 111.552795 141.16429 0.95980614
--
car 464.6226 479.64584 147.2008 184.17908 0.71073216
car 400.99722 458.07922 170.50386 229.72322 0.95439327
car 456.59622 480.05408 111.566826 141.18771 0.96139014
--
car 464.66495 479.6127 147.39226 184.226 0.76040417
car 401.14337 458.85593 170.55843 229.48058 0.94533753
car 456.50436 479.90903 111.85353 141.10779 0.94948226
--
car 464.6826 479.57822 147.64209 183.97765 0.77392876
car 455.05255 479.86606 113.14513 140.77611 0.94429
car 401.0608 459.3082 170.27959 229.71056 0.94552433
--
car 464.7143 479.57068 147.60855 184.05548 0.78531
car 455.0314 479.8736 113.15849 140.83331 0.94758713
car 400.8239 459.628 170.3711 229.59306 0.9524956
--
car 464.73584 479.60013 147.24161 184.3002 0.8021002
car 400.95752 459.65427 170.19586 229.7763 0.9496767
car 452.40726 479.04407 114.56228 141.37646 0.9577083
--
car 464.84268 479.5341 146.759 184.60326 0.8098248
car 402.42645 459.92786 163.61328 223.43604 0.95052135
car 451.14233 476.6971 113.992134 142.30962 0.9622744
--
car 464.82788 479.53806 146.80595 184.53304 0.8160641
car 402.5146 459.94812 163.69798 223.57913 0.9491085
car 451.18454 476.79092 113.969315 142.40721 0.9641074
--
car 464.8005 479.5343 146.79579 184.70256 0.8031926
car 400.89914 459.87595 170.35603 229.56378 0.9525999
car 447.25888 474.76526 114.7472 143.08493 0.95418245
--
car 464.68283 479.51727 146.4163 184.92284 0.8011487
car 402.6023 459.90024 164.68161 223.23737 0.96760094
car 445.31824 474.54688 115.259995 143.87802 0.97885233
--
car 464.67703 479.53683 146.39519 184.91748 0.8036127
car 402.7118 459.8765 164.36047 223.32986 0.9641885
car 445.44742 474.5345 115.245544 143.90096 0.97965884
--
car 464.61923 479.5029 145.60262 185.44632 0.78966725
car 402.42038 460.16818 164.51445 223.47318 0.9731214
car 441.8757 473.08917 115.26864 146.22952 0.9873401
--
car 464.66742 479.61874 145.61368 185.44188 0.77622485
car 402.57407 460.1854 164.48422 223.22412 0.9725453
car 438.7496 470.75854 115.9144 146.50217 0.98579735
--
car 464.70276 479.59863 145.53781 185.61255 0.78837717
car 402.44507 460.20175 164.39856 223.5632 0.9735669
car 438.83728 470.78885 115.92385 146.53194 0.9864208
--
car 459.37195 479.0088 99.5536 121.29234 0.41395882
car 464.41647 479.86325 145.53258 185.68596 0.7271467
car 403.25552 459.07993 163.64247 224.38434 0.9658959
car 436.2097 466.9538 116.56666 147.2874 0.9901348
--
car 459.2364 479.05194 99.17453 120.68977 0.44320825
car 464.6495 479.79697 145.14745 185.94276 0.7249492
car 403.30045 459.25885 163.37532 224.42824 0.9643242
car 432.27097 465.60074 116.04722 148.43279 0.9861136
--
car 459.24182 479.0428 99.1584 120.68674 0.4477759
car 464.64136 479.78595 145.15532 185.95723 0.7299212
car 403.26648 459.3031 163.43748 224.44954 0.96377736
car 432.32318 465.58914 116.032104 148.42346 0.986454
--
car 459.23486 478.96036 98.77121 119.92161 0.43971232
car 464.4705 479.87424 145.11063 185.67232 0.78211385
car 403.12036 458.83228 163.62033 224.3294 0.95336294
car 430.2 463.2875 115.43504 149.84938 0.99023175
--
car 459.5728 478.6972 99.21491 120.279564 0.33024314
car 464.56546 479.87823 144.78001 185.65671 0.79676455
car 403.2184 458.57962 163.80186 223.99728 0.95089054
car 425.21133 459.2285 115.93706 149.26636 0.990241
--
car 459.50134 478.6233 99.20133 120.21933 0.33507493
car 464.532 479.9154 144.71367 185.39038 0.8124474
car 401.49435 459.37973 169.77182 230.33978 0.9571349
car 422.37094 458.0703 118.91517 151.47488 0.9927326
--
car 459.5255 478.62604 99.05427 120.29 0.38944736
car 464.48196 479.93033 144.71375 185.3731 0.8250029
car 401.55823 459.27954 169.91255 230.28427 0.9512353
car 422.27936 458.201 118.879395 151.53334 0.9926533
--
car 459.63956 478.7672 99.46195 120.8945 0.49472243
car 464.42865 479.79126 144.83987 185.32701 0.85042936
car 401.23285 459.61652 169.89177 230.26247 0.9592559
car 418.5929 454.72293 118.542984 152.4516 0.9843307
--
car 459.3461 478.68054 100.200745 120.79861 0.51400506
car 464.63416 479.5782 144.9221 185.38318 0.8676422
car 403.04434 458.245 167.69179 223.98625 0.9798813
car 410.81546 449.35825 120.46538 154.32234 0.9961134
--
car 459.32788 478.67957 100.224686 120.777985 0.502332
car 464.57797 479.587 144.83446 185.47658 0.8697261
car 401.39447 459.13898 170.61397 229.28708 0.97954845
car 410.8126 449.3445 120.48212 154.31749 0.99603087
--
car 459.14227 478.675 100.23981 120.75379 0.5175794
car 464.6039 479.5886 144.75023 185.47177 0.8621464
car 403.68515 458.41315 167.57541 222.9674 0.97586405
car 406.64664 446.29834 121.3803 156.13483 0.99254745
--
car 459.2755 478.61993 100.10278 120.734314 0.50278467
car 464.51224 479.61133 144.92995 185.39879 0.8501149
car 403.77094 458.6878 167.80115 223.03017 0.975595
car 401.58725 442.79962 122.090744 158.53748 0.9948434
--
car 459.2079 478.5006 100.37361 120.7009 0.4439698
car 464.58218 479.4864 144.72908 185.48994 0.8772846
car 403.84875 458.65387 168.03975 222.69415 0.98085696
car 401.44843 442.7159 122.16253 158.56699 0.9945131
--
car 459.14502 478.48132 100.519745 120.86163 0.4022241
car 464.64728 479.42676 144.82552 185.37491 0.8816067
car 396.74646 439.89224 122.22837 159.34741 0.9902133
car 403.39905 459.2231 167.73483 222.9559 0.99060965
--
car 459.23077 478.0346 103.18164 120.84193 0.36077678
car 464.5558 479.4615 144.82005 185.26503 0.8711318
car 404.27536 458.46164 167.49706 223.0513 0.98559046
car 390.52545 435.1837 122.417854 161.6225 0.98628634
--
car 459.23785 478.03317 103.19775 120.86357 0.35957432
car 464.57272 479.4654 144.73567 185.34157 0.873549
car 404.17804 458.49713 167.5516 223.14119 0.9854049
car 391.49765 435.612 124.82138 163.85855 0.9857859
--
car 459.23785 478.01538 103.20503 120.84452 0.34370154
car 464.58582 479.45523 144.71605 185.3436 0.8752651
car 391.49918 435.62674 124.84669 163.85983 0.9857311
car 404.21033 458.49084 167.54475 223.16718 0.986005
--
car 459.20956 478.10327 103.26142 120.77453 0.37551504
car 464.57288 479.4708 144.95511 185.1616 0.88683033
car 386.34988 431.40915 124.431465 164.29155 0.9682511
car 403.55936 458.35785 168.27034 223.22377 0.98752415
--
car 459.25104 478.4688 100.32797 120.91262 0.37493986
car 464.5987 479.4561 144.77637 185.24168 0.8864495
car 386.35745 431.3927 124.378365 164.37898 0.96962047
car 403.7265 458.3164 168.15044 223.34042 0.98673505
--
car 459.2604 478.4492 100.276054 120.87285 0.37785035
car 464.60645 479.4651 144.60738 185.3879 0.88065785
car 403.16882 458.70013 167.95053 223.72495 0.9862447
car 380.87857 426.98682 126.211685 164.46455 0.99614245
--
car 464.52765 479.50424 144.54407 185.4179 0.87349236
car 402.0599 458.90625 167.13643 224.67209 0.9854598
car 374.7678 422.27985 125.41746 167.76735 0.99381393
--
car 464.61066 479.5105 144.61104 185.43748 0.8795947
car 401.91937 458.95505 167.11104 224.72879 0.9852349
car 374.7805 422.494 125.44374 167.72157 0.994358
--
car 464.38422 479.5484 144.64934 185.29247 0.8823376
car 401.8614 458.20288 166.3238 224.56238 0.9822246
car 369.67117 415.42407 127.24785 169.17993 0.99579173
--
car 337.1992 466.02048 316.53516 361.7818 0.47185254
car 464.53354 479.53183 144.58395 185.32816 0.86277896
car 402.30576 458.42 165.76324 224.13567 0.99108577
car 363.34433 410.58395 129.66174 171.34598 0.99600226
--
car 459.13348 478.5396 99.97348 120.35977 0.3685559
car 356.3942 386.6945 259.76407 287.0357 0.4403857
car 328.7351 466.24533 308.55777 358.61215 0.7790111
car 464.60074 479.58472 144.28465 185.80005 0.8339053
car 403.82895 458.78943 163.94885 223.15657 0.98853177
car 355.60223 408.38284 130.06271 174.54495 0.9913387
--
car 356.4942 386.17548 259.62723 287.22427 0.3625511
car 459.1351 478.53616 99.97329 120.34231 0.37134612
car 328.5296 466.90128 308.62067 358.56354 0.7789484
car 464.61188 479.57874 144.26001 185.75394 0.8339367
car 403.86084 458.7457 163.91716 223.13129 0.98817074
car 355.69086 408.32562 130.05177 174.48152 0.991011
--
car 459.10278 478.54224 99.90297 120.33486 0.38404322
car 355.62668 387.1058 259.8984 287.25092 0.6045822
car 464.60538 479.55017 144.38083 185.7622 0.8346644
car 307.41187 464.95056 283.64874 357.26642 0.9579859
car 403.37753 459.28506 162.2094 224.19753 0.9822119
car 348.9087 401.87277 131.43304 175.96587 0.9942069
--
car 459.1517 478.5714 99.97995 120.39116 0.3924833
car 355.5444 386.437 260.21063 286.5878 0.45622265
car 464.58987 479.55698 144.43546 185.71483 0.8346765
car 403.00003 460.05856 162.95744 223.28322 0.9848446
car 290.27957 436.6488 279.59912 354.48413 0.99167776
car 340.5715 399.57364 130.74767 178.43993 0.99711037
--
car 459.14825 478.56516 99.99413 120.39684 0.39165992
car 355.52423 386.45364 260.1806 286.66296 0.44750503
car 464.62854 479.55597 144.45946 185.6312 0.83698106
car 403.00024 460.02332 162.97044 223.27716 0.9856346
car 290.21283 436.64435 279.54477 354.6005 0.9919795
car 340.57608 399.56586 130.83981 178.41982 0.99736243
--
car 459.1629 478.52042 100.06717 120.43743 0.35304743
car 464.64038 479.56628 144.41826 185.65161 0.84328145
car 280.50632 422.77673 271.36896 353.55716 0.98714054
car 402.64212 459.9336 163.25735 223.36337 0.9884195
car 332.70193 392.48306 133.42207 180.90115 0.9991665
--
car 459.16772 478.5144 100.15319 120.45859 0.35274306
car 464.5742 479.56693 144.57771 185.60541 0.85081756
car 271.51706 403.67773 253.67029 352.11063 0.98544854
car 402.20282 459.7397 163.75449 222.4846 0.9911655
car 322.01416 386.51855 133.4152 185.47014 0.9981211
--
car 459.16315 478.5095 100.15179 120.43982 0.3435396
car 464.57416 479.56702 144.55539 185.62933 0.84843636
car 271.6651 403.33145 253.75807 351.81427 0.9835658
car 402.23093 459.78757 163.6481 222.19807 0.9911404
car 321.969 386.4849 133.37064 185.42192 0.9982815
--
car 459.07553 478.41714 99.94032 120.44538 0.30604208
car 464.57193 479.5808 144.75633 185.4182 0.8532206
car 258.8016 387.04697 249.0319 356.53445 0.99245965
car 402.38528 459.97543 164.26335 222.60796 0.9933213
car 313.70154 382.44357 138.97688 187.57935 0.9964411
--
car 459.05206 478.37186 99.77739 120.41523 0.30116218
car 464.5164 479.62027 144.56297 185.45085 0.8275434
car 250.98175 367.26132 242.84073 349.81863 0.9895511
car 403.41068 460.23215 163.85211 222.97795 0.98998654
car 301.7938 374.67297 137.97836 191.61723 0.9911118
--
car 459.10324 478.45667 99.66588 120.38819 0.3264413
car 464.5379 479.59152 144.6055 185.4761 0.82714367
car 403.27798 460.22464 163.90884 223.24915 0.99096316
car 251.16185 367.32877 242.61298 349.77835 0.9911257
car 301.74808 374.73566 138.0029 191.65527 0.99132246
--
car 464.58698 479.5795 144.52946 185.61836 0.8185129
car 295.3589 366.71204 140.74951 193.41725 0.9744455
car 243.41737 350.59512 234.82475 331.15738 0.9885207
car 403.48184 459.92075 164.00705 223.62987 0.9914466
--
car 464.62082 479.57065 144.91255 185.16312 0.8172184
car 233.95544 337.2311 226.84933 324.2792 0.9926181
car 282.85138 358.7654 140.29292 199.1733 0.99321645
car 403.49536 460.17676 163.20564 225.0393 0.99393624
--
car 464.62085 479.5771 144.92563 185.14856 0.81969166
car 234.06454 337.1754 226.92844 324.15857 0.99203634
car 282.8761 358.76056 140.24942 199.1601 0.9931346
car 403.4945 460.13696 163.26501 224.87097 0.9939795
--
car 464.6976 479.5508 145.04166 185.0495 0.82230556
car 225.8974 320.05524 216.33295 311.74054 0.9731742
car 273.78076 350.24622 141.09451 203.62167 0.9861211
car 403.4135 459.99567 163.21677 225.07094 0.9926164
--
car 464.70532 479.54556 145.05072 185.03125 0.8235005
car 226.04361 319.68628 216.3423 312.05383 0.9754996
car 273.802 350.1979 141.0358 203.65794 0.986741
car 403.49255 459.99084 163.17088 225.09326 0.9926402
--
car 464.7102 479.54535 145.04189 185.04036 0.8219716
car 225.97366 319.8171 216.42714 312.0118 0.975188
car 273.85764 350.17822 141.01147 203.70042 0.9867704
car 403.50497 460.021 163.1198 225.10115 0.9923804
--
car 464.72284 479.56375 144.98595 185.14145 0.802144
car 249.35477 331.54648 151.21562 211.87303 0.9464105
car 203.33948 291.83624 205.56047 278.7376 0.95865023
car 403.09686 459.96527 162.80373 225.1921 0.9935168
--
car 464.5858 479.54916 145.08095 185.12749 0.8102395
car 200.20943 295.07767 195.37299 271.32346 0.9035088
car 238.6977 322.66083 153.41943 209.2914 0.9356495
car 403.13574 459.85803 162.76141 225.06189 0.99421746
--
car 231.28883 309.96255 151.01367 207.27899 0.50825334
car 464.6688 479.48492 145.09175 185.07379 0.8230101
car 192.0405 272.78915 190.16754 260.1576 0.9385937
car 403.13275 459.78055 162.7296 224.734 0.9931294
--
car 231.60274 309.77017 151.01294 207.25423 0.50084454
car 464.69864 479.481 145.07867 185.07245 0.8240628
car 191.79208 272.74158 190.14517 260.1015 0.94134295
car 403.1341 459.787 162.73683 224.86594 0.9937165
--
truck 230.74048 301.45706 155.78561 213.94423 0.6728218
car 464.70044 479.47037 144.98059 185.15308 0.82604825
car 182.0565 266.17572 184.00453 254.34523 0.8629993
car 402.79825 459.69324 162.66267 225.02231 0.9930103
--
truck 209.40657 296.30167 157.4037 214.6029 0.6409273
car 464.69003 479.4824 145.03302 185.08182 0.8087258
car 169.73468 254.01375 182.04738 247.55684 0.9588909
car 402.77502 459.55045 162.80197 225.0255 0.99064136
--
truck 210.18231 296.14334 157.41553 214.312 0.61710954
car 464.72046 479.44815 144.89499 185.18086 0.80374
car 169.8652 253.93384 182.06828 247.43956 0.95748156
car 402.5433 459.55685 162.84903 225.16864 0.99062926
--
truck 217.15625 287.29486 157.53189 217.6634 0.78488725
car 464.73328 479.45654 144.92816 185.53659 0.8205107
car 158.74985 244.47336 181.70795 245.46033 0.9854206
car 402.63556 460.0 163.27786 223.99307 0.9913654
--
truck 208.41824 280.20917 159.1828 218.03638 0.75116974
car 464.7343 479.4624 145.02124 185.45438 0.8258688
car 150.9132 229.66881 177.53575 243.77731 0.9690992
car 402.59958 460.00674 163.94846 223.93132 0.9887547
--
truck 208.60315 280.2238 159.13898 218.48807 0.7450223
car 464.74313 479.44742 145.04088 185.43011 0.82504463
car 151.10246 229.5448 177.56099 243.69106 0.9715813
car 402.53928 459.95593 163.87155 223.91368 0.99010915
--
truck 202.03423 273.96207 162.22171 218.56339 0.7824529
car 464.77274 479.43076 145.02087 185.4033 0.8215849
car 142.53304 221.7937 174.1597 240.67491 0.89755833
car 402.65793 459.7676 164.80219 223.80153 0.9900108
--
car 464.7436 479.36188 145.08641 185.28558 0.8181876
car 198.39853 269.01144 160.3474 222.14296 0.9011635
car 134.80551 209.57869 173.40048 238.94092 0.9674366
car 402.8081 459.61877 165.0677 223.60233 0.9871633
--
car 464.7135 479.36337 145.10236 185.15977 0.83236086
car 198.54414 269.1481 160.37816 222.11841 0.8839143
car 134.93271 209.63156 173.33456 238.92854 0.9641754
car 402.82266 459.6527 164.84145 223.64276 0.9871848
--
car 464.66275 479.3847 145.15717 185.09273 0.82290435
car 191.30875 262.39224 158.99445 223.27321 0.97207457
car 403.00403 459.62024 165.86261 223.36171 0.9864922
car 126.045166 203.6928 169.91103 236.92618 0.98665
--
car 464.64005 479.38766 145.23686 184.9101 0.8254893
car 183.56905 254.01935 158.57059 223.71149 0.9247761
car 120.57948 194.30684 166.6317 233.68048 0.9621543
car 403.13315 459.88498 166.0818 223.31487 0.9870976
--
car 464.6321 479.39337 145.21997 184.90259 0.8298731
car 183.67097 253.84612 158.59006 223.96239 0.9105063
car 120.756096 193.91283 166.43294 233.82475 0.94275296
car 403.0394 460.0521 166.09805 223.39484 0.9870468
--
car 464.58115 479.40424 145.27878 184.90694 0.82554823
car 177.71767 245.52861 158.5147 223.94795 0.8987335
car 112.92845 192.55144 162.22075 228.55916 0.923992
car 402.72607 459.74017 166.52855 223.53313 0.98570126
--
car 464.61978 479.41766 145.23837 184.98918 0.7966748
car 106.41089 183.23917 162.00612 220.09529 0.91368985
car 175.02892 236.54858 159.14687 223.14095 0.94989246
car 402.47543 459.5545 167.49702 223.70085 0.98300445
--
car 464.6049 479.42728 145.23601 184.97432 0.80120623
car 106.46068 183.25262 162.06972 220.37535 0.9294954
car 174.98029 236.58447 159.30666 223.0637 0.9590483
car 402.46747 459.57602 167.48505 223.63335 0.981882
--
car 464.59796 479.4834 144.86447 185.71417 0.7691808
car 103.04349 174.76854 161.0378 217.60979 0.97522885
car 172.37967 226.90393 159.94093 224.26245 0.97982574
car 402.28683 459.21622 167.44786 223.89163 0.984055
--
car 464.58893 479.50012 144.8027 185.70348 0.7761309
car 165.0176 220.19093 158.41957 223.29964 0.9212235
car 402.01868 459.17337 167.22772 223.72174 0.98413414
car 97.433556 170.57751 160.57686 215.32597 0.99033976
--
car 464.54596 479.52563 144.82306 185.64706 0.77491343
car 164.64937 220.11127 158.21048 223.292 0.916031
car 401.93945 459.22153 167.25342 223.78893 0.984216
car 97.616165 170.53857 160.79765 215.4168 0.99088764
--
car 464.5417 479.52423 144.8292 185.64734 0.7769934
car 164.5199 220.2666 158.17366 223.3334 0.92620933
car 401.95654 459.2458 167.24185 223.74028 0.9841361
car 97.579094 170.64525 160.71925 215.45984 0.9924274
--
car 72.88352 84.24265 92.221436 106.55853 0.35544187
car 464.5826 479.53036 144.75313 185.6795 0.77830184
car 158.62228 214.52344 156.04468 224.74759 0.94195765
car 95.3872 165.90517 160.61714 211.9549 0.97611964
car 401.87656 459.2142 166.95201 223.72812 0.98517454
--
car 72.881134 84.30713 92.28699 106.56046 0.35089234
car 464.5862 479.52927 144.75722 185.67427 0.77820915
car 156.68584 210.03748 155.75587 223.69516 0.9382437
car 95.21072 166.00038 160.33923 212.03249 0.97942144
car 401.82013 459.216 166.90425 223.75464 0.98502403
--
car 72.73342 84.2428 92.25874 106.58431 0.31580088
car 464.5675 479.56287 144.81192 185.82693 0.77585244
car 158.51976 214.64352 155.95955 224.80667 0.93747157
car 95.234955 165.92818 160.39673 212.06075 0.97617775
car 401.9367 459.1424 166.56601 224.06535 0.98351246
--
car 72.57688 85.260925 92.43181 107.0291 0.37263805
car 464.60605 479.55814 144.64435 185.98016 0.7882691
car 401.9942 459.35703 166.20375 224.94777 0.9900483
car 86.5494 151.5611 160.12842 208.11064 0.9963792
car 156.23468 201.10313 156.67 219.45497 0.9974558
--
car 72.26093 85.46931 92.09282 107.11057 0.5120333
car 464.60986 479.5561 144.59546 185.83043 0.79212433
car 401.79285 459.30582 165.43404 224.92264 0.9867487
car 151.64084 195.47795 157.23032 217.57565 0.9909269
car 81.82171 146.79854 159.51831 204.28897 0.99535394
--
car 72.45207 85.48988 92.02215 107.09943 0.5426015
car 464.6209 479.53577 144.55656 185.90991 0.7956047
car 401.72464 459.53705 165.66591 224.97702 0.9871822
car 151.62282 195.58913 157.49098 217.40158 0.9905874
car 81.65757 146.80785 159.49443 204.22899 0.995064
--
car 72.420044 85.638824 92.01663 107.16608 0.60252434
car 464.59082 479.5391 144.52295 185.90294 0.7885855
car 401.65076 459.16306 164.54265 225.00414 0.987121
car 147.10149 196.21355 156.7723 216.37952 0.98771435
car 79.14728 139.73997 157.786 199.56036 0.99738944
--
car 72.21056 85.70624 91.92383 107.491135 0.6218527
car 464.54596 479.54807 144.64029 185.76596 0.7882837
car 401.6521 459.4182 165.88974 224.96468 0.9867083
car 142.82715 194.80092 157.16756 214.46199 0.9948956
car 78.088135 135.29018 155.58238 200.05069 0.9970178
--
car 71.85352 85.46373 91.65313 107.47433 0.6613892
car 464.3817 479.62708 144.86938 184.88788 0.80838853
car 401.9584 459.27203 165.51212 225.0573 0.98848295
car 142.99786 194.94957 156.9809 214.85287 0.99327546
car 78.019035 135.79181 155.12157 200.2889 0.9972751
--
car 72.088234 85.56566 91.85947 107.506165 0.6265994
car 464.3909 479.63248 144.884 184.9198 0.8083868
car 140.26816 196.1111 155.19035 215.33884 0.9535068
car 74.29246 130.13214 153.39944 199.78998 0.97925764
car 401.82498 459.50842 166.3341 224.59721 0.9885542
--
car 72.462555 85.883995 92.45499 107.75596 0.6465606
car 464.38956 479.6254 144.90855 184.95178 0.8028307
car 71.05177 125.47492 153.1897 198.73508 0.95050585
car 134.35178 195.88051 154.79645 213.50983 0.96907914
car 401.698 458.2169 171.44113 228.68243 0.9864064
--
car 72.46625 85.846565 92.43888 107.73687 0.6733432
car 464.4255 479.61136 144.96967 184.84889 0.78764564
car 71.32822 125.466156 153.05861 198.71341 0.9554396
car 134.26033 195.9348 155.13542 213.30443 0.97049624
car 401.6032 458.24725 171.5656 228.65 0.98676765
--
car 72.068214 86.39126 92.62164 108.068054 0.6257464
car 464.449 479.59857 144.93805 184.8777 0.78891695
car 68.768234 121.49673 151.00385 194.68861 0.9162487
car 132.04913 196.65964 153.45389 212.60088 0.9815069
car 402.37277 459.55038 167.7207 223.47137 0.98512757
--
car 72.325226 86.53561 92.62301 108.520485 0.64819294
car 62.82803 116.45504 149.56143 194.98582 0.6852548
car 464.43658 479.60028 144.9937 184.84451 0.79007804
car 127.81594 198.50592 150.46089 207.56886 0.9775373
car 401.69107 458.32016 171.7642 228.19385 0.9874708
--
car 72.189514 86.419586 92.59304 108.497406 0.6385511
car 63.08622 116.29368 150.14305 194.9757 0.7145088
car 464.4312 479.60028 144.99646 184.8213 0.78704315
car 127.856514 198.47083 150.3692 207.66277 0.97790295
car 401.66443 458.3072 171.77742 228.1996 0.9871807
--
car 62.6566 114.13567 147.62274 193.49669 0.6643815
car 72.38196 86.69278 91.92426 108.63472 0.71679187
car 464.41034 479.5973 145.04971 184.81203 0.79544234
car 126.22703 199.4984 150.08981 207.80174 0.9778635
car 402.369 459.81482 168.42009 223.41348 0.9861611
--
car 464.38968 479.59985 145.16699 184.64505 0.79771596
car 73.18031 86.912476 92.12549 109.10694 0.8032578
car 64.09162 114.55029 148.43423 187.69435 0.9431287
car 125.51797 199.93034 150.51064 207.0599 0.9680911
car 401.72833 458.23743 171.91809 228.04218 0.985189
--
car 464.40445 479.58447 145.15735 184.71355 0.79980105
car 74.04765 87.12629 92.45761 109.308426 0.82358795
car 126.16948 198.89737 150.29424 206.51921 0.94790024
car 64.78796 112.06724 146.25821 185.82172 0.9609172
car 401.57416 458.42017 172.19781 227.72546 0.9849001
--
car 464.40472 479.58636 145.1602 184.717 0.79595417
car 74.053665 87.133934 92.5 109.19208 0.84358144
car 126.25431 198.8292 150.20773 206.72377 0.9506193
car 64.564964 112.18247 146.1743 185.78326 0.95748895
car 402.46143 459.73474 168.7841 223.5612 0.98240083
--
car 65.03486 109.38412 145.28343 185.73323 0.7646683
car 464.502 479.55304 145.04955 184.70758 0.80271965
car 73.102806 87.08819 92.87979 109.8226 0.8174167
car 126.324295 199.05684 150.62314 206.1232 0.93857676
car 401.44107 458.4165 171.93066 228.06519 0.9845135
--
car 73.31608 87.34058 92.79234 110.39383 0.6601686
car 464.66348 479.56924 145.07698 184.84212 0.76575327
car 66.3018 104.18809 144.13428 181.57341 0.94124323
car 127.44116 199.18286 151.1857 205.94275 0.9707157
car 401.35184 457.79916 171.826 228.28127 0.9785886
--
car 73.35402 87.26813 92.765755 110.37768 0.6694069
car 464.66614 479.57602 145.11465 184.79686 0.7688033
car 66.35476 104.1681 144.08473 181.66437 0.940634
car 127.505325 199.17114 151.17297 205.99165 0.96621865
car 401.38916 457.7508 171.90396 228.22772 0.97838527
--
car 72.88166 87.36128 92.9789 110.77544 0.62300426
car 464.66763 479.55994 145.10434 184.81224 0.77164096
car 68.790825 102.607285 142.26167 177.28851 0.81909716
car 127.83675 199.26398 151.09615 205.66429 0.9500159
car 401.45935 457.6856 171.9609 228.14323 0.97663957
--
car 71.75358 87.75987 93.79668 111.25678 0.59414285
car 69.00766 102.18228 143.3957 175.60175 0.63430387
car 464.47058 479.64102 145.55374 185.06255 0.7868498
car 127.360054 199.77354 150.73312 205.74857 0.9603003
car 401.67838 458.73474 171.45409 228.3418 0.9860771
--
car 71.79045 87.68846 93.7752 111.16529 0.6461214
car 69.0358 102.25748 143.2715 175.94225 0.7006954
car 464.4941 479.6498 145.50143 185.1089 0.77140427
car 127.440346 199.81456 150.82394 205.58746 0.9618896
car 401.69846 458.54465 171.69879 228.05652 0.98577076
--
car 70.2495 100.97045 144.04984 174.6963 0.4719463
car 72.83451 88.293625 93.46523 111.193756 0.69531155
car 464.51236 479.6591 145.46936 185.12851 0.76443934
car 127.650665 200.00748 151.13332 204.71333 0.9618464
car 401.5023 458.65567 171.76642 228.00084 0.9847512
--
car 69.72658 99.16047 143.8452 174.21318 0.38494423
car 73.233826 88.54426 94.06766 111.757744 0.6859663
car 464.54263 479.6651 145.55469 185.12971 0.75628656
car 127.83479 200.09225 150.28229 205.11072 0.9394654
car 401.56082 458.48315 172.02072 227.7613 0.98225427
--
car 69.801506 99.13703 143.89777 174.24506 0.35780662
car 73.31722 88.49787 94.10825 111.65743 0.6839677
car 464.5324 479.64874 145.53722 185.15228 0.76239663
car 127.79982 200.22021 150.38509 204.99883 0.94060606
car 401.4731 458.54254 172.01387 227.79195 0.982153
--
car 72.47442 88.21163 94.36894 111.8695 0.46428883
car 464.52502 479.65067 145.54999 185.16785 0.75423324
car 127.961624 200.68 150.78214 204.4884 0.91986865
car 402.37045 460.24072 167.8415 223.90887 0.98170507
--
car 72.47647 88.48803 94.89256 112.75183 0.4706284
car 72.62133 96.26842 143.33618 174.68188 0.5435016
car 464.51526 479.64075 145.64127 185.11133 0.74101627
car 127.61104 201.52686 150.38 204.80078 0.90746605
car 401.65442 458.42044 171.9232 227.99524 0.9788111
--
car 72.40768 88.51671 94.90386 112.78776 0.4603505
car 72.6588 96.08585 143.56836 174.58446 0.6082701
car 464.5125 479.64075 145.61996 185.13031 0.7380468
car 127.60125 201.55191 150.34471 204.8744 0.9004293
car 401.51007 458.7707 171.74847 228.16275 0.9794134
--
car 72.9895 88.29131 94.92653 112.603874 0.38621157
car 464.48767 479.6269 145.69531 184.9483 0.74466443
car 127.74379 201.5302 150.54094 204.724 0.90406287
car 72.50974 96.15142 142.79842 172.81808 0.94452125
car 401.22443 458.6772 172.01118 227.88576 0.9795364
--
car 72.574646 89.27599 94.73011 112.24362 0.5918883
car 464.47867 479.6771 145.60597 184.7838 0.73017365
car 128.90611 200.43689 150.61737 204.99373 0.8967458
car 72.06818 96.06905 140.97577 172.08849 0.9332233
car 401.922 458.35202 172.3176 227.91751 0.9830315
--
car 72.464836 89.271515 94.6604 112.17765 0.58657134
car 464.4858 479.6822 145.60077 184.79875 0.73100966
car 128.87726 200.40863 150.56624 205.16118 0.88585174
car 72.258224 96.02649 141.25398 172.0907 0.92926973
car 401.8507 458.38715 172.33275 227.85474 0.9817273
--
car 72.25337 89.08735 94.9486 112.15356 0.5269638
car 464.4823 479.67896 145.57022 184.83626 0.7527746
car 130.57037 205.68376 148.6759 206.53192 0.9344367
car 71.796524 96.3712 139.55475 172.40828 0.9425868
car 401.81693 458.51752 172.30782 227.77194 0.9845731
--
car 72.05492 88.993996 94.66027 111.97151 0.6558129
car 464.50177 479.67728 145.49901 184.8778 0.7456322
car 72.07865 96.82829 137.58075 172.3484 0.9545202
car 131.82463 205.57257 148.62971 205.07623 0.96140504
car 401.6205 458.54822 172.19461 227.82825 0.98667955
--
car 71.72224 88.73409 93.81194 112.11875 0.69240594
car 464.49823 479.6795 145.50952 184.86722 0.74586064
car 72.23562 97.09798 137.2915 172.8019 0.96169
car 132.69429 204.93568 147.92589 205.18192 0.9662754
car 401.6072 458.57257 172.21472 227.82823 0.9871993
--
car 71.7449 88.78085 93.80547 112.15185 0.681707
car 464.49075 479.69247 145.4406 184.86128 0.74397695
car 72.17931 97.08111 137.20816 172.7138 0.96155816
car 132.71556 205.05511 147.92505 205.16013 0.9687409
car 401.53763 458.80002 172.19756 227.83807 0.98613405
--
car 72.0718 88.68031 94.00298 112.08727 0.6952741
car 464.5038 479.67523 145.04218 185.13226 0.7454906
car 71.95354 97.22673 137.22415 171.13109 0.93874365
car 133.65155 205.93483 148.26694 203.89922 0.9766178
car 401.64365 458.91165 172.07773 227.97713 0.9883411
--
car 71.920265 89.10324 94.4765 112.57068 0.67054516
car 464.52966 479.67178 144.96483 185.0939 0.74980277
car 71.70867 97.457306 137.10217 171.0291 0.9579316
car 133.81743 206.4693 148.49155 203.51178 0.96579885
car 401.47995 458.99124 172.0049 227.89828 0.9907202
--
car 71.894615 88.95896 94.441864 112.488884 0.6781959
car 464.53494 479.67548 145.12811 184.96085 0.74860644
car 71.755806 97.47913 137.23166 170.84987 0.9600864
car 133.95389 206.42967 148.47736 203.40852 0.96059114
car 401.49667 458.90466 172.14006 227.72672 0.990931
--
car 72.09715 88.90842 94.538994 112.77954 0.6553476
car 464.5398 479.66953 145.07457 184.94649 0.75950736
car 71.76108 97.27431 137.23412 171.12744 0.96072453
car 134.33752 206.5743 147.79984 202.5806 0.972167
car 401.62982 458.83884 172.05728 227.77177 0.9907965
--
car 72.12374 88.88871 94.41444 112.834984 0.6391238
car 464.3731 479.65067 145.64854 184.76712 0.7501494
car 72.19608 96.99427 138.16887 170.79848 0.93073416
car 135.06357 207.05923 148.00644 202.3755 0.98797476
car 401.45367 458.8102 171.95447 227.82681 0.98991436
--
car 72.081375 88.93891 94.38085 112.845825 0.634074
car 464.37302 479.6258 145.0929 185.09047 0.7599864
car 72.078156 97.06206 138.12907 171.04446 0.9342172
car 135.1933 207.20862 147.85518 202.2777 0.9863473
car 402.60358 460.50592 169.55823 223.3748 0.99128294
--
car 72.37972 89.205605 94.48139 113.35526 0.6681603
car 464.4416 479.5977 145.62231 184.47066 0.7808983
car 71.85411 96.957054 138.44963 171.36435 0.9552625
car 135.50772 208.7573 146.89557 201.53383 0.97579926
car 400.9637 459.30463 172.14761 227.58574 0.99139243
--
car 72.39335 89.30188 94.6205 113.48225 0.6631998
car 464.48834 479.6026 145.70631 184.38814 0.78210115
car 71.91275 96.933 138.54395 171.20786 0.9357395
car 136.01599 208.7502 147.49454 201.132 0.97868705
car 400.98975 459.25626 172.17836 227.56691 0.9916142
--
car 72.295265 89.32981 94.6362 113.38065 0.6370766
car 464.489 479.58258 145.70282 184.42189 0.7849346
car 71.94472 96.92291 138.2704 171.30437 0.9268245
car 136.00436 208.74792 147.38216 201.17488 0.97508365
car 400.83783 459.28442 172.10669 227.6767 0.99168515
--
car 72.27984 89.36065 94.66461 113.37684 0.6390148
car 464.48404 479.5935 145.70775 184.42429 0.7830571
car 71.986145 96.93949 138.42635 171.29555 0.9291301
car 136.0116 208.75116 147.31297 201.11255 0.97589195
car 400.8324 459.23526 172.14911 227.6253 0.9913045
--
car 70.736725 90.32496 91.85312 113.82116 0.6268542
car 464.48358 479.5905 145.74121 184.41528 0.7807935
car 72.1389 96.48405 137.41664 170.89015 0.9390888
car 137.20006 209.78186 146.9506 201.16061 0.97369426
car 400.6008 459.2804 172.34917 227.41582 0.9919746
--
car 70.62129 90.21545 91.84166 113.91325 0.5859199
car 464.48328 479.59375 145.79893 184.3788 0.7710419
car 72.22916 96.424324 137.45065 170.69357 0.9285241
car 137.19995 209.75699 146.847 201.30026 0.9694005
car 400.55084 459.3148 172.45332 227.36438 0.9918553
--
car 70.67638 90.132866 92.00807 113.90668 0.5788062
car 464.50128 479.57983 145.7096 184.43356 0.7719358
car 72.175224 96.41962 137.56569 170.6843 0.9373152
car 137.25122 209.76117 146.88127 201.27026 0.9682125
car 400.54227 459.38104 172.32784 227.47081 0.99148744
--
car 71.58793 89.980576 91.994545 114.57584 0.68033934
car 464.48383 479.58286 145.73106 184.42516 0.7732211
car 72.80332 95.92889 135.02365 166.35472 0.9362961
car 137.53937 210.9057 146.84853 200.5918 0.9752276
car 400.56476 459.21317 172.60283 227.14777 0.99112874
--
car 71.60448 89.954636 92.03271 114.59435 0.6610692
car 464.50388 479.57608 145.64574 184.55347 0.7730053
car 72.79987 95.86554 135.18451 166.15518 0.9367736
car 137.6033 210.88849 146.9171 200.61356 0.97598124
car 400.55246 459.313 172.6043 227.14098 0.9910109
--
car 73.773 89.42836 98.39733 116.40993 0.68800175
car 464.49838 479.57654 145.68037 184.53467 0.7794664
car 73.04022 95.37468 135.29033 164.90564 0.8835257
car 137.56674 211.70311 146.42421 200.71907 0.9793135
car 400.54437 459.20996 172.53989 227.15247 0.99134666
--
car 74.237564 89.20495 98.15917 116.35961 0.5889372
car 464.49973 479.5658 145.66711 184.61621 0.7720864
car 72.715996 95.67024 135.69873 165.43352 0.9258038
car 138.94263 212.03685 146.2065 200.7933 0.97084075
car 400.44458 459.32986 172.60011 227.11658 0.991748
--
car 71.33651 90.06354 91.81794 114.6065 0.5831761
car 464.45502 479.56284 145.74557 184.53401 0.7797759
car 72.915115 95.341446 135.60886 165.54855 0.82879645
car 139.99757 212.40724 145.93748 199.91716 0.9696062
car 400.44214 459.14243 172.57587 227.17354 0.99082124
--
car 71.77123 90.078964 91.91426 115.08479 0.70611864
car 464.35904 479.53815 145.48087 184.75952 0.7845292
car 72.76962 95.272575 136.09439 164.70093 0.8933707
car 140.41714 212.58167 146.37927 200.16206 0.96096766
car 401.6087 460.19296 170.18835 223.03423 0.9912326
--
car 72.02727 90.04772 91.688484 115.21152 0.6549223
car 464.32416 479.54126 145.50027 184.75258 0.78342026
car 72.9768 95.25697 136.20497 164.38461 0.83925426
car 141.75052 212.72086 146.27867 199.11642 0.943606
car 401.60004 460.2386 170.22049 222.91805 0.991289
--
car 73.69656 89.6239 98.604355 116.85726 0.6145643
car 464.33798 479.52652 145.54681 184.75143 0.7829591
car 72.776825 95.35585 136.54414 163.94339 0.8796307
car 142.7666 212.65057 146.08266 199.0802 0.9267724
car 401.50754 460.54163 169.91858 223.10263 0.99162585
--
car 73.68461 89.59389 98.67012 116.86756 0.62941295
car 464.32846 479.5323 145.59578 184.67932 0.78259385
car 72.7181 95.35486 136.59694 164.0001 0.885705
car 142.93501 212.8745 146.23642 199.09697 0.9334255
car 401.50458 460.59363 169.89996 223.1027 0.99153084
--
car 77.2817 90.4743 99.82811 115.47552 0.30597565
car 72.08031 90.020706 91.269554 115.631454 0.6058021
car 464.34412 479.52423 145.60625 184.69067 0.7818456
car 72.59727 95.69385 136.56909 164.42676 0.8980048
car 143.27145 213.86647 145.89224 199.03528 0.94991744
car 401.4597 460.6467 169.86537 223.03868 0.9921804
--
car 73.84086 89.94757 99.07848 117.05632 0.62020665
car 464.30188 479.53958 145.63724 184.64859 0.7932476
car 72.68533 95.391785 136.3274 164.9939 0.91182363
car 144.04204 214.31064 145.78783 198.52582 0.95398325
car 401.4662 460.60666 169.9494 222.92473 0.9928691
--
car 73.75296 89.9329 98.93898 117.12062 0.613344
car 464.28955 479.5476 145.59535 184.63889 0.7891598
car 72.608925 95.44834 136.27493 165.00388 0.9059077
car 144.01376 214.3824 145.66132 198.51335 0.9564381
car 401.4554 460.67172 169.89389 222.83327 0.9922072
--
car 71.5364 90.58977 91.90381 116.00575 0.7002071
car 464.28732 479.55466 145.5909 184.66266 0.79462636
car 72.5381 95.543175 136.02113 165.37752 0.91360384
car 144.45714 214.4492 145.48544 198.92262 0.95500636
car 401.42853 460.657 169.88875 222.92622 0.9928869
--
car 464.2743 479.56033 145.61108 184.64563 0.7988699
car 71.32041 90.90232 92.37696 115.79645 0.83180344
car 72.36803 95.64347 136.31227 164.8875 0.8929941
car 144.05492 214.74182 145.84949 198.24463 0.97427297
car 401.30835 460.5865 169.89122 222.8543 0.9925324
--
car 464.29117 479.57803 145.83853 184.48163 0.8080329
car 71.33194 90.93285 92.508286 115.86329 0.8308529
car 72.3254 95.712776 136.03848 165.15906 0.8950795
car 144.06934 214.77385 145.81085 198.26009 0.9732884
car 401.28363 460.577 169.88657 222.79784 0.9926018
--
car 464.30466 479.5699 145.77106 184.54994 0.804986
car 71.64917 90.86563 91.954765 116.11623 0.8060494
car 72.15154 95.83231 135.77925 165.97404 0.875763
car 144.58292 215.93387 145.56374 197.49457 0.956302
car 401.30417 460.72977 169.71143 222.88972 0.9921933
--
car 464.31146 479.5677 145.61159 184.7815 0.80114573
car 71.584 90.82255 91.88001 116.10027 0.8301963
car 72.11598 95.90735 135.5987 165.80467 0.8890251
car 145.67416 216.65125 145.15492 197.53276 0.9366892
car 401.32364 460.75076 169.63622 222.83458 0.9921329
--
car 72.060265 90.72798 91.53712 116.20199 0.77718556
car 464.45633 479.58963 145.66359 184.7 0.78059083
car 72.065704 95.901344 136.421 164.99423 0.8754808
car 145.99242 216.70584 144.53612 197.80286 0.91222143
car 401.52612 460.85428 169.18793 223.04369 0.9917425
--
car 71.8168 90.81432 91.824524 116.242325 0.75017774
car 464.4258 479.6027 145.66962 184.66623 0.78357923
car 71.94884 96.16219 136.25697 165.0864 0.8745535
car 146.4008 217.26674 144.73357 196.87721 0.89990366
car 401.53885 460.86536 169.25548 222.94734 0.9921988
--
car 71.90844 90.67425 91.853775 116.089096 0.7192739
car 464.42963 479.60422 145.64209 184.67921 0.78613365
car 71.95641 96.20397 136.41612 164.42816 0.87334484
car 146.7504 217.11479 144.7914 197.13905 0.89813143
car 401.52618 460.8361 169.23988 223.04997 0.99240476
--
car 71.77304 90.75412 91.79528 116.14706 0.73391026
car 464.42987 479.59543 145.64182 184.67474 0.7842801
car 71.95102 96.31464 136.2145 164.56221 0.8758946
car 146.8457 216.9081 144.99808 197.02739 0.9074188
car 401.52542 460.86203 169.34995 222.84024 0.99191713
--
car 71.32933 90.687325 91.32534 116.32347 0.617957
car 464.41876 479.6011 145.66646 184.63292 0.7890622
car 71.501945 96.09786 137.79445 171.14854 0.81088805
car 146.88574 217.76076 145.12079 195.24869 0.93981206
car 401.49692 460.89594 169.307 222.83728 0.9913501
--
car 76.53164 91.50476 98.20999 116.869415 0.677998
car 464.44498 479.58597 145.70001 184.65259 0.7839246
car 71.39056 96.17833 138.01207 171.0635 0.80505025
car 146.78575 217.90446 145.15845 194.76695 0.9134279
car 401.51846 460.72418 169.49951 222.83247 0.9918541
--
car 76.6823 91.39273 98.862976 116.71445 0.6189106
car 464.47418 479.5715 145.75954 184.68077 0.7821966
car 149.18158 223.56213 143.62433 196.71674 0.79897237
car 72.04293 96.49039 136.30446 163.71376 0.8371124
car 401.67612 460.72888 169.49933 222.84917 0.99220777
--
car 76.75661 91.34465 98.60174 116.78049 0.6046296
car 464.43704 479.57642 145.75516 184.70303 0.7856078
car 149.11108 223.69296 143.57446 196.78702 0.7929792
car 72.076294 96.36958 136.29495 164.00632 0.8346458
car 401.66855 460.79382 169.52463 222.77922 0.9920011
--
car 76.72288 91.40805 98.56834 116.801094 0.6178334
car 464.44934 479.57693 145.74496 184.68272 0.7835775
car 149.05945 223.77383 143.52985 196.86005 0.7893109
car 72.15683 96.37091 136.17656 164.08679 0.8341843
car 401.63843 460.70526 169.49704 222.90625 0.9917568
--
car 76.88488 91.27192 98.71752 116.78986 0.56983536
car 149.43683 223.4732 143.67181 196.55893 0.767938
car 464.42923 479.59494 145.75797 184.6752 0.7750057
car 72.151 96.68692 136.18094 164.3655 0.8473047
car 401.71277 460.663 169.46336 222.87276 0.99101454
--
car 71.09985 90.38828 90.246895 117.65836 0.5462317
car 76.84224 91.30858 98.80053 116.83525 0.57255715
car 149.39288 223.64122 143.68272 196.58803 0.76244384
car 464.4258 479.59943 145.77449 184.64919 0.77505076
car 72.18409 96.66433 136.23114 164.25528 0.83119136
car 401.68988 460.6771 169.38646 222.94424 0.990619
--
car 76.71553 91.360176 98.98722 116.90546 0.63108176
car 149.83063 223.42088 143.44667 196.11836 0.72513723
car 464.43216 479.60052 145.7565 184.65076 0.77751404
car 71.95152 96.69535 136.16377 164.2533 0.8461237
car 401.71506 460.67612 169.45575 222.85591 0.99107057
--
car 71.733604 91.096596 96.49593 118.76947 0.6565744
car 464.24738 479.6601 145.8955 184.39871 0.752652
car 149.33908 223.92346 143.3274 196.18298 0.82751524
car 71.73958 96.839874 136.4415 163.86627 0.9287519
car 401.59583 460.80194 169.49951 222.91281 0.98886997
--
car 71.800125 91.09469 96.50721 118.7774 0.64712095
car 464.2342 479.66287 145.87268 184.38058 0.7574483
car 149.36322 223.89742 143.36285 196.17203 0.8361089
car 71.72545 96.81131 136.50128 163.7657 0.93155795
car 401.58472 460.77304 169.43019 222.94081 0.98894787
--
car 76.055374 91.68197 98.66283 117.54837 0.6262697
car 464.2468 479.6631 145.81918 184.43536 0.75903577
car 149.93533 223.64813 142.79706 195.78145 0.9046669
car 71.77638 96.830246 136.49112 163.67073 0.930931
car 401.60782 460.79095 169.44289 222.95094 0.98905915
--
car 70.850876 90.82957 90.62387 117.455765 0.59002227
car 464.2345 479.68814 145.97702 184.2815 0.76274973
car 71.80727 96.92098 136.29984 163.95168 0.9336073
car 150.32182 223.56915 142.98175 194.9982 0.9532685
car 401.53824 460.85767 169.51498 222.95305 0.99021095
--
car 70.99246 90.81442 90.68699 117.446144 0.60916406
car 464.24432 479.68057 145.9458 184.3137 0.7713746
car 71.80851 96.910736 136.2827 164.06334 0.9316651
car 150.3929 223.47264 142.96475 195.00398 0.95486635
car 401.58038 460.78497 169.57515 222.87152 0.9906357
--
car 70.67119 90.92786 90.487335 117.42279 0.6411845
car 464.2414 479.68164 145.94426 184.31631 0.76870215
car 71.76766 96.980484 136.1083 164.01741 0.94674397
car 150.64113 223.75139 142.28152 194.88905 0.947642
car 401.66174 460.8319 169.47195 222.82646 0.98988056
--
car 70.45794 90.94046 90.56335 117.47672 0.6552538
car 464.31674 479.6725 145.88126 184.32866 0.7571325
car 151.14545 223.39862 142.75871 194.42113 0.9428503
car 71.6564 97.023735 136.17686 164.03128 0.95187175
car 401.63705 460.77057 169.45508 222.78786 0.99004203
--
car 70.60475 91.02068 90.91903 117.34965 0.6795687
car 464.33273 479.66653 145.82841 184.332 0.76277876
car 151.35454 223.37704 142.76518 194.36638 0.9434478
car 71.748215 96.97366 136.20975 163.77744 0.9466415
car 401.6362 460.67645 169.51117 222.80923 0.9907072
--
car 70.66119 91.00568 90.78306 117.47533 0.6409313
car 464.34067 479.6618 145.83803 184.31439 0.7613975
car 150.94058 224.04556 142.4 194.45004 0.915535
car 71.676735 96.98423 135.92314 164.22905 0.94340986
car 401.69504 460.66547 169.48804 222.77156 0.99043834
--
car 70.961494 90.8212 91.062004 117.11833 0.64186925
car 464.32996 479.67334 145.90302 184.30653 0.7600688
car 71.715866 96.96012 135.86182 164.37256 0.9420635
car 151.52661 225.71814 142.41853 193.87846 0.9482026
car 401.7091 460.60968 169.6167 222.71014 0.99078834
--
car 70.79469 90.83233 91.009285 117.13089 0.6041666
car 464.33786 479.66095 145.8631 184.34196 0.75947374
car 71.627815 96.909546 135.82607 164.54828 0.9364037
car 151.40044 225.6142 142.52252 193.97264 0.9559884
car 401.79974 460.55222 169.73682 222.67714 0.9909371
--
car 70.62008 90.895035 91.033806 117.20616 0.5812856
car 464.3509 479.6659 145.83275 184.34218 0.7588654
car 71.68265 96.9273 135.71884 164.74202 0.93503785
car 152.24347 226.13156 142.85905 193.37474 0.9609887
car 401.77838 460.52966 169.80731 222.72418 0.9914953
--
car 71.207245 90.75011 90.7615 116.891235 0.5570299
car 464.20816 479.68988 145.85057 184.44528 0.7456286
car 71.01111 96.773636 137.68826 171.96419 0.8722143
car 152.87158 227.0393 142.5689 193.33446 0.943398
car 401.9261 460.4466 169.64313 223.5036 0.9886687
--
car 71.272766 90.76853 90.86652 116.805115 0.5834449
car 464.21814 479.6886 145.78766 184.45468 0.7517945
car 70.95572 96.800385 137.62013 171.9502 0.88102424
car 153.86218 227.24107 143.17264 193.20157 0.9530921
car 401.88672 460.35608 169.69225 223.58371 0.98888606
--
car 71.193565 90.728485 90.78961 116.82895 0.57620674
car 464.21344 479.6916 145.84105 184.40398 0.7388888
car 70.97256 96.80308 137.63072 172.01866 0.886592
car 153.96527 227.34045 143.2446 193.26218 0.95405215
car 401.92273 460.3933 169.57129 223.63933 0.9883397
--
car 71.204865 90.77907 90.79901 116.76869 0.5708578
car 464.21652 479.68875 145.85197 184.40457 0.73843145
car 70.97193 96.81771 137.67046 172.054 0.88926136
car 153.92413 227.3433 143.29974 193.2041 0.9523152
car 401.96994 460.38052 169.59535 223.67516 0.9879099
--
car 76.189476 91.74728 98.71726 117.667114 0.5916437
car 464.21664 479.6897 145.83406 184.41425 0.7395746
car 71.07167 96.66179 137.64102 171.97986 0.8724201
car 154.13504 228.36911 142.92325 193.62273 0.9043698
car 401.89612 460.405 169.53198 223.71736 0.9884283
--
car 76.1432 91.76766 98.66892 117.66604 0.57320607
car 464.22964 479.6857 145.81725 184.42848 0.7392229
car 71.09084 96.65152 137.65405 172.0745 0.8587607
car 154.1867 228.30717 142.92438 193.51566 0.9075181
car 401.8979 460.38675 169.50784 223.73125 0.9886895
--
car 75.880165 92.104065 98.16764 118.07326 0.65092397
car 464.24762 479.667 145.76836 184.48648 0.7414498
car 71.14583 96.59984 137.65115 172.10242 0.8633104
car 154.62947 228.74988 142.78847 193.2485 0.8893008
car 401.8921 460.2719 169.56598 223.77606 0.9892277
--
car 75.984314 91.999245 98.30815 117.78344 0.67741174
car 464.24695 479.6697 145.76144 184.50008 0.7414081
car 154.88757 229.04906 142.34181 193.32928 0.8457715
car 71.07609 96.65074 137.72975 172.05267 0.8496419
car 401.91376 460.23257 169.63712 223.67581 0.9884587
--
car 76.01611 91.88426 98.07575 117.87889 0.6134802
car 464.24677 479.6692 145.76277 184.50365 0.7395275
car 154.93729 229.08244 142.46303 193.30128 0.8446716
car 71.05581 96.61464 137.68364 172.02213 0.85467494
car 401.97617 460.27756 169.56963 223.70247 0.9882098
--
car 76.05618 91.891426 98.24891 117.761955 0.56400764
car 464.25797 479.66452 145.73308 184.52628 0.7410951
car 154.88675 229.0558 142.3416 193.46196 0.8499125
car 69.08482 95.40423 137.79637 172.1984 0.8569643
car 402.021 460.2505 169.48943 223.75206 0.98896724
--
car 75.87721 92.13782 98.19221 117.85501 0.63218087
car 464.30212 479.64276 145.77446 184.66168 0.73156476
car 71.15547 96.521286 137.74031 172.33784 0.84143084
car 155.12729 229.4327 142.35739 193.10643 0.88601524
car 401.95184 460.1325 169.85332 223.51938 0.9902825
--
car 75.995445 92.105995 98.279434 117.61837 0.61876893
car 464.29434 479.64914 145.80554 184.64171 0.7348031
car 71.13026 96.56591 137.73714 172.42766 0.8418267
car 155.2074 229.46628 142.43187 193.14986 0.8858613
car 401.91077 460.2115 169.83302 223.5176 0.9905687
--
car 76.305 91.90897 98.48934 117.61738 0.6359922
car 464.29214 479.68973 145.6964 184.64706 0.75588924
car 71.29437 97.11878 136.26782 164.6087 0.85015285
car 155.64117 229.54924 142.6671 193.44052 0.86316323
car 401.62454 460.55777 169.64343 223.24397 0.98970896
--
car 76.44087 91.76488 98.67745 117.45253 0.58714014
car 464.29953 479.69543 145.66985 184.6478 0.7617274
car 71.217995 97.201675 136.34814 164.6364 0.8616511
car 155.51576 229.53108 142.69345 193.46654 0.87951666
car 401.6349 460.5306 169.57414 223.27339 0.9896937
--
car 76.47701 91.76433 98.46975 117.57841 0.6222632
car 464.30627 479.6921 145.57819 184.69374 0.75721234
car 71.27877 97.22078 136.32098 164.5588 0.86848307
car 155.50815 229.47922 142.64772 193.57054 0.87731165
car 401.6316 460.52576 169.62852 223.2015 0.98950964
--
car 76.76137 91.64761 98.50719 117.221 0.5684157
car 464.29736 479.69498 145.5888 184.71428 0.75252956
car 71.25824 97.05909 136.35924 164.42871 0.8287298
car 155.67323 229.46225 142.72318 193.5773 0.88502693
car 401.6549 460.53058 169.69972 223.16296 0.9891778
--
car 76.921524 91.72234 98.81177 116.95968 0.49136665
car 464.29477 479.69867 145.58623 184.70879 0.751692
car 71.26821 97.21841 136.26007 164.60791 0.8423403
car 155.47034 229.68878 142.53265 193.70032 0.8897016
car 401.65952 460.65057 169.52853 223.21356 0.9885467
--
car 77.054436 91.68265 99.119835 116.61903 0.48503104
car 464.27518 479.7082 145.55318 184.67108 0.7578767
car 71.24696 97.215706 136.32976 164.7231 0.8330836
car 155.55429 229.58772 142.46991 193.7307 0.88985616
car 401.76328 460.6421 169.55672 223.14305 0.989066
--
car 76.89714 91.774605 98.87024 116.684074 0.4631149
car 464.27722 479.6974 145.52246 184.7135 0.7556399
car 71.35302 97.12852 136.19847 164.3409 0.8655441
car 155.33453 229.86287 142.85059 193.60019 0.885439
car 401.6661 460.62332 169.52672 223.18669 0.98899436
--
car 76.94927 91.85723 98.72534 116.76099 0.51427656
car 464.267 479.69855 145.5491 184.70024 0.7542967
car 71.35379 97.22456 136.27744 164.3773 0.85881895
car 154.8573 229.61623 142.99277 193.57045 0.8739815
car 401.74808 460.55475 169.70656 223.04385 0.9890552
--
car 77.126045 91.82534 99.27906 116.5374 0.54960674
car 464.27722 479.69293 145.53046 184.69666 0.75891805
car 71.52831 97.118904 136.3874 163.87639 0.843946
car 154.83229 229.5114 142.74316 193.62141 0.8900405
car 401.8252 460.5503 169.81401 223.04456 0.9894451
--
car 77.02846 91.89948 98.97598 116.72568 0.59373504
car 464.28473 479.6941 145.50089 184.71489 0.7606111
car 71.440674 97.08685 136.31552 163.99437 0.8485803
car 154.88605 229.52191 142.84265 193.56145 0.9008555
car 401.7728 460.66913 169.6897 223.19612 0.98961544
--
car 77.09371 91.88085 99.207886 116.80268 0.5872309
car 464.28558 479.69424 145.49811 184.71266 0.7591619
car 71.45318 97.14356 136.23251 163.96912 0.8450616
car 154.89667 229.60278 142.72801 193.68216 0.90123224
car 401.76517 460.77902 169.54404 223.23306 0.9888934
--
car 77.300766 91.92923 99.1945 116.873764 0.69760567
car 464.2845 479.6926 145.48688 184.72005 0.7560629
car 71.88745 97.02896 136.1075 164.2296 0.85795677
car 154.7984 229.93608 142.77484 193.6296 0.9063161
car 401.6073 460.80106 169.36331 223.38397 0.9885293
--
car 77.54968 91.63553 98.74422 116.88383 0.6775719
car 464.18362 479.66092 145.4164 184.53064 0.7807672
car 70.84667 97.01666 137.16212 172.23413 0.8086226
car 155.37457 228.87651 142.62215 193.45332 0.8665359
car 402.07632 460.71756 169.63445 223.3678 0.99361855
--
car 77.82651 91.523224 98.61533 117.080795 0.6944359
car 464.23206 479.66693 145.40973 184.50456 0.77780545
car 71.83821 97.142944 135.60112 165.47118 0.8254896
car 155.32803 228.80734 142.569 193.46771 0.87077385
car 402.04355 460.58182 169.67183 223.40218 0.99302506
--
car 77.76536 91.5844 98.64475 117.14079 0.7463407
car 464.23837 479.66425 145.40231 184.50351 0.77966636
car 71.84157 97.13066 135.70499 165.3952 0.8255329
car 155.3918 228.78505 142.55896 193.44171 0.8716705
car 402.093 460.55383 169.74069 223.4108 0.99290776
--
car 77.79527 91.61049 98.64392 117.11426 0.73499167
car 464.26065 479.65668 145.40927 184.5062 0.7768404
car 71.85949 97.130936 135.68634 165.34581 0.8167856
car 155.37856 228.80434 142.53519 193.3939 0.87210953
car 402.1286 460.5541 169.81955 223.3344 0.99309945
--
car 78.04125 91.54126 98.68364 117.24049 0.69784003
car 464.25223 479.6626 145.44006 184.47998 0.7733548
car 71.92345 97.21276 135.65791 165.3307 0.82188827
car 155.4991 229.00633 142.58336 193.43095 0.8698003
car 402.18057 460.55353 169.77599 223.36162 0.99316937
--
car 78.36435 91.494125 98.9449 117.48177 0.69344753
car 464.28046 479.6487 145.46118 184.48544 0.77690405
car 71.987 97.177536 135.78323 165.14389 0.83212197
car 155.40573 228.82559 142.49815 193.51001 0.8595493
car 402.08218 460.48654 169.81035 223.35677 0.9938484
--
car 78.38887 91.45562 98.915985 117.48322 0.68651104
car 464.27148 479.65405 145.47046 184.47366 0.7744981
car 72.02521 97.05321 135.8191 165.11531 0.81464046
car 155.47816 228.78741 142.44795 193.54309 0.84995043
car 402.06415 460.47772 169.80318 223.28978 0.99355596
--
car 78.30983 91.49165 98.49089 117.581154 0.6619543
car 464.27554 479.6555 145.47144 184.47101 0.7731356
car 71.96044 97.08895 135.71587 165.25157 0.8240881
car 155.55843 228.956 142.5792 193.51335 0.84249264
car 402.16617 460.4376 169.60745 223.46129 0.9936957
--
car 78.27528 91.57953 98.661064 117.72234 0.67246145
car 464.2846 479.6635 145.48325 184.46584 0.7773122
car 72.08206 97.150276 135.6909 165.29655 0.8233084
car 155.63235 229.21031 142.7698 193.40349 0.84059733
car 402.40262 460.49695 169.38986 223.60765 0.99320316
--
car 78.42118 91.58548 98.82841 117.63416 0.6799389
car 464.31747 479.6536 145.43153 184.52701 0.772754
car 71.00768 96.99873 137.41151 172.12265 0.8211095
car 155.59344 229.16977 142.7188 193.38715 0.84439784
car 402.43576 460.53415 169.42264 223.57385 0.993215
--
car 78.265915 91.52749 98.925735 117.5146 0.6716125
car 464.32092 479.6497 145.42305 184.52992 0.77010995
car 70.95194 97.03113 137.46173 172.22928 0.8289718
car 155.61595 229.27206 142.8082 193.43803 0.8441527
car 402.5502 460.53564 169.40913 223.71902 0.992522
--
car 78.261444 91.46319 99.2986 117.49891 0.6679169
car 464.3137 479.6597 145.4143 184.52731 0.77479905
car 155.70383 229.17323 142.76657 193.38405 0.8429011
car 70.982704 97.00854 137.45891 172.37863 0.8453848
car 402.51825 460.62933 169.2569 223.65213 0.9926981
--
car 78.23818 91.655365 98.98809 117.48759 0.5478824
car 464.28842 479.64102 145.23198 185.02945 0.76118785
car 70.953514 97.105705 137.60574 172.23386 0.8408986
car 155.52232 229.48434 143.05867 193.57785 0.84191316
car 402.77982 460.22943 169.27644 223.36282 0.99037075
--
car 78.175545 91.69738 98.86015 117.66008 0.5314763
car 464.2965 479.64337 145.20718 185.03487 0.77171224
car 155.47086 229.45409 143.16159 193.46304 0.8324257
car 70.99527 97.072136 137.69382 172.41055 0.8407333
car 402.80255 460.08734 169.26462 223.32976 0.9910547
--
car 78.280045 91.701515 99.191154 117.8065 0.56723607
car 464.29617 479.63507 145.1984 185.03278 0.7718186
car 71.00902 97.07026 137.49763 172.40749 0.84362495
car 155.3762 229.44547 143.12355 193.56651 0.84419566
car 402.82297 460.06006 169.36412 223.33171 0.9918127
--
car 78.19565 91.69328 99.371056 117.83077 0.5433021
car 464.29385 479.64203 145.20912 185.0027 0.76786524
car 70.99211 97.08934 137.51636 172.38649 0.851746
car 155.4182 229.41551 143.04219 193.5673 0.8606762
car 402.79327 460.03317 169.33577 223.33598 0.9914608
--
car 77.98225 91.87895 99.21542 117.96982 0.52292824
car 464.2934 479.64288 145.21416 185.00406 0.76826775
car 71.00326 97.04784 137.37158 172.38623 0.84691083
car 155.33366 229.40623 143.06604 193.5351 0.86489207
car 402.7914 460.037 169.3274 223.35416 0.99148643
--
car 77.55434 92.1395 98.75467 118.21283 0.5422755
car 464.29132 479.64087 145.23317 184.97913 0.7703107
car 71.01437 97.035675 137.40083 172.35542 0.845765
car 155.35289 229.32532 143.12372 193.55328 0.88393813
car 402.67706 460.0574 169.46289 223.25006 0.99151206
--
car 77.60978 92.14652 98.81849 118.301544 0.53187966
car 464.3026 479.6484 145.18336 185.03151 0.7773312
car 70.94635 97.09986 137.3495 172.26047 0.85724723
car 155.3427 229.42168 142.973 193.58633 0.88091445
car 402.87164 460.1558 168.80907 223.54716 0.99256635
--
car 77.67934 92.17114 98.921684 118.387184 0.5669006
car 464.31363 479.64236 145.1511 185.08232 0.7792044
car 70.99814 96.999916 137.30026 172.26826 0.85810703
car 155.3339 229.38966 142.98337 193.6528 0.87756
car 402.85184 460.11133 168.8785 223.44513 0.99261624
--
car 77.26019 92.37914 98.41622 118.54637 0.45084172
car 464.3004 479.6521 145.16263 185.0705 0.77920467
car 70.92088 97.13217 137.2352 172.20529 0.85502386
car 155.32133 229.32681 142.7752 193.58675 0.89317054
car 403.0084 459.75037 169.59648 222.88966 0.9901753
--
car 70.46403 91.696625 92.16361 115.907486 0.324581
car 77.30035 92.30646 98.84851 118.32867 0.41073716
car 464.30023 479.6372 145.19208 185.10266 0.7774096
car 70.902275 97.158585 137.4816 172.10033 0.8510799
car 155.43178 229.41844 142.79607 193.50891 0.893081
car 402.92975 459.51324 169.69324 223.22142 0.9884956
--
car 70.56102 91.7414 92.09923 115.74929 0.33186162
car 77.24279 92.33805 98.77239 118.31512 0.39973152
car 464.30096 479.63434 145.19258 185.10472 0.7800611
car 70.89621 97.126076 137.54128 172.00294 0.8561379
car 155.49098 229.46655 142.78682 193.563 0.8935009
car 402.99945 459.49408 169.59785 223.25482 0.98805034
--
car 70.535416 91.738 92.10721 115.70183 0.30222347
car 77.316345 92.33987 98.84891 118.327515 0.39279765
car 464.30127 479.6342 145.19664 185.10405 0.77996826
car 70.85873 97.14878 137.44157 171.96167 0.8545137
car 155.4697 229.5021 142.8287 193.55318 0.89121073
car 403.01172 459.4795 169.60583 223.24615 0.9878516
--
car 77.041794 92.46359 98.27711 118.49856 0.4562345
car 464.16986 479.64502 145.30632 185.12044 0.7566241
car 155.74756 229.66129 142.77914 193.54718 0.85887116
car 71.14888 96.93082 137.24278 172.69568 0.86667347
car 402.63907 460.17645 169.02322 223.92958 0.9911745
--
car 77.0863 92.45401 98.338905 118.49928 0.4576497
car 464.13632 479.65793 145.2736 185.11967 0.7613938
car 155.75168 229.66061 142.79851 193.57297 0.8508831
car 71.107025 96.98611 137.22662 172.7375 0.8758846
car 402.64197 460.15402 169.00139 223.90027 0.9910423
--
car 77.16923 92.45265 98.35938 118.58159 0.44532424
car 464.15656 479.6326 145.29872 185.17996 0.76706403
car 155.6491 229.50809 142.93974 193.48917 0.86519855
car 71.08076 97.01804 137.18686 172.7244 0.87143147
car 401.25778 459.26807 171.08644 228.47867 0.99125767
--
car 76.90127 92.53904 98.30556 118.62533 0.50415593
car 464.1548 479.6379 145.27505 185.20851 0.73995125
car 155.62917 229.5101 142.95631 193.44958 0.8675316
car 71.09854 96.99168 137.20053 172.77887 0.86865324
car 401.0853 458.82272 171.22499 228.43445 0.989229
--
car 76.89254 92.53398 98.279236 118.60613 0.4850538
car 464.20517 479.61172 145.25638 185.2288 0.7482745
car 71.14859 96.97603 137.31372 172.6655 0.86612296
car 155.66031 229.51152 143.00345 193.43336 0.872609
car 401.07516 458.81766 171.22668 228.44803 0.990448
--
car 76.72677 92.594536 97.82041 118.81494 0.56584287
car 464.27374 479.59656 145.26587 185.21117 0.74031836
car 155.57578 229.71593 143.13597 193.283 0.84597486
car 71.14 97.007385 137.29367 172.7373 0.8570777
car 400.79922 459.30005 171.04701 228.64604 0.98942393
--
car 76.76844 92.47176 97.89701 118.75671 0.5387945
car 464.16727 479.6857 145.4373 184.96616 0.7369805
car 155.47766 229.68953 143.15778 193.30501 0.8473699
car 71.15817 97.00576 137.35399 172.78566 0.8609227
car 400.73822 458.76828 171.30788 228.35855 0.9888922
--
car 76.66659 92.52165 97.718475 118.86008 0.53481954
car 464.13504 479.6879 145.42392 185.02028 0.7270505
car 155.51468 229.68684 143.14093 193.29457 0.8420075
car 71.12778 97.0045 137.21336 172.91066 0.8601757
car 400.79028 458.87003 171.37541 228.28197 0.9889771
--
car 76.76152 92.5056 97.78065 118.91373 0.4915397
car 464.14365 479.6977 145.47115 184.96413 0.74683464
car 155.4152 229.71465 143.11865 193.27007 0.85135597
car 71.11986 97.02094 137.25223 172.91824 0.8637142
car 401.41266 460.04996 168.2351 224.1617 0.99123216
--
car 76.6456 92.62182 97.73165 118.86171 0.47615778
car 464.1643 479.68146 145.42662 185.04082 0.7531797
car 155.27414 229.82033 143.038 193.34343 0.84341574
car 71.116936 97.0032 137.22046 173.03024 0.8685245
car 402.28098 459.92566 167.31767 224.31369 0.9933964
--
car 76.51256 92.76606 97.84793 118.71071 0.5059839
car 464.14655 479.70966 145.40912 185.02254 0.7449223
car 155.25903 229.79907 142.97476 193.28163 0.84711635
car 71.10467 97.02066 137.24799 172.92746 0.87443334
car 401.98877 459.9377 168.04858 223.8636 0.99407494
--
car 76.55849 92.786606 98.067154 118.70057 0.47401407
car 464.1411 479.71103 145.41481 185.02644 0.7369126
car 155.24858 229.8299 142.97255 193.30203 0.8471658
car 71.07423 97.00394 137.30896 172.95213 0.87203705
car 402.07785 459.9458 168.2628 223.71222 0.9943413
--
car 76.554924 92.48989 98.160645 118.46674 0.39661703
car 464.2173 479.63 145.34045 184.91939 0.73808837
car 155.81906 229.7782 142.58792 193.21622 0.834675
car 70.81091 96.99923 137.48596 172.09554 0.8532873
car 402.24243 459.6223 167.58267 224.22028 0.9888285
--
car 76.57924 92.45989 98.241615 118.53014 0.36663732
car 464.2529 479.61798 145.3896 184.80603 0.72693413
car 155.811 229.71852 142.59682 193.33015 0.8401863
car 70.81779 97.00454 137.52492 172.07005 0.85440767
car 402.3169 459.8202 168.42471 223.86246 0.9872248
--
car 76.63833 92.3726 98.237076 118.5491 0.32855263
car 464.25616 479.61832 145.3986 184.80699 0.72517717
car 155.76923 229.73262 142.54651 193.29857 0.84081256
car 70.83919 97.005844 137.4992 172.11807 0.85388947
car 402.3282 459.91455 168.49045 223.70001 0.98758864
--
car 464.2511 479.61572 145.38843 184.83386 0.7318955
car 155.72217 229.75757 142.51503 193.31416 0.839494
car 70.86339 96.99038 137.50705 172.08846 0.8486504
car 402.1904 460.066 168.50642 223.68344 0.98637956
--
car 464.32443 479.59375 145.28796 185.01938 0.74343973
car 155.75621 229.67775 142.54515 193.33496 0.846651
car 70.878944 96.927315 137.55951 172.05045 0.84859765
car 401.76685 460.21 168.49033 223.86682 0.986596
--
car 464.32355 479.59418 145.28995 185.01949 0.7437434
car 155.65051 229.70856 142.50815 193.3409 0.84240377
car 70.85879 96.92184 137.46701 172.13638 0.84917456
car 401.76175 460.20792 168.50705 223.86446 0.9862834
--
car 464.35535 479.56262 145.25404 185.07521 0.7565332
car 70.797714 96.96413 137.31348 172.18872 0.8418634
car 155.65121 229.78311 142.57353 193.32065 0.84206057
car 401.195 459.85135 168.77164 223.91759 0.986695
--
car 76.937965 92.14523 98.79886 118.16934 0.32141373
car 464.36853 479.55856 145.18736 185.11679 0.7578369
car 155.83672 229.81464 142.62805 193.2951 0.8299368
car 70.80975 96.94806 137.32053 172.18816 0.8415253
car 399.21198 459.00644 171.7765 228.07278 0.9811978
--
car 464.36893 479.56564 145.1798 185.08575 0.7489571
car 155.74657 229.76672 142.64145 193.25137 0.8328192
car 70.809906 96.93906 137.33282 172.21552 0.834541
car 399.36224 459.00668 171.91039 227.96257 0.9793472
--
car 76.9661 91.22 93.34471 114.849594 0.35985094
car 464.3534 479.56656 145.33334 185.08755 0.760912
car 70.87446 96.912254 137.46005 172.48177 0.82788885
car 155.7149 229.62303 142.43929 193.52048 0.83616084
car 401.82422 459.9693 169.13371 223.85051 0.97969663
--
car 77.01078 91.26129 93.35984 115.018166 0.4227906
car 464.32977 479.60516 145.29869 184.99487 0.77847075
car 70.94408 96.90972 137.69687 172.52394 0.8255449
car 155.70839 229.72476 142.49654 193.65067 0.8268052
car 401.612 460.06232 169.23915 223.90317 0.98188233
--
car 76.995 91.2419 93.36024 115.037315 0.4118191
car 464.38968 479.60242 145.28795 185.02858 0.7850849
car 70.99729 96.885185 137.79237 172.62726 0.82256275
car 155.70259 229.63525 142.49985 193.64793 0.8339706
car 401.67194 459.99774 169.32394 223.8221 0.98225206
--
car 76.28673 92.04709 93.390015 116.66401 0.46629083
car 464.3764 479.58594 145.07826 184.98885 0.7918805
car 72.34529 97.02318 135.80559 163.98495 0.81221247
car 155.89822 229.51172 142.78477 193.27652 0.86287266
car 401.94745 460.00906 169.00346 224.13689 0.97353035
--
car 76.29712 92.07118 93.43769 116.62689 0.43005958
car 464.3605 479.6079 145.08304 184.9466 0.794297
car 72.31587 97.03723 135.65895 164.29854 0.82107276
car 155.87654 229.40434 142.8255 193.3287 0.8604291
car 401.8426 459.96097 168.87738 223.95982 0.9706506
--
car 76.41971 92.04855 93.23442 116.757034 0.42489216
car 464.3748 479.5992 145.08408 184.97955 0.8133696
car 72.309364 97.00071 135.58339 164.2886 0.8168252
car 155.93568 229.39836 142.72179 193.31978 0.87397367
car 401.3085 459.8847 169.02464 223.8952 0.98090214
--
car 77.74251 92.15694 98.11502 118.58708 0.45860523
car 464.3704 479.59964 145.08163 184.98712 0.81340337
car 72.284485 97.00796 135.58093 164.30872 0.8218891
car 155.89189 229.29865 142.7842 193.30698 0.8698681
car 401.34103 459.85193 169.05048 223.89915 0.9814631
--
car 77.66992 92.10663 98.3514 118.545906 0.50699884
car 464.3921 479.56998 145.10335 185.0139 0.819457
car 72.214485 97.03186 135.5654 164.44786 0.83771634
car 155.8602 229.21156 142.7995 193.32382 0.875624
car 400.76248 460.0612 169.21767 223.6838 0.98461
--
car 77.8176 91.98531 98.516045 118.50239 0.528548
car 464.43628 479.57895 145.1268 184.91063 0.8198329
car 72.219406 97.03469 135.56718 164.44383 0.84153664
car 155.8726 229.15854 142.77943 193.27798 0.8804613
car 400.7454 460.17114 168.97499 224.24866 0.9842802
--
car 77.728455 91.9863 98.37551 118.64176 0.5034621
car 464.4427 479.57983 145.10313 184.94157 0.8175703
car 72.3432 96.95367 135.64047 163.97261 0.81889814
car 155.87033 229.17363 142.77567 193.30818 0.884571
car 400.73392 460.1557 168.9812 224.21013 0.98371094
--
car 77.87733 91.93043 98.415054 118.46517 0.45699677
car 464.4008 479.59735 145.16078 184.88728 0.8076932
car 72.28754 97.03218 135.52293 164.30528 0.8245494
car 155.84999 229.10597 142.96101 193.32225 0.90018535
car 401.6055 459.4073 169.12032 224.30743 0.98078406
--
car 77.827515 91.92875 98.09909 118.612236 0.48594725
car 464.3776 479.61374 145.14632 184.87883 0.80426186
car 72.26429 97.04714 135.50616 164.31807 0.8391745
car 155.78609 228.99117 142.9223 193.33467 0.8989342
car 400.86285 459.46426 168.93694 224.18938 0.9781575
--
car 77.82839 91.927284 98.13965 118.58902 0.48514134
car 464.37622 479.6134 145.14302 184.88448 0.8058748
car 72.27812 97.04394 135.5343 164.28072 0.83875394
car 155.82831 228.97626 142.87378 193.29796 0.89368325
car 400.89487 459.46436 168.92934 224.21225 0.9786083
--
car 77.56743 91.947205 97.9611 118.7468 0.48353332
car 464.36914 479.6204 145.12431 184.82356 0.8017202
car 72.28975 97.02879 135.53632 164.25835 0.84188396
car 155.90869 229.02391 142.88188 193.24316 0.8906145
car 401.30664 459.21863 169.04282 224.297 0.981224
--
car 77.56631 91.96946 98.02144 118.74781 0.4818623
car 464.3739 479.6148 145.18396 184.84076 0.79591805
car 72.27692 97.0137 135.54793 164.24103 0.84707725
car 155.80153 228.90509 142.80759 193.31728 0.88713187
car 401.63028 458.7871 168.80182 224.71704 0.9780872
--
car 77.41767 92.05043 97.85438 118.64714 0.5339015
car 464.31323 479.6134 145.49872 184.6664 0.7780689
car 71.181175 96.78857 138.1186 172.38797 0.79753006
car 156.03716 229.1612 142.97235 193.24385 0.8487752
car 401.659 458.7605 168.66107 224.84224 0.970484
--
car 77.40973 92.07881 97.92226 118.56995 0.5324381
car 71.20226 96.77763 138.20659 172.37596 0.7911398
car 464.3506 479.61185 145.53717 184.56323 0.79693687
car 155.9667 229.28586 142.93567 193.27121 0.84513515
car 401.8313 458.64413 168.50545 224.96338 0.97354704
--
car 77.3657 92.226295 97.646355 118.62816 0.56567633
car 464.34106 479.63287 145.51141 184.54285 0.7890503
car 71.205 96.79144 138.25174 172.378 0.7989634
car 155.75581 229.45706 142.99222 193.28279 0.87165475
car 402.5819 458.38846 168.36351 225.04433 0.96618897
--
car 77.325836 92.221756 97.71938 118.618835 0.55291927
car 464.33755 479.62985 145.51793 184.55244 0.79449946
car 71.1647 96.80581 138.20093 172.43585 0.7956908
car 155.84265 229.49794 143.06235 193.2714 0.8614619
car 402.67148 458.45517 168.41637 225.01859 0.96696967
--
car 77.30263 92.18225 97.58947 118.69996 0.5141217
car 71.14844 96.83029 138.19969 172.43716 0.78828704
car 464.33713 479.63263 145.50748 184.55382 0.7972851
car 155.76724 229.44551 143.18016 193.25752 0.8741066
car 402.74768 458.4545 168.46541 224.93985 0.968409
--
car 77.36502 92.07231 97.77289 118.55707 0.49533215
car 464.33807 479.63992 145.52483 184.52356 0.7898835
car 71.14824 96.83818 138.25117 172.48721 0.7932529
car 155.81454 229.50325 143.24075 193.2398 0.8821884
car 402.69873 458.55368 168.52168 224.85384 0.9635605
--
car 77.38202 92.027405 97.735016 118.58046 0.4722229
car 464.34122 479.63824 145.52124 184.52452 0.78954214
car 71.15064 96.830345 138.25461 172.47893 0.79068226
car 155.74194 229.49542 143.16573 193.24847 0.8788188
car 402.70462 458.53857 168.52206 224.85555 0.9640223
--
car 77.000435 92.02151 97.9537 118.4765 0.48563156
car 72.428986 97.28583 135.82277 163.53807 0.8084861
car 464.37762 479.6914 145.32225 184.86769 0.8166059
car 155.6167 229.7746 143.08455 193.31606 0.89405096
car 402.89816 458.61096 168.97766 224.00346 0.9724559
--
car 76.97653 92.195526 97.58509 118.65973 0.45033154
car 464.35825 479.68988 145.29118 184.86176 0.79078525
car 72.41459 97.32089 135.74576 163.70447 0.8218244
car 155.65283 229.72333 143.17168 193.20424 0.8910238
car 403.37616 458.52753 169.25848 223.42747 0.9655911
--
car 76.90868 92.21264 97.52025 118.70138 0.45537868
car 464.3715 479.6829 145.30487 184.83339 0.79160655
car 72.41647 97.31177 135.724 163.76804 0.8182114
car 155.75626 229.58264 143.19582 193.18495 0.8915322
car 403.39267 458.5163 169.28625 223.37292 0.9670337
--
car 76.901245 92.22318 97.47875 118.72579 0.44620922
car 464.37863 479.67322 145.27654 184.8477 0.79601324
car 72.41971 97.324165 135.73143 163.81175 0.8119306
car 155.71907 229.61285 143.21307 193.16013 0.89338416
car 403.4102 458.4507 169.35611 223.32663 0.96689373
--
car 76.88753 92.25025 97.40244 118.77588 0.45269424
car 464.36972 479.68323 145.30798 184.87198 0.7934246
car 72.337814 97.352264 135.60042 163.98718 0.8232339
car 155.6713 229.83235 143.18567 193.10263 0.89706665
car 403.40567 458.58627 169.20274 223.49544 0.97236073
--
car 127.2676 139.15063 76.86246 86.52208 0.30723342
car 72.751305 97.454994 135.65921 164.23328 0.75875986
car 464.6153 479.59848 145.32545 185.06111 0.84327483
car 155.99666 229.74794 142.9969 192.70764 0.850822
car 403.6148 459.2425 169.69661 222.5529 0.9757998
--
car 127.25544 139.1294 76.88183 86.515755 0.31183487
car 72.81941 97.429214 135.61592 164.15797 0.74870175
car 155.98412 229.75931 143.00766 192.68309 0.8484652
car 464.59442 479.6024 145.37418 185.03275 0.8486297
car 403.57474 459.18683 169.69463 222.63684 0.97482926
--
car 127.244125 139.14624 76.93866 86.49653 0.33031496
car 71.50302 97.10318 135.68927 163.58188 0.7629915
car 155.85297 229.87093 143.04538 192.6702 0.8389113
car 464.56613 479.60858 145.42436 184.93768 0.84720397
car 403.83035 458.74747 169.89749 221.64713 0.98365206
--
car 127.2397 138.81297 76.90561 86.535675 0.30333993
car 71.53077 97.011765 135.59892 163.01923 0.7304303
car 464.5838 479.59467 145.34103 185.00418 0.85082316
car 155.84264 229.44142 143.15198 192.81111 0.85592383
car 403.7105 458.51175 170.06586 221.39156 0.98288035
--
car 458.76947 476.85318 104.23099 120.2456 0.30693308
car 127.13542 138.9065 76.93242 86.78344 0.3111697
car 71.494804 97.0192 135.58502 163.18903 0.7316542
car 464.60815 479.5978 145.341 184.96877 0.84482086
car 155.85129 229.32327 143.02151 192.92014 0.8641633
car 403.67825 458.44 170.15012 221.5363 0.98338854
--
car 458.7897 476.81094 104.245834 120.24748 0.30089456
car 127.18489 139.05968 76.90326 86.79152 0.30742022
car 77.49362 92.084 97.54233 119.00599 0.31006408
car 72.50238 97.13614 135.61441 163.59676 0.7444473
car 464.6198 479.58978 145.29906 185.03964 0.8509413
car 155.73203 229.32286 142.94617 192.92859 0.8744309
car 403.80365 458.31497 170.24171 221.52663 0.98418885
--
car 127.16565 139.0148 76.90127 86.81303 0.3107474
car 77.374084 92.147995 97.741264 118.95402 0.33490855
car 71.393005 97.013084 135.57315 163.15102 0.72314745
car 464.60904 479.59753 145.1782 185.07018 0.8433024
car 155.73898 229.62675 142.97527 193.03609 0.87058765
car 403.5082 458.30698 170.25519 221.3772 0.9808617
--
car 127.31742 139.01392 76.97646 86.71278 0.3057793
car 77.36881 92.10158 97.841194 118.83699 0.37531364
car 71.44328 96.92968 135.60847 162.87881 0.7253518
car 464.61023 479.60007 145.179 185.0683 0.8454105
car 155.83253 229.67007 143.07411 192.95163 0.86950374
car 403.56467 458.30038 170.22429 221.3023 0.98112327
--
car 127.25011 139.07663 76.927345 86.68378 0.34101874
car 77.36612 92.11385 97.9643 118.83762 0.34270486
car 71.458725 96.95027 135.57268 162.96489 0.7234884
car 464.59616 479.60767 145.20511 185.07372 0.838571
car 155.87503 229.42494 143.0943 193.01562 0.8842219
car 403.53702 458.44513 170.02423 221.65588 0.98336416
--
car 77.40069 92.12797 98.24003 118.77652 0.30078384
car 127.24188 138.97672 76.936455 86.7242 0.31215328
car 71.49828 96.82159 135.56154 162.82422 0.6980407
car 464.59894 479.61194 145.29164 185.0158 0.8401381
car 155.87312 229.45554 143.10887 192.9567 0.8808772
car 403.32605 458.4263 170.30145 221.23326 0.97884667
--
car 77.40832 92.12828 98.175934 118.73401 0.32545868
car 71.46641 96.82774 135.5401 162.91798 0.71069616
car 464.60406 479.61386 145.3024 185.01749 0.8399576
car 155.91547 229.32991 143.14923 192.99219 0.878012
car 403.3338 458.39786 170.31746 221.19579 0.97917515
--
car 127.22421 138.96896 76.99796 86.5945 0.3156642
car 77.42657 92.14194 97.98832 118.8067 0.34011886
car 71.46318 96.78954 135.5744 162.77968 0.7024219
car 464.59558 479.60638 145.34468 184.99657 0.84386915
car 155.86804 229.49396 143.226 192.9642 0.85504943
car 403.6248 458.39194 170.3745 221.28587 0.9802218
--
car 458.71417 477.20554 103.852806 120.10774 0.34483072
car 71.43087 96.71705 135.49078 163.35638 0.78795785
car 156.51315 229.3909 142.91956 193.10371 0.83811545
car 464.50208 479.49078 145.1739 184.95728 0.8459475
car 403.60443 458.69055 169.53026 222.33348 0.98906875
--
car 458.7457 477.16913 103.80097 120.063805 0.34005937
car 71.42953 96.71864 135.48752 163.39189 0.7892592
car 156.60405 229.3708 142.8994 193.20537 0.83370525
car 464.49326 479.5063 145.2112 184.9544 0.8452666
car 403.58142 458.68112 169.55354 222.42105 0.98959154
--
car 458.73672 477.21298 103.750175 120.1018 0.33459574
car 71.43245 96.75447 135.43954 163.3762 0.7810826
car 156.68259 229.38739 142.80592 193.04309 0.83353114
car 464.48718 479.5296 145.17195 184.937 0.8407583
car 403.6037 458.46378 169.72856 222.32246 0.98935646
--
car 458.73242 477.21387 103.813416 120.139084 0.33997956
car 71.469955 96.73583 135.40134 163.41243 0.78524536
car 156.69165 229.38795 142.80627 192.9712 0.8154396
car 464.52164 479.52747 144.98732 184.95927 0.83965987
car 403.25977 458.57156 169.81114 222.3194 0.9892586
--
car 458.72577 477.2465 103.83434 120.08717 0.33389163
car 71.45254 96.78434 135.4387 163.4447 0.77829516
car 156.58081 229.50534 142.8622 193.15576 0.83650255
car 464.50693 479.52078 144.97256 184.99612 0.84515154
car 403.51907 458.63184 169.63148 222.23741 0.98656505
--
car 458.70895 477.24707 103.77606 120.10033 0.34498042
car 71.42946 96.83019 135.33293 163.36696 0.7727497
car 156.64732 229.48758 142.84735 193.2943 0.82412165
car 464.51553 479.53842 144.98079 184.89081 0.8413549
car 403.59702 458.844 169.70248 222.05753 0.98642117
--
car 458.75092 477.23352 103.745224 120.09953 0.3206726
car 71.46006 96.8185 135.49048 163.33365 0.77074313
car 156.7178 229.6643 142.95607 193.35114 0.82616216
car 464.5141 479.54526 144.94106 184.97466 0.8282217
car 403.51028 458.74902 169.64807 222.07812 0.98789823
--
car 458.75485 477.2386 103.63049 120.069046 0.32825834
car 71.499 96.88175 135.4181 163.50502 0.7748755
car 464.5291 479.53958 145.05255 184.86774 0.83852154
car 156.22855 229.79846 142.92844 193.33672 0.8532922
car 403.66803 458.79816 169.62105 222.07965 0.9867615
--
car 458.74246 477.24756 103.648476 120.08027 0.33423385
car 71.50408 96.909134 135.41469 163.5317 0.7678275
car 464.53235 479.53708 145.03896 184.87132 0.8395693
car 156.23376 229.7729 142.91248 193.35205 0.8486321
car 403.66815 458.79044 169.58954 222.17303 0.98651433
--
car 458.7448 477.24835 103.64109 120.08704 0.3349077
car 71.49919 96.90738 135.43001 163.52563 0.76496965
car 464.53537 479.53564 145.03276 184.8707 0.8406387
car 156.28926 229.72273 142.93498 193.36687 0.8512949
car 403.66217 458.79254 169.59212 222.17325 0.9864981
--
car 458.73428 477.2448 103.630646 120.1082 0.3627418
car 71.42323 96.94685 135.64407 163.62265 0.7427521
car 464.55276 479.52417 145.07251 184.85728 0.85009456
car 156.29791 229.83456 142.82175 193.3356 0.8590104
car 403.73914 458.81122 169.57693 222.40349 0.98686385
--
car 458.73346 477.24008 103.64015 120.10602 0.36452162
car 71.41077 96.96647 135.63614 163.59312 0.7480865
car 464.5525 479.52365 145.06877 184.858 0.84993607
car 156.2828 229.85808 142.79022 193.32942 0.8595058
car 403.76746 458.82593 169.56554 222.38939 0.9865666
--
car 71.284935 96.995186 135.47955 164.34392 0.8012332
car 155.75427 230.29039 142.84515 193.45576 0.8758692
car 464.2499 479.60025 145.51646 184.54059 0.8831903
car 403.98727 459.17532 169.85413 222.67374 0.982087
--
car 71.262764 97.00989 135.24545 164.41118 0.81716484
car 155.79463 230.35963 142.7153 193.42429 0.857802
car 464.26324 479.601 145.49437 184.56978 0.8790117
car 403.96024 459.29346 169.8858 222.5885 0.9826522
--
car 71.22798 97.03524 135.23685 164.79048 0.81655174
car 155.90422 230.34552 142.71149 193.44548 0.85534394
car 464.26508 479.60727 145.49403 184.58244 0.87659085
car 403.90204 459.27176 169.8704 222.5969 0.98381144
--
car 71.18075 97.037575 135.29056 164.49437 0.81333154
car 155.95883 230.36543 142.85695 193.45491 0.8486251
car 464.25223 479.61322 145.49126 184.57607 0.8809911
car 403.89874 459.21747 169.82744 222.63339 0.98446655
--
car 126.98052 139.73428 77.02848 87.54654 0.31131715
car 71.16835 97.083626 135.23859 164.50264 0.8088751
car 155.93164 230.40897 142.89192 193.45676 0.8425817
car 464.26367 479.61163 145.46254 184.60295 0.88263655
car 403.9611 459.22934 169.80084 222.7131 0.98693264
--
car 127.04524 139.67477 77.04613 87.60758 0.32102734
car 71.17413 97.05931 135.23033 164.3685 0.8133786
car 155.9249 230.39554 142.93143 193.43019 0.84237176
car 464.2686 479.61212 145.46013 184.60965 0.88017195
car 403.95996 459.2339 169.7645 222.75671 0.986398
--
car 126.80541 139.76474 76.98169 87.32949 0.32836807
car 71.09746 97.09932 135.26868 164.79768 0.82742053
car 155.8689 230.40907 142.79459 193.49802 0.85708886
car 464.26337 479.61884 145.46696 184.60336 0.8799741
car 404.00143 459.25574 169.70862 222.75719 0.986265
--
car 126.80572 139.79773 76.969345 87.32063 0.34337574
car 70.9889 97.133736 135.33368 164.74951 0.83860695
car 155.83708 230.33324 142.80226 193.43875 0.84155834
car 464.24768 479.6179 145.52432 184.5408 0.88142616
car 404.10425 459.08914 169.73505 222.60486 0.98655915
--
car 155.88106 230.30528 142.81491 193.43872 0.8249426
car 70.95572 97.1612 135.33308 164.8769 0.83599836
car 464.23804 479.62292 145.5456 184.5419 0.88310486
car 404.0886 459.06412 169.67221 222.74655 0.98647666
--
car 71.0168 97.254456 135.27171 164.78868 0.82747906
car 155.8053 230.32745 142.79387 193.52386 0.8433836
car 464.23654 479.62616 145.53267 184.55574 0.8837618
car 404.18958 459.01846 169.63235 222.76216 0.98684025
--
car 71.02166 97.376945 135.3412 164.78902 0.8057043
car 155.87271 230.33759 142.79851 193.44969 0.8406642
car 464.24536 479.62305 145.51541 184.58807 0.8835478
car 404.17078 459.06116 169.5973 222.78001 0.9868977
--
car 71.01512 97.47304 135.28828 164.80545 0.7869479
car 155.83923 230.25937 142.6806 193.51013 0.8559717
car 464.24225 479.6273 145.53252 184.55316 0.8841382
car 404.16895 459.07867 169.65604 222.63116 0.9861055
--
car 125.55274 139.94435 77.093185 86.934235 0.33378085
car 70.95409 97.4477 135.42082 164.71301 0.81054467
car 156.16623 230.7028 142.80396 193.39514 0.8426962
car 464.5533 479.5114 145.10686 185.0206 0.8614134
car 404.40372 458.9701 169.72736 222.22475 0.9825252
--
car 125.53768 139.95827 77.116135 86.9042 0.32612702
car 70.91304 97.466255 135.42668 164.77547 0.80256766
car 156.13724 230.57321 142.76157 193.37517 0.8406131
car 464.55615 479.5142 145.09042 185.02144 0.8618826
car 404.29443 459.09006 169.7463 222.29358 0.9855787
--
car 125.63045 139.89397 77.05357 86.92015 0.31149375
car 70.93827 97.43883 135.46007 164.78166 0.7950935
car 156.123 230.4563 142.80193 193.37976 0.84772044
car 464.56522 479.51715 145.07852 185.02647 0.85660064
car 404.17828 459.09363 169.80737 222.16737 0.9862372
