--
car 146.03386 157.5986 14.0115795 22.015009 0.3266799
car 154.79828 168.29158 22.555704 31.945126 0.55146223
car 382.64987 422.63098 98.078064 127.11143 0.59680843
car 363.52798 403.47864 89.02673 111.689255 0.6821397
car 172.15805 192.85864 40.307728 56.456352 0.9518817
--
car 145.8801 157.81697 13.840272 22.085535 0.31227943
car 154.54158 168.26442 22.208658 31.819674 0.5740915
car 382.75275 422.7698 98.31798 127.08208 0.642854
car 363.4046 403.21323 89.144325 111.60885 0.6458956
car 172.06032 193.04495 40.203197 56.386997 0.9515734
--
car 145.84503 157.82826 13.827436 22.209623 0.30161867
car 154.50545 168.51102 22.078306 32.032055 0.5847815
car 382.78082 422.7918 98.19609 127.115944 0.6362381
car 363.40085 403.27188 89.12035 111.694595 0.6526311
car 171.60658 192.4783 39.9969 55.993656 0.9625216
--
car 146.10968 158.07376 13.925131 22.429161 0.32098597
car 225.03874 259.7117 76.76029 95.70592 0.34082723
car 154.81688 168.28494 22.541166 31.953182 0.58874404
car 363.46786 403.2619 89.15009 111.55027 0.6447485
car 382.91858 422.6266 98.2342 127.166756 0.66528076
car 171.59126 192.58797 40.077263 55.84512 0.96613187
--
car 146.50606 157.98703 14.040664 22.291267 0.31013387
car 225.38145 259.27057 76.741516 95.7689 0.34653413
car 154.90457 168.039 22.530617 31.79244 0.54610443
car 363.40326 403.19843 89.13581 111.604294 0.66255176
car 382.7832 422.8203 98.271736 127.149414 0.69847786
car 172.15228 191.68866 39.700703 55.08558 0.9643245
--
car 225.83766 258.8124 76.677185 95.7575 0.32295245
car 146.49692 158.08513 14.278248 22.45327 0.3240591
car 363.55075 403.11786 89.255455 111.74277 0.62659657
car 155.04695 168.13786 22.355862 31.4335 0.633009
car 382.6151 422.81366 98.295334 127.0961 0.6867006
car 172.3143 190.87674 39.714848 54.311127 0.962247
--
car 145.98866 157.20398 14.056441 22.275835 0.35098353
car 225.8974 258.4856 76.60537 95.76205 0.36260206
car 363.228 403.1121 89.25771 111.264465 0.63176674
car 382.6302 422.90182 98.423 126.74026 0.64209056
car 154.6974 168.52773 22.149084 31.611086 0.7070463
car 171.80711 189.28632 39.153164 53.398773 0.9638462
--
car 145.94484 157.15997 14.020601 22.167091 0.3732807
car 225.9936 258.52188 76.6585 95.71362 0.41997057
car 363.27097 403.27362 89.347404 111.35942 0.5955747
car 382.7119 422.8163 98.388794 126.70337 0.6205469
car 154.88643 168.94203 22.072622 31.530907 0.735589
car 171.69919 189.25551 39.119835 53.601803 0.96501464
--
bus 448.9869 480.3347 87.1114 117.39047 0.3163096
car 145.98276 157.13116 13.911789 21.945784 0.34741345
car 225.88322 258.67758 76.65276 95.77421 0.39691788
car 382.51187 422.8986 98.58751 126.76884 0.5985738
car 363.1893 403.3017 89.33764 111.23674 0.6157273
car 154.47488 168.39365 22.112383 31.545315 0.7327503
car 171.71034 188.57791 38.76428 53.457005 0.9510368
--
bus 448.9781 480.3532 87.152435 117.314545 0.31956118
car 146.21184 157.32608 13.983833 22.045528 0.3329552
car 225.896 258.47067 76.59099 95.72161 0.3659768
car 382.29907 422.92462 98.66225 126.77386 0.6017184
car 363.28113 403.24786 89.09792 111.0501 0.6577728
car 154.3475 168.52531 21.83966 31.415663 0.72860986
car 171.65732 188.32747 38.7833 53.452187 0.9540174
--
car 225.94577 258.4589 76.55285 95.78679 0.34763467
car 146.15652 157.1352 13.977462 21.852846 0.3763097
car 382.25195 422.86423 98.82913 126.65152 0.5915813
car 363.30103 403.2468 89.08289 110.92077 0.6566182
car 154.4253 168.44708 21.850704 31.275488 0.7616555
car 171.84744 187.65958 38.509678 52.9417 0.964426
--
bus 449.02512 480.2975 87.10689 117.29664 0.36333367
car 225.69975 258.77484 76.57099 95.78688 0.30859143
car 146.24443 157.63377 14.308755 22.449297 0.3354918
car 335.08438 417.17966 209.55786 281.18527 0.43908575
car 381.75024 423.12338 98.50119 126.88016 0.66831404
car 154.68787 168.33972 21.674582 30.981546 0.68243504
car 363.3405 403.47595 88.950066 111.067604 0.6996893
car 171.3687 187.12973 37.853394 52.727936 0.971954
--
bus 449.20773 480.37503 87.55217 116.885254 0.32272202
car 138.91731 149.61551 5.1452365 13.009585 0.3029981
car 146.24199 157.90529 14.904837 22.907974 0.33011183
car 382.92908 422.29807 99.67808 126.03112 0.6512906
car 154.64474 167.64014 21.919611 30.869995 0.697602
car 363.28503 402.709 89.58647 110.52997 0.7204023
car 334.73453 412.30212 203.17291 271.2421 0.7580305
car 170.148 186.93553 37.55262 52.373898 0.98005384
--
bus 449.21695 480.3783 87.52962 116.818184 0.34304753
car 138.89465 149.64664 5.1156554 13.0104 0.30228528
car 146.2228 157.94803 14.919274 23.003628 0.32966644
car 382.6641 422.38922 99.64145 126.07434 0.6356165
car 154.63528 167.77591 21.866285 30.849024 0.69850683
car 363.4918 402.59946 89.5751 110.46402 0.708799
car 334.73447 412.38345 203.61253 270.9576 0.8005303
car 170.1642 186.91492 37.497543 52.367138 0.97972286
--
bus 449.2088 480.37726 87.52406 116.73701 0.34505615
car 331.38718 402.6171 198.39168 265.26108 0.3099544
car 154.64005 167.61748 21.678196 30.44459 0.6503287
car 382.63034 422.41815 99.587845 126.13663 0.6652
car 363.53778 402.6476 89.50293 110.414894 0.73585176
car 170.4619 186.27133 37.369423 51.935146 0.978513
--
bus 449.2124 480.38196 87.47986 116.70109 0.32267877
car 145.99658 157.41415 15.176955 23.086525 0.31204024
car 330.9533 402.8191 198.18344 265.38303 0.33123466
car 382.72183 422.39383 99.50116 126.16313 0.65095365
car 154.68436 167.72058 21.701153 30.495483 0.69103235
car 363.57288 402.59808 89.54845 110.58611 0.71447843
car 170.44647 186.15967 37.27254 51.97708 0.9789592
--
bus 449.20685 480.38034 87.410614 116.80357 0.30947545
car 330.13293 399.7721 194.71782 259.1943 0.55032665
car 154.75061 167.8884 21.382689 29.868849 0.61978596
car 382.809 422.36252 99.32095 126.295006 0.6454212
car 363.58795 402.61047 89.45887 110.7217 0.7025248
car 170.17923 185.89868 36.558548 51.587997 0.97413856
--
car 145.66313 157.23714 14.8835535 22.980455 0.3211161
car 327.3371 397.3943 191.67676 255.0525 0.60960233
car 382.61917 422.44516 99.213196 126.28211 0.62606573
car 154.50404 167.94092 21.2032 29.70533 0.63429356
car 363.5877 402.6872 89.45098 110.761696 0.71674806
car 169.40254 185.67758 35.914345 51.61784 0.9702935
--
car 145.62883 157.3364 14.514549 22.935114 0.36960468
car 318.96185 389.18365 183.12364 246.39519 0.39135596
car 154.81528 167.62187 21.033234 29.464737 0.5603134
car 382.5744 422.45703 99.0902 126.25192 0.59127194
car 363.43146 402.76868 89.354744 110.86351 0.7147162
car 169.38948 185.32767 35.34008 50.924824 0.9442652
--
car 145.51358 157.20029 14.366566 22.87693 0.4026326
car 154.87027 167.55078 20.979033 29.314533 0.54452
car 382.59476 422.41687 99.07152 126.29069 0.61342996
car 363.49512 402.77557 89.36114 110.94252 0.73070335
car 169.25597 185.34619 35.251892 51.038933 0.9437075
--
car 145.38432 157.2905 14.289997 22.765274 0.38377008
car 155.17947 167.87897 20.87258 29.097847 0.5429112
car 382.73227 422.41083 99.04162 126.24789 0.60273576
car 363.43887 402.74857 89.30327 110.94076 0.71410435
car 169.04207 185.33882 35.02358 50.897224 0.9437564
--
bus 449.2596 480.40472 87.38557 116.82719 0.32034916
car 312.3404 384.1928 180.46454 242.78865 0.30118713
car 145.43658 157.55006 14.309781 22.86056 0.41643044
car 154.82332 168.25224 20.853397 29.120234 0.63474387
car 382.7112 422.44876 99.2117 126.254166 0.6369292
car 363.54846 402.68634 89.348434 110.79952 0.72543114
car 168.8771 185.46173 34.84336 51.001347 0.9532984
--
bus 449.23883 480.42087 87.40182 116.77741 0.30501363
car 145.74603 157.76724 14.610245 22.820848 0.43367183
car 310.6162 379.64218 178.02759 238.25961 0.49928296
car 154.90303 167.74225 20.924353 28.99166 0.59897256
car 382.65744 422.49884 99.019196 126.385796 0.6652714
car 363.41733 402.8686 89.314735 110.81639 0.731492
car 167.94687 185.63617 34.62345 50.762608 0.9291194
--
bus 449.24005 480.39676 87.41461 116.7163 0.31775934
car 145.33316 157.24022 14.625093 23.137993 0.4176106
car 155.2727 167.52386 21.374573 29.404022 0.48707977
car 382.8176 422.38107 99.316055 126.207214 0.68739355
car 363.5349 402.7395 89.35757 110.72227 0.74191606
car 168.32544 185.2029 34.86003 50.25021 0.88598204
--
bus 449.18494 480.40335 87.47561 116.21209 0.31014818
car 145.59769 157.59401 14.395044 23.190071 0.4683972
car 155.40831 167.57999 21.241146 29.341986 0.48388904
car 382.5879 422.3922 99.420715 125.93546 0.60587215
car 363.5163 402.68124 89.87766 111.309814 0.73650014
car 168.40945 184.61609 34.939804 49.742146 0.78542536
car 307.02103 371.47113 174.55727 226.12247 0.83141685
--
bus 449.2192 480.39432 87.4671 116.200966 0.30800903
car 145.64632 157.59448 14.423563 23.161453 0.46537885
car 155.35973 167.60994 21.255707 29.394398 0.49786556
car 382.55664 422.45642 99.40702 125.86429 0.5982775
car 363.55383 402.64813 89.85389 111.35771 0.7316429
car 168.40424 184.608 34.962482 49.71901 0.79523027
car 306.65918 371.52777 174.4118 226.40979 0.8460258
--
car 155.68704 167.75392 21.078615 28.897608 0.4596918
car 145.60619 157.64636 14.668477 23.711248 0.50226945
car 384.70248 421.41516 105.49287 127.73585 0.57601446
car 165.01971 182.05598 34.811184 49.99878 0.71945155
car 363.48734 402.6553 89.86967 111.29296 0.7263003
car 296.10388 364.13358 165.87381 219.72003 0.8148032
--
car 155.84029 167.93074 21.037956 28.910458 0.4798505
car 145.43584 157.57811 14.525511 23.702648 0.5058292
car 382.56274 422.44095 99.40776 125.815056 0.574238
car 363.52216 402.68582 89.85639 111.35159 0.73163855
car 164.98723 182.13045 34.836617 50.01386 0.7417675
car 295.82892 364.45245 166.06512 219.89822 0.7792526
--
car 156.21208 167.64064 21.090452 28.908298 0.42434582
car 145.31297 157.91191 14.390991 23.81528 0.54586095
car 382.64014 422.47363 99.14625 125.84146 0.5861548
car 363.805 402.48944 89.8066 111.68933 0.7246698
car 296.72345 361.4923 164.19908 217.16069 0.7754507
car 164.85078 182.5531 34.675262 50.1047 0.8202326
--
bus 449.26935 480.38846 87.37578 116.18599 0.30274954
car 154.55249 166.33615 17.490885 25.741661 0.30762604
car 156.0905 167.71556 20.83683 28.537231 0.4842143
car 145.33095 158.3452 14.434469 23.847464 0.5475175
car 382.6908 422.39435 99.34833 125.78763 0.5965062
car 363.58005 402.5547 89.81914 111.56738 0.7220281
car 165.52197 181.79552 34.50252 49.84168 0.76570386
car 294.90564 359.20282 161.68573 214.48123 0.93981624
--
bus 449.28244 480.40393 87.37005 116.15782 0.3081554
car 153.51604 166.49942 17.749405 26.061954 0.35873213
car 155.84607 167.39279 20.594826 28.27986 0.48322272
car 145.73381 158.47171 14.488613 23.855816 0.5687068
car 382.711 422.47482 99.17253 126.12749 0.6156262
car 363.74323 402.74274 89.776596 111.967445 0.7410415
car 289.26746 353.42462 158.56087 208.23254 0.8770655
car 165.89488 181.82466 33.533817 47.55 0.8881699
--
car 153.4784 166.76982 17.723333 26.176134 0.3506667
car 155.7301 167.39432 20.57581 28.20206 0.4707532
car 145.59871 158.33472 14.304463 23.827337 0.5784767
car 382.6214 422.54547 99.23163 126.12543 0.62303424
car 363.74762 402.65955 89.79568 111.84039 0.7287899
car 165.8772 181.83897 33.486687 47.60751 0.8957189
car 289.42508 353.34195 158.7668 208.21828 0.91174304
--
car 153.68153 166.59201 17.672306 26.032852 0.36091295
car 155.45479 167.30345 20.603401 28.189962 0.41086864
car 146.12791 158.54565 14.221105 23.616055 0.5655118
car 382.64853 422.55136 99.27227 126.089806 0.60662407
car 363.71512 402.60547 89.81598 111.725296 0.7135622
car 286.96707 351.37488 156.86702 206.15765 0.8807221
car 165.64018 181.88678 33.30726 47.861095 0.91596377
--
car 153.73938 166.55113 17.678915 25.988907 0.33755794
car 155.5972 167.19023 20.663116 28.26381 0.41814396
car 146.36713 158.76791 14.42825 23.68807 0.56125367
car 382.61304 422.55447 99.139305 126.17681 0.61523396
car 363.73773 402.66354 89.79808 111.88532 0.71598744
car 287.0919 351.4029 156.69102 206.32207 0.88640803
car 165.63254 181.91093 33.279507 47.919044 0.9141753
--
car 154.26233 166.15039 17.790833 25.578629 0.33473223
car 146.3612 157.83528 14.392433 23.185701 0.51306695
car 382.76657 422.38452 99.33336 126.033356 0.6416156
car 285.7812 347.38678 150.73932 201.24307 0.7182921
car 363.73883 402.55072 89.8291 111.647194 0.7267386
car 164.86931 181.46112 33.036774 47.33922 0.9435172
--
car 154.31192 166.47235 17.708315 25.429573 0.33268297
car 146.33148 157.65842 14.628345 23.39544 0.4694663
car 382.71997 422.39362 99.363556 126.045746 0.65797204
car 363.75842 402.55853 89.81593 111.74556 0.73094386
car 282.679 340.64383 148.11874 196.65735 0.83582205
car 164.6381 181.21275 33.056602 47.19135 0.9454673
--
car 146.92104 158.36378 14.6871395 23.903713 0.38566765
car 418.25925 462.2668 112.93713 143.06396 0.42363226
car 153.41685 167.07797 17.441607 25.893879 0.45293143
car 385.40622 421.1645 106.02342 127.71131 0.6285485
car 279.73914 337.8948 145.22635 190.93135 0.72104585
car 363.46487 403.01715 89.68935 111.16931 0.7529905
car 164.19739 180.5736 32.77337 46.94074 0.95425385
--
car 146.8362 158.2194 14.735992 23.938402 0.3614979
car 418.1468 462.33862 112.98675 143.0162 0.43747422
car 153.54121 167.06604 17.47157 25.847467 0.46286628
car 385.40735 421.15857 106.072105 127.69348 0.6392012
car 279.9219 337.96503 145.18356 190.89871 0.73324883
car 363.4225 403.00015 89.71926 111.060165 0.75288457
car 164.20259 180.54982 32.787483 46.87347 0.95416164
--
car 418.17624 462.3561 112.95168 143.065 0.3829477
car 153.56451 167.27077 17.529055 25.799194 0.40228188
car 385.27124 421.20667 106.07086 127.71421 0.6100329
car 363.35913 403.00305 89.687965 111.14559 0.74311006
car 277.30664 335.59872 143.69847 188.95369 0.8215854
car 163.85124 180.43887 32.483387 46.645943 0.9380193
--
car 418.10495 462.39163 113.027916 143.04948 0.39432687
car 153.56372 167.26648 17.50458 25.799734 0.41974458
car 385.33527 421.1729 106.09225 127.6845 0.60468227
car 363.37146 402.99942 89.69908 111.13175 0.73719263
car 277.17453 335.36768 143.57817 188.90852 0.7796108
car 163.89003 180.4179 32.48945 46.51769 0.9445136
--
car 418.11044 462.38037 113.21258 143.04927 0.38567525
car 153.52364 166.89671 17.663498 25.531067 0.39312536
car 385.38284 421.08566 106.19488 127.75061 0.6234693
car 363.2959 403.03918 89.70496 111.00713 0.73643
car 275.90598 332.58588 142.04843 187.01518 0.8404211
car 163.71123 179.64491 32.069096 45.63776 0.92624974
--
car 418.02496 462.48596 112.92101 143.08849 0.3942545
car 153.80206 167.35687 17.502138 25.40421 0.40376636
car 385.31433 421.02945 106.11282 127.66667 0.58573365
car 363.37177 402.86624 89.67986 111.16833 0.7321544
car 272.21982 329.06754 136.88275 184.4777 0.9049028
car 163.45668 179.49973 31.87892 45.471237 0.9376162
--
car 152.97148 167.18141 17.190842 25.119242 0.3230262
car 219.08206 255.81757 76.15822 96.20416 0.32725734
car 417.98746 462.4349 112.81744 143.3876 0.40012848
car 385.16638 421.24167 106.04413 127.66065 0.59554356
car 363.548 402.9717 89.53887 111.16074 0.76829445
car 164.26073 179.24754 31.176777 44.508953 0.9049657
car 266.13882 320.63553 132.54434 178.4448 0.926435
--
car 152.92795 167.00563 17.314573 25.171547 0.32487124
car 219.07047 255.83284 76.13267 96.253975 0.37322205
car 417.87625 462.39697 112.72915 143.40353 0.41075578
car 385.038 421.3044 106.00362 127.72552 0.6093335
car 363.51666 402.9156 89.5878 111.24168 0.75762177
car 164.20998 179.29996 31.227575 44.528778 0.8950958
car 266.38922 320.57773 132.58574 178.77388 0.9337568
--
car 418.01328 462.20584 112.94971 143.47012 0.36500686
car 218.94315 255.69489 76.19165 96.442764 0.52436215
car 384.8393 421.32086 105.92447 127.671776 0.6012612
car 363.8805 402.75922 89.489235 111.182785 0.77125156
car 163.69205 179.07394 31.024508 44.642357 0.8559112
car 267.2384 319.38306 131.5961 177.28036 0.97685105
--
car 418.02722 462.28174 112.62978 143.54132 0.40609124
car 219.73117 255.34964 76.33495 96.49104 0.4931681
car 384.85193 421.33328 105.94496 127.71051 0.6036636
car 363.82297 402.76544 89.52289 111.21516 0.74431443
car 163.72151 179.34093 30.801538 44.648132 0.8526563
car 267.24185 319.4402 131.59828 177.37155 0.9659051
--
car 363.83408 383.6073 93.55999 109.992424 0.32144615
car 418.6061 461.97595 112.139694 143.33269 0.40285644
car 219.09627 256.3926 76.314705 96.38325 0.62157863
car 385.10672 421.38855 105.84379 127.64133 0.62747663
car 363.94376 402.63885 89.794014 111.02096 0.7213068
car 163.73344 178.97957 30.779606 44.271122 0.9004593
car 265.30612 318.19952 130.01393 174.22572 0.94804597
--
car 418.49756 462.07614 112.24669 143.20747 0.4041946
car 217.49026 256.0804 76.19117 96.234474 0.63192505
car 384.95993 421.1232 106.19478 127.611855 0.6792819
car 363.38177 402.72073 89.82164 111.1011 0.73929965
car 162.83118 178.31297 30.135525 43.954384 0.82574075
car 263.64786 318.17273 129.65984 172.85863 0.94324493
--
car 148.59694 159.17142 15.006489 22.740734 0.30920717
car 151.61545 166.7117 16.530748 24.27309 0.32038397
car 419.2983 461.99713 112.12938 143.05176 0.48436812
car 385.21066 421.34506 105.22029 128.19238 0.64704055
car 221.16376 254.30077 76.80491 96.01255 0.70048237
car 362.89044 403.0319 90.03945 111.33677 0.70897526
car 162.53006 176.71213 30.34729 43.22519 0.85234916
car 260.0712 310.9902 125.11761 170.69438 0.85343206
--
bus 449.4022 480.29663 87.415436 116.98077 0.31480315
car 148.66116 159.2034 15.054223 22.76125 0.32290855
car 151.78061 166.61029 16.558956 24.251362 0.3302873
car 419.3554 461.97986 112.26212 143.02814 0.4939373
car 385.17288 421.3381 105.26614 128.17303 0.65292674
car 362.70322 403.11212 90.23158 111.48873 0.6753502
car 221.12149 254.37195 76.82292 96.03635 0.7013166
car 162.48828 176.7259 30.486847 43.241432 0.86314595
car 260.56067 311.16003 125.180145 170.24512 0.86613256
--
car 148.98305 159.4058 15.0109825 22.71029 0.31529295
car 151.78346 166.44109 16.708683 24.265314 0.3401625
car 144.93347 175.93182 26.512545 44.068638 0.375442
car 419.38156 461.99255 112.08398 143.1062 0.45058554
car 257.29602 307.31714 124.46054 167.96483 0.6065231
car 385.11716 421.40488 105.09696 128.18259 0.624557
car 221.67941 253.63324 76.80581 95.99025 0.64912933
car 362.84616 403.09012 90.14575 111.6122 0.6624058
car 162.46373 176.49788 30.234938 43.4129 0.82185656
--
car 148.85461 159.36624 14.835183 22.663803 0.3127774
car 151.72014 166.53737 16.635914 24.272396 0.3339926
car 145.30148 175.9378 26.52456 44.11753 0.42150086
car 419.45776 461.96164 112.11355 143.11646 0.43715745
car 382.93164 422.3542 99.07434 126.482445 0.62776357
car 257.67938 306.12708 124.142876 168.27153 0.6633005
car 362.81253 403.15604 90.10318 111.599884 0.6682425
car 221.63672 253.764 76.90768 95.97948 0.6835715
car 162.46063 176.59343 30.214897 43.330074 0.80675113
--
car 420.16913 461.27707 113.52733 143.0506 0.34612498
car 163.15846 176.311 30.560484 42.68544 0.6421635
car 255.02037 306.53354 120.27951 162.8475 0.64510477
car 363.2967 402.74048 90.000114 111.40955 0.6783316
car 382.7213 421.96835 99.33727 126.30637 0.7071946
car 221.99695 253.56406 77.189224 95.54104 0.7394363
--
car 163.11844 176.17752 30.562704 42.63593 0.61320007
car 363.32425 402.6886 89.97081 111.406746 0.7018646
car 382.69507 421.96954 99.41202 126.31724 0.7072144
car 221.96823 253.62625 77.17575 95.573616 0.7662665
car 254.38257 303.64035 118.04265 162.43433 0.76954114
--
car 420.37927 461.0226 113.73744 142.93921 0.31125912
car 162.16747 175.88074 30.308018 42.817184 0.5256938
car 247.79192 298.91284 111.93553 156.67105 0.72414684
car 363.32516 402.74954 89.965065 111.25123 0.7421467
car 382.78772 421.81744 99.71595 126.46006 0.7423724
car 221.90717 253.86105 77.16989 95.49976 0.7624441
--
car 420.22653 461.09573 113.88851 142.89995 0.3239691
car 162.11691 175.89194 30.221981 42.75622 0.51062757
car 363.2765 402.8021 89.953735 111.20666 0.70378304
car 382.7324 421.94055 99.50671 126.44181 0.7251279
car 247.51622 299.1915 112.85983 156.85692 0.7547791
car 226.1122 258.2606 77.09952 95.53962 0.76341355
--
car 420.23535 461.03027 114.12926 142.75044 0.33329645
car 161.65381 175.80257 30.274061 42.6921 0.40487155
car 363.2992 402.61713 90.10118 110.95768 0.6733027
car 382.70166 421.72946 99.434296 126.344315 0.73494035
car 222.02365 253.89865 77.09811 95.78287 0.75807154
car 247.85205 297.20218 114.64626 148.78604 0.806838
--
car 420.08398 461.22275 114.13646 142.67023 0.35601234
car 161.497 175.85927 30.371946 42.67365 0.42870274
car 363.27774 402.75305 90.18695 110.834915 0.627302
car 382.85037 421.67477 99.51727 126.25551 0.7190365
car 247.89888 297.07706 114.628975 148.74539 0.7839703
car 221.967 253.92368 77.11039 95.81333 0.78853333
--
car 160.79437 175.35106 30.26974 41.929535 0.46429712
car 363.6998 402.6432 90.127655 110.946915 0.649047
car 382.9882 421.79422 99.421295 126.51517 0.75005656
car 247.29538 294.96054 113.268166 148.81915 0.82515323
car 221.72618 254.07123 76.95042 95.79315 0.8352611
--
car 420.66718 461.4544 113.3822 142.90015 0.34752274
car 160.87206 175.37424 30.159954 41.682262 0.38957745
car 363.3409 402.62704 90.031746 111.037025 0.5990215
car 383.01807 421.6733 99.40464 126.52615 0.72384197
car 226.38045 257.8082 77.10867 95.84472 0.7928089
car 247.05688 292.44113 111.400276 149.5972 0.8228296
--
car 421.68307 461.19434 111.82764 142.95729 0.39190403
car 362.9522 402.60455 89.758224 111.60164 0.6620108
car 382.6682 422.08942 99.27318 126.06375 0.69633305
car 242.54265 287.43484 107.37908 146.20584 0.71614987
car 226.87752 258.22202 77.1405 96.09865 0.8805951
--
car 421.73154 461.1364 111.78691 142.97932 0.36899644
car 362.96027 402.59848 89.70744 111.6241 0.66168517
car 382.6294 422.14865 99.16328 126.13752 0.6881479
car 242.58061 287.60086 107.45912 146.06671 0.713097
car 226.85028 258.29126 77.14672 96.08344 0.8778622
--
car 421.18582 461.3195 113.32384 142.3318 0.40140218
car 363.25943 402.60513 89.63276 111.48984 0.6442753
car 382.89243 422.00043 99.48109 126.03214 0.68234605
car 241.35397 283.51825 105.17904 139.9653 0.68453395
car 227.06853 258.81906 77.15044 96.146164 0.87988406
--
car 421.1895 461.365 113.43769 142.35695 0.3981706
car 241.34688 283.20908 105.15446 139.78787 0.6352215
car 363.12778 402.6979 89.61496 111.42271 0.6515216
car 382.84906 421.9984 99.49934 126.035995 0.68252337
car 227.19386 258.7007 77.1442 96.13851 0.87287164
--
car 421.1964 461.5698 111.78705 142.9118 0.48791036
car 362.97696 402.64664 89.678795 111.399284 0.66716933
car 241.0522 281.49133 104.52133 140.04837 0.6995101
car 382.63126 421.93793 99.7262 126.02824 0.7314177
car 227.49083 258.82437 77.150314 96.448845 0.8806888
--
car 159.46902 176.07172 27.51896 40.98652 0.3304331
car 427.344 462.83847 112.27036 143.83243 0.35451823
car 144.59279 176.41426 20.048187 40.61334 0.38724697
car 242.07243 279.93756 104.334755 137.70691 0.47116464
car 363.23843 402.3252 89.70778 111.524414 0.5974218
car 382.33267 422.30423 98.60905 126.27663 0.7121524
car 227.26921 259.97888 76.74795 96.621376 0.765873
--
car 362.07916 383.34033 93.877205 110.479485 0.31226766
car 427.36163 462.7542 112.6269 143.75996 0.37702847
car 363.21338 402.15375 89.587875 111.402405 0.65102285
car 382.90628 422.12564 99.4994 125.43183 0.7567498
car 234.59991 276.32764 102.54401 136.28589 0.8142656
car 227.28113 261.21017 76.77062 96.370056 0.82537884
--
car 361.8537 383.25003 93.786446 110.03003 0.3258089
car 427.39502 462.694 112.42018 143.82558 0.34352615
car 363.30847 402.03815 89.68158 111.42436 0.62726736
car 227.10814 260.3295 76.78475 96.556335 0.67957306
car 382.82574 422.14313 99.21611 125.59544 0.7391229
car 234.37256 276.2008 102.6967 135.64757 0.8001931
--
car 362.18677 383.33624 93.758415 110.0835 0.33198196
car 421.549 461.0832 112.51558 142.80458 0.39213476
car 145.3035 178.60852 19.097435 40.92242 0.41410315
car 363.40344 401.43152 89.76637 111.437065 0.6177726
car 228.0445 260.4046 76.8091 96.392334 0.7207264
car 233.1499 274.8072 102.3784 136.04083 0.8413208
car 382.0326 422.87958 97.93456 126.921135 0.9143483
--
car 361.98798 383.5962 93.766335 109.838196 0.31418976
car 421.9408 460.85455 112.55152 142.8634 0.31463695
car 363.23166 401.59616 89.79393 111.62347 0.6380344
car 227.92877 259.87445 76.855484 96.35589 0.7077584
car 233.18018 274.41238 102.41527 136.24223 0.8275954
car 381.82986 422.81757 97.708 126.96181 0.8972403
--
car 361.7581 383.3453 93.85444 109.85131 0.33215332
car 363.4331 401.88055 90.15864 111.99259 0.51085013
car 227.42561 260.2794 77.04141 96.172104 0.76417327
car 381.99026 422.73734 97.735146 126.739136 0.893504
car 233.57524 272.27548 101.849724 134.74838 0.90208286
--
car 427.3284 462.67798 112.36405 144.11794 0.33216017
car 158.82646 176.29352 28.113955 40.51914 0.34194234
car 362.2824 384.2042 91.889915 111.935715 0.54143405
car 227.2326 260.38217 76.87096 96.05705 0.6671466
car 382.45615 422.05893 98.54806 126.10561 0.84907085
car 231.51312 270.90787 96.030655 130.13373 0.91256136
--
car 226.14012 261.12958 76.47669 95.49585 0.3800167
car 427.39172 462.6845 113.00491 143.91522 0.4937108
car 362.2362 383.72598 92.48703 112.20403 0.5567779
car 363.8815 400.95822 89.50132 111.08335 0.58860964
car 227.295 266.70502 96.27358 126.658226 0.8128416
car 384.08682 422.24622 99.585205 126.58698 0.8961286
--
car 226.11452 261.34024 76.40708 95.515396 0.3522803
car 427.31876 462.81107 113.26337 143.81033 0.48468414
car 362.26694 383.78235 92.4277 112.268234 0.50270694
car 363.70898 401.18167 89.48962 111.11584 0.60716796
car 227.397 266.61823 96.161514 126.75018 0.7983163
car 384.0651 422.2798 99.50163 126.59263 0.8916719
--
car 225.48277 261.27338 76.486626 95.64691 0.3533463
car 236.3189 268.59683 106.60147 130.0004 0.38810402
car 361.9354 383.5797 92.424515 112.34069 0.49022964
car 427.20804 462.78564 112.70906 143.85393 0.51810443
car 363.646 401.5118 89.53181 111.91546 0.66029686
car 383.43137 422.2439 98.01139 126.64655 0.80255526
car 225.42398 265.8487 96.360916 125.4241 0.8957226
--
car 236.26334 268.44974 106.451004 130.04524 0.34860688
car 225.46767 261.1991 76.508415 95.64957 0.36283666
car 361.92368 383.6054 92.419426 112.31635 0.5068802
car 427.2148 462.7877 112.67877 143.8626 0.52359617
car 363.63605 401.59467 89.469406 111.91325 0.6603671
car 383.4202 422.2389 98.0324 126.61548 0.80947936
car 225.40271 265.68134 96.445625 125.601364 0.8924448
--
car 472.66257 478.9939 129.97862 146.73956 0.3033756
car 225.29907 260.92352 76.5288 95.59605 0.3262897
car 361.98636 383.50256 92.204605 112.39301 0.41025946
car 427.36264 462.64954 112.735435 143.99184 0.51514757
car 363.22928 402.12875 89.43804 112.683334 0.6968219
car 383.3498 421.71603 97.529884 126.56235 0.83348465
car 225.10706 264.44608 96.45851 125.04309 0.86235654
--
car 215.8295 257.27264 76.094826 95.92364 0.33019328
car 360.54257 383.713 94.80203 110.658134 0.39600325
car 421.55435 461.13885 112.52782 143.13362 0.4382131
car 363.09705 402.9495 90.287285 111.01235 0.6252101
car 383.34308 421.77292 98.61961 126.51982 0.8012793
car 224.65852 263.33847 96.610466 123.776306 0.8352504
--
car 225.40129 261.0197 76.72648 95.21726 0.43477327
car 421.3338 461.33777 112.01795 143.18867 0.46917197
car 364.6349 402.8981 89.39968 111.683426 0.5656243
car 361.27722 382.13797 91.30643 111.79737 0.5840742
car 383.23383 421.58218 98.5175 127.01992 0.76067597
car 224.52129 259.88336 94.900246 122.7873 0.78882027
--
car 225.3536 261.2817 76.69812 95.093094 0.39352316
car 421.3409 461.38492 111.8679 143.44516 0.41046464
car 361.20633 381.9958 91.064415 111.71986 0.5713046
car 364.63867 402.97638 89.309006 111.8551 0.5756572
car 382.91528 421.6504 98.118164 127.22196 0.7558418
car 224.2146 259.93756 94.509514 122.91926 0.82223064
--
car 225.8741 261.18027 76.705956 95.34886 0.36410877
car 421.42966 461.29376 111.781555 143.64069 0.38840097
car 360.2616 382.113 91.38596 112.33335 0.4333692
car 364.8308 402.47534 89.2485 112.847626 0.49367982
car 382.7419 421.71835 97.84318 127.254845 0.7486497
car 220.13042 257.37982 93.63063 122.812805 0.8369254
--
car 225.56793 261.68637 76.697975 95.39613 0.3732977
car 421.31177 461.4044 111.5651 143.7103 0.41009837
car 360.40393 382.19284 91.42411 112.36599 0.4227811
car 365.2389 402.42078 89.2649 112.657265 0.44185704
car 382.81314 421.66315 97.954346 127.23517 0.74509716
car 220.1514 257.45428 93.49411 122.75594 0.850803
--
car 427.4266 462.81265 112.05514 144.12221 0.3607395
car 193.56065 226.71878 76.73406 93.23545 0.3688897
car 365.661 402.17157 89.59336 113.34795 0.37754267
car 227.41707 257.3905 99.32848 120.458755 0.5378822
car 219.15219 254.93071 90.98803 114.52973 0.64714175
car 382.78262 421.74368 97.96468 127.187904 0.72032005
--
car 226.60599 261.66098 76.58162 95.4117 0.36457798
car 347.565 365.06512 87.6831 100.85676 0.37612662
car 427.3015 462.6316 112.31474 144.1118 0.38196546
car 194.07887 226.14082 76.39159 93.12735 0.43112937
car 233.97878 254.95929 104.89804 121.20394 0.50575775
car 366.09998 401.59744 88.71219 112.64489 0.5664067
car 217.8968 253.53032 89.86498 113.09717 0.7904502
car 383.24097 421.81802 98.38894 127.27088 0.81910527
--
car 154.36636 172.67131 23.693192 37.398045 0.31585425
car 193.7034 226.17575 75.96692 93.37892 0.35142553
car 336.6517 372.724 81.46912 103.32262 0.58453435
car 232.56947 252.94493 104.83477 118.531654 0.6026562
car 382.6881 421.6719 97.74685 126.50245 0.6030232
car 362.9826 401.87387 88.60325 112.74104 0.6153469
car 215.97617 252.67805 88.12001 113.031746 0.86692774
--
car 154.33948 172.70221 23.67211 37.408886 0.3142836
car 193.64352 226.26086 75.89304 93.36836 0.36929205
car 336.64514 372.81595 81.38598 103.346085 0.57303196
car 232.62534 252.92384 104.73624 118.45947 0.58446217
car 382.66653 421.65146 97.75312 126.52397 0.59507185
car 362.93036 401.9506 88.59917 112.730316 0.6203149
car 215.94077 252.70197 88.09181 113.09961 0.86944807
--
car 232.27933 250.81572 103.141655 116.85285 0.31357893
car 154.40337 172.89233 23.445028 37.25505 0.32098857
car 193.35559 227.0173 75.628654 93.39594 0.32759804
car 334.50177 373.2597 80.60674 103.94155 0.6188506
car 382.6329 421.71063 97.732925 126.413635 0.6195296
car 362.6579 401.92725 88.80782 112.61481 0.67256993
car 215.90218 251.2547 87.6802 113.36108 0.9199861
--
car 232.28111 250.85567 103.120316 116.642365 0.3018038
car 193.39528 227.09624 75.51221 93.406105 0.32623026
car 154.56595 172.95949 23.468506 37.180008 0.33293244
car 334.4717 373.41425 80.44863 103.93371 0.6214193
car 382.7964 421.64218 97.78336 126.44105 0.6270661
car 362.82666 401.8696 88.68908 112.60706 0.66870725
car 215.79723 251.27795 87.56515 113.419044 0.9211771
--
car 228.77254 248.70049 103.21096 115.99553 0.3047597
car 364.43848 400.87762 89.2395 112.47082 0.51352453
car 382.79385 421.4667 98.00776 126.32431 0.60956216
car 328.2873 363.7039 83.969376 103.358315 0.72530043
car 214.6983 250.53972 86.92641 113.38075 0.8696731
--
car 365.0858 400.71628 89.29589 112.764145 0.3565655
car 154.23816 172.89735 23.696447 36.80243 0.38478306
car 325.6384 363.3228 84.00966 103.41731 0.5660784
car 382.0157 421.63776 97.84326 126.61455 0.6462713
car 212.1803 246.99995 86.71118 112.98926 0.6638315
--
car 474.18613 479.46964 143.7087 169.3793 0.30327955
car 358.75702 376.19473 92.44188 109.70767 0.30441782
car 154.90552 172.2596 24.37416 35.86113 0.32838726
car 229.92972 260.4959 76.094955 96.416145 0.34218323
car 193.81201 224.53406 75.61983 93.44646 0.36761296
car 421.20132 460.98154 112.10112 143.76846 0.3679004
car 365.606 400.52704 89.03974 112.059456 0.4205914
car 309.3482 344.8514 82.00296 100.83014 0.617419
car 382.94806 421.5387 97.840355 126.279945 0.6195959
car 211.0777 245.56372 85.93518 112.23706 0.7635036
--
car 358.8308 376.20862 92.49352 109.684525 0.30813712
car 474.19116 479.4877 143.7589 169.42613 0.31942627
car 154.99707 172.21652 24.37939 35.806408 0.34119755
car 421.43823 460.92172 112.02257 143.7477 0.36446023
car 229.78268 260.39523 76.20643 96.41271 0.36653146
car 193.8029 224.54686 75.73867 93.46326 0.3894359
car 365.81052 400.45618 89.06198 111.935295 0.40346387
car 309.1662 344.97156 81.996185 100.685234 0.6544021
car 382.84207 421.4918 97.680664 126.33973 0.6598605
car 211.23883 245.41191 86.02375 112.419266 0.7928178
--
car 148.7576 158.65302 12.888905 19.557486 0.30623096
car 474.0731 479.47342 143.90628 169.06938 0.33889446
car 155.21692 172.10808 24.302364 35.50166 0.3392425
car 193.62006 217.7975 78.348 92.62653 0.34052077
car 210.38312 244.51555 81.43963 107.74022 0.3827876
car 421.35007 460.88635 112.38232 143.7022 0.40466186
car 365.01675 400.1795 89.398865 111.2385 0.44614857
car 223.55946 244.17572 87.22606 111.42913 0.5336943
car 382.47186 421.64966 98.045815 126.23643 0.64586616
car 299.08505 342.4641 82.18072 99.558945 0.8954247
--
car 148.69641 158.627 12.993559 19.579273 0.30564654
car 474.13248 479.45587 143.88522 169.01016 0.32140133
car 155.16997 172.14679 24.445862 35.548405 0.33867824
car 193.52272 217.81827 78.39792 92.7574 0.35016796
car 421.20984 461.04333 111.776306 143.89246 0.4593581
car 365.719 400.12427 89.39226 111.106606 0.46873072
car 211.62286 243.71988 87.61784 110.92858 0.51746845
car 382.60553 421.63306 98.02414 126.373505 0.6451659
car 299.12186 342.5805 82.22724 99.4647 0.90031105
--
car 226.1136 262.3727 75.80251 96.06269 0.30578226
car 209.45575 244.24745 81.5692 106.44883 0.30702212
car 155.18634 171.21725 24.733837 34.793537 0.31109685
car 223.30345 243.345 87.40772 110.20515 0.3158725
car 420.61728 460.9852 112.22238 143.69331 0.46076435
car 365.5394 399.78625 89.64252 111.300514 0.5661755
car 382.38916 421.61694 98.0238 126.45149 0.6432099
car 298.16675 338.60107 83.12835 99.62379 0.8020969
--
car 472.44672 478.72107 128.83698 145.94495 0.315794
car 474.1889 479.466 143.96884 169.0669 0.3494071
car 155.11685 171.84465 24.57759 34.867844 0.36711493
car 420.18475 461.1797 112.29742 144.14632 0.543998
car 382.6141 421.2307 98.04147 126.43848 0.64061546
car 365.193 399.63037 89.57068 111.78296 0.7007657
car 296.2892 334.89417 82.08962 99.64634 0.8271871
--
car 357.61023 375.26752 92.31526 109.20436 0.31234232
car 148.50475 156.88156 12.22442 18.388914 0.3604118
car 472.49426 479.035 129.03903 146.34804 0.37960136
car 473.4448 479.347 144.40059 168.39923 0.39807385
car 420.45206 460.5964 112.42288 143.59459 0.54920757
car 154.73622 172.22083 24.791962 34.74457 0.61597264
car 382.44623 421.7713 97.99412 126.513466 0.67748594
car 364.25433 399.43497 89.55973 112.22727 0.6966164
car 207.39972 243.38445 79.44442 104.43711 0.7347446
car 284.35022 321.28754 81.254005 97.71369 0.7902249
--
car 357.56262 375.19153 92.26268 109.19388 0.30706713
car 148.56116 156.91028 12.223155 18.355589 0.3613565
car 472.4753 479.06036 129.18942 146.307 0.39443934
car 473.4797 479.35446 144.55484 168.32356 0.43804014
car 420.51987 460.53107 112.527275 143.59743 0.5432066
car 154.87614 171.95857 24.825518 34.6082 0.6240812
car 364.2474 399.35995 89.395065 112.1487 0.6957447
car 382.18518 421.89618 98.17893 126.67764 0.7053667
car 207.34721 243.31123 79.387566 104.34424 0.7530447
car 284.33835 321.27554 81.188446 97.742645 0.7944835
--
car 148.54578 156.98047 12.423735 18.629738 0.34754863
car 357.02124 374.87088 92.39782 109.089165 0.35666138
car 472.45163 479.07327 129.34991 146.15482 0.3954212
car 473.64954 479.36002 144.52676 168.41725 0.42859194
car 420.56302 460.16336 113.39015 143.48865 0.44677386
car 154.59671 171.65736 24.666424 34.68882 0.62114984
car 365.16766 399.46783 89.88399 112.39929 0.699478
car 277.71173 318.1479 81.2576 98.344574 0.70215714
car 382.175 421.86887 98.05002 126.642624 0.70399606
car 206.80087 243.8577 78.83795 103.63993 0.7657126
--
car 356.99158 374.74158 92.488266 109.06249 0.35569507
car 148.42807 157.28377 12.371982 18.71355 0.38611484
car 472.42426 479.06052 129.27367 146.1798 0.4009048
car 473.55414 479.3829 144.63815 168.42325 0.43749815
car 420.35394 460.38644 113.41507 143.60643 0.4964924
car 154.30188 171.7347 24.600903 34.891685 0.62141496
car 365.31433 399.28336 89.836136 112.410736 0.70265764
car 382.2485 422.09174 98.11797 126.85171 0.72958446
car 206.65616 243.88266 78.973175 103.701965 0.78902775
car 277.8518 317.54437 81.23474 98.52949 0.7918908
--
car 223.47601 264.00613 75.41132 96.22399 0.3631743
car 472.4474 479.04123 129.17734 146.1761 0.3845738
car 148.06458 157.66428 12.177708 18.779575 0.4297822
car 473.57495 479.35986 144.54141 168.4574 0.4374616
car 420.01968 460.50424 113.333664 143.84207 0.5469194
car 153.84175 172.1455 23.92924 35.08305 0.6564585
car 268.37732 313.89832 81.68005 98.111786 0.7098926
car 365.2082 398.9178 90.179214 111.94878 0.7243812
car 382.86084 421.947 98.73963 126.85163 0.7438459
car 206.66528 243.72491 77.821304 103.94509 0.86876506
--
car 147.62662 156.84897 12.094855 18.701796 0.33415666
car 472.48138 479.05 129.05428 146.20917 0.36986285
car 473.6565 479.37418 144.50146 168.56186 0.40767574
car 257.7241 307.24692 80.93255 97.609955 0.4143556
car 420.28357 460.33618 112.71341 143.66187 0.60836244
car 154.59119 171.3387 24.085594 34.202885 0.675404
car 364.56732 398.31732 89.9795 111.8838 0.6856235
car 383.003 422.06757 98.99792 126.840775 0.7090699
car 207.35788 243.07904 78.498245 103.28905 0.7941251
--
car 472.61465 479.04532 129.18062 146.23012 0.35943314
car 473.65906 479.408 144.74698 168.31075 0.4064261
car 419.8519 461.00107 112.53515 143.36905 0.54458445
car 354.24484 396.48367 89.24213 111.78708 0.5830496
car 382.6728 421.9848 99.375984 126.36154 0.65899175
car 154.78552 171.01894 23.782297 33.66115 0.66869396
car 203.78781 248.1702 73.4149 97.79449 0.7114119
--
car 472.844 478.99536 129.00865 146.36382 0.33495504
car 473.6747 479.42026 144.63547 168.29387 0.422815
car 354.19885 396.54175 89.13823 111.75382 0.5611564
car 419.93347 460.88965 112.55359 143.3545 0.5790434
car 382.51678 422.09155 99.30001 126.48615 0.67615944
car 154.83067 171.38115 23.503712 33.60321 0.6817952
car 203.3782 248.75375 73.22058 97.67104 0.6894453
--
car 472.8956 479.0057 128.9571 146.31201 0.31638807
car 473.7058 479.41287 144.66876 168.38344 0.40099204
car 420.30484 460.48126 112.898445 143.60622 0.53043145
car 353.21332 397.0177 89.210724 112.005554 0.5868618
car 382.86713 422.21838 99.99767 126.28478 0.59336764
car 154.85005 171.21638 23.20309 33.711487 0.6534483
car 237.8493 289.25308 75.17043 96.5662 0.8733837
car 200.8439 250.45251 73.08582 96.987915 0.89828515
--
car 472.8058 478.99625 129.04993 146.30093 0.33137786
car 473.6923 479.42923 144.74037 168.52437 0.43788293
car 420.45926 460.3161 113.1521 143.59015 0.5090304
car 353.19928 397.0553 89.225586 111.87534 0.56981903
car 382.7191 422.20636 100.18774 126.30005 0.6138453
car 154.85132 171.23863 22.972519 33.655453 0.64607203
car 238.0164 288.9633 75.31756 96.440445 0.84829193
car 200.97392 250.51695 73.15992 97.16338 0.8933444
--
car 241.76134 281.15503 75.12157 93.88029 0.32731345
car 472.7736 479.03793 129.18427 146.20013 0.36337203
car 473.72842 479.44778 144.81122 168.65471 0.45989257
car 420.1142 459.9173 114.25773 143.23224 0.5710095
car 155.05833 170.932 23.118982 33.50234 0.6018483
car 382.41144 422.1071 100.26609 126.03285 0.61782646
car 352.26215 397.32462 89.01372 112.47037 0.7595448
car 201.32666 247.95322 73.98722 97.05111 0.8921528
--
bus 449.16263 480.69763 88.14781 114.458595 0.3005197
car 473.0325 479.03537 129.16682 146.255 0.37057203
car 473.92993 479.4136 144.65932 168.81287 0.44478282
car 208.04507 243.54875 79.241066 100.98961 0.49986085
car 419.77463 460.17267 113.553024 143.20952 0.62868077
car 385.02576 421.80142 105.115585 128.37502 0.6318784
car 154.98502 170.41476 23.452307 33.68743 0.63694096
car 352.2016 396.82852 88.776024 112.54307 0.77126795
car 233.82426 274.9716 75.01245 95.17945 0.7986852
car 196.8879 239.38672 73.49575 95.87007 0.8325393
--
car 473.07693 479.33328 130.05293 146.8945 0.39703807
car 227.0329 261.2997 73.4765 93.5803 0.4085431
car 473.8335 479.4728 145.1173 167.68474 0.5155583
car 154.88812 170.55287 23.133165 33.309856 0.56229675
car 420.29462 459.9021 113.90434 143.56317 0.5948032
car 381.68604 422.81348 99.8864 125.837395 0.6334781
car 352.14636 396.3947 88.44366 112.328636 0.77631354
car 199.7952 254.33359 71.86147 97.933716 0.8017947
--
car 473.08838 479.31174 129.98755 146.88893 0.39974585
car 227.05214 261.2672 73.47229 93.545555 0.43478498
car 473.8067 479.47092 145.1129 167.75266 0.5249538
car 154.91095 170.39429 23.151691 33.269257 0.54285914
car 420.3495 459.80957 114.191635 143.43423 0.5868723
car 384.8962 422.18237 105.57829 128.50497 0.6564285
car 352.12115 396.2993 88.4376 112.2898 0.7704741
car 199.93767 253.97206 71.90861 97.80951 0.7864501
--
car 192.0765 226.3459 72.5612 93.875 0.38149005
car 472.85495 479.2495 129.7608 146.68402 0.4009862
car 473.94785 479.46344 144.94806 167.84935 0.49674705
car 155.03392 170.06174 22.767792 32.932365 0.5407814
car 419.72824 459.6839 114.23069 143.59967 0.62627894
car 384.58725 422.35797 105.147766 128.64008 0.6748353
car 207.5324 261.9032 73.192024 96.50798 0.76270753
car 352.3432 396.21884 88.55001 112.34022 0.821365
--
car 472.8848 479.23947 129.78874 146.69142 0.40358403
car 197.35503 234.77617 72.4169 95.50387 0.4463948
car 473.9429 479.44614 144.941 167.88208 0.50996196
car 155.04933 170.08527 22.761341 32.916912 0.5487273
car 419.39825 459.79614 114.51034 143.61684 0.6217565
car 381.45938 422.65613 99.854744 125.971504 0.6779885
car 208.01093 261.73956 73.233475 96.36523 0.7243855
car 352.23883 396.22733 88.56973 112.30669 0.82601005
--
car 224.28667 260.85822 75.30632 95.05429 0.38915068
car 472.96686 479.2123 129.60632 146.60332 0.3937002
car 474.044 479.45236 144.73788 167.96037 0.47541282
car 392.9967 424.92252 107.3242 129.03012 0.55779225
car 155.02798 171.02946 22.834305 32.95572 0.58872217
car 420.2919 459.35312 114.26967 143.57993 0.6283332
car 381.5413 422.2997 99.866165 125.85327 0.6680236
car 352.33582 396.15805 88.621086 112.32143 0.8118249
car 197.75241 255.95964 72.87122 97.27012 0.88703805
--
car 472.90854 479.19815 129.51591 146.57309 0.38436747
car 474.07733 479.42374 144.62396 167.94931 0.42607415
car 184.30067 216.90355 70.38427 94.54778 0.5578668
car 419.87094 459.01614 114.407875 143.39737 0.5656578
car 154.91534 171.51462 22.71952 33.01425 0.5936564
car 381.39706 422.30746 99.729576 125.98862 0.687643
car 197.57594 252.32242 72.736435 95.86714 0.75978684
car 352.243 396.0598 88.40623 112.38879 0.8072143
--
car 472.66632 479.17084 130.26512 146.45456 0.44752616
car 473.78763 479.38947 145.19267 167.35269 0.5373025
car 421.4347 458.04034 115.73071 143.0401 0.59244215
car 228.64362 260.15695 74.28957 94.65919 0.6101663
car 154.40814 171.94034 22.77571 33.127636 0.6460305
car 381.74594 422.0913 99.62584 126.143616 0.74377996
car 352.38095 395.90924 88.95606 112.21826 0.7864996
car 175.29076 208.57501 72.619545 94.16279 0.8284603
--
car 472.6142 479.15863 130.13528 146.42749 0.4472275
car 473.86752 479.404 144.9199 167.58568 0.5253839
car 420.62918 458.16235 115.70751 143.09076 0.60059613
car 154.30467 172.17603 22.931372 33.498314 0.63394
car 227.47287 260.22482 74.55637 95.05205 0.74699235
car 381.6956 421.96222 99.59128 126.1442 0.7632955
car 352.4758 395.84265 88.910995 112.22413 0.7904374
car 175.42436 217.6066 70.64636 93.82132 0.8630893
--
car 352.11536 372.60748 90.10071 110.89888 0.3091545
car 236.32738 257.45786 76.093994 95.44314 0.3315178
car 472.54474 479.12985 130.1489 146.4113 0.4289458
car 473.9199 479.41254 145.05997 167.50815 0.5023471
car 215.00914 256.59183 74.63485 94.515495 0.55971795
car 420.64633 457.90894 115.32988 143.14258 0.62930954
car 154.08759 171.93896 23.192863 33.428158 0.65088415
car 352.6797 395.66238 89.01418 112.186386 0.7861829
car 381.50598 422.3337 99.1996 126.12535 0.81907904
car 171.00801 205.67027 72.01857 92.99411 0.8696125
--
car 352.0682 372.50983 90.22742 110.93379 0.3060502
car 236.54518 257.47644 76.28367 95.42498 0.37032217
car 472.63593 479.16003 130.0501 146.4645 0.42685375
car 473.97528 479.4037 144.98514 167.58705 0.5021982
car 214.92567 256.59518 74.71105 94.46389 0.59352297
car 154.15073 171.98863 23.076128 33.44642 0.6481148
car 420.61472 457.914 115.18707 143.1866 0.66632354
car 352.62552 395.7429 89.006325 112.231766 0.80300856
car 381.51712 422.30542 99.304596 126.13604 0.8173225
car 170.95749 205.79248 71.95322 92.808266 0.86735964
--
car 352.02924 372.491 89.86124 110.720406 0.45968765
car 472.54785 479.12308 130.64111 146.28963 0.47398674
car 190.41316 243.71404 72.03645 94.521805 0.5181546
car 473.97055 479.39658 145.21762 167.49829 0.52067304
car 233.52467 255.18686 77.72545 93.719925 0.5574359
car 153.83943 172.10616 22.92094 33.25588 0.598304
car 420.3907 457.80856 116.04368 143.11496 0.63714725
car 169.51486 203.2404 70.50803 91.93916 0.7498629
car 352.50528 395.81134 88.97117 112.07584 0.7598996
car 381.40466 422.4823 99.33814 126.117615 0.80281276
--
car 471.5142 478.81143 120.560326 137.10017 0.30687878
car 164.0905 198.58401 69.1708 93.90991 0.4488031
car 472.66354 479.1383 130.98672 146.14018 0.48208842
car 473.89987 479.40643 145.5491 167.41641 0.54801226
car 153.36597 173.08191 22.955881 33.617916 0.56270933
car 352.23917 372.60895 89.95751 110.42316 0.60166496
car 420.18765 457.67862 115.09264 143.55374 0.6126482
car 229.91217 257.25635 76.70719 95.05794 0.6782359
car 352.5348 395.80927 89.13694 112.08276 0.7523392
car 177.62956 236.80484 71.43348 95.670746 0.7641253
car 381.5934 422.39832 99.753555 126.22515 0.8154329
--
bus 449.23465 480.2519 87.97535 114.944855 0.3392826
car 472.92307 479.0346 130.53014 145.6277 0.40805873
car 162.14568 195.53693 68.60463 93.31949 0.41660282
car 153.22873 170.83365 22.291517 31.977339 0.50043297
car 473.88354 479.39243 145.50262 167.66273 0.52506965
car 420.68 456.87393 115.98463 143.1345 0.65330946
car 165.89244 230.7778 71.95791 94.50778 0.66648644
car 351.86307 395.51303 88.88297 112.36078 0.7277101
car 381.86713 422.11694 99.1539 126.54837 0.7808024
car 226.93556 257.37753 77.4969 95.23948 0.9025798
--
bus 449.23392 480.24268 87.95683 114.98854 0.3314902
car 472.9346 479.02 130.46059 145.6342 0.3972258
car 162.21004 195.24512 68.716064 93.415054 0.4289019
car 153.01988 171.14258 22.253016 32.026173 0.5063339
car 473.8813 479.3842 145.4789 167.71574 0.5155414
car 420.58865 456.8412 116.06061 143.03664 0.65725416
car 165.59099 230.92377 71.78506 94.63642 0.7080296
car 351.9357 395.4737 88.74463 112.41216 0.71031076
car 381.9394 422.0741 99.11202 126.54446 0.7738248
car 227.11694 257.0192 77.468506 95.321205 0.8028593
--
bus 449.21555 480.27505 87.9891 115.06121 0.32004175
car 473.04218 479.09213 130.59525 145.53117 0.42065796
car 153.22174 170.27377 22.536577 31.823763 0.47723785
car 473.8457 479.3996 145.82281 167.39212 0.54583895
car 419.75967 456.9084 115.26787 143.59764 0.71441925
car 351.822 395.4919 88.74302 112.51218 0.7183372
car 381.89523 422.16608 99.13281 126.323265 0.7608849
car 181.58044 230.18713 73.671425 95.50541 0.7797505
car 226.13986 257.17322 77.070206 95.689575 0.8145641
--
bus 449.2661 480.2931 87.98684 115.06828 0.31865343
car 473.01877 479.08414 130.58911 145.5245 0.41894415
car 153.22688 170.279 22.564915 31.830145 0.47144747
car 473.8511 479.38284 145.789 167.4335 0.54344857
car 351.7457 395.56598 88.83875 112.438995 0.7087895
car 419.3331 456.95682 115.14421 143.52147 0.71157634
car 381.88388 422.19208 99.17581 126.26233 0.7551964
car 181.77155 230.2529 73.76409 95.24512 0.7754887
car 226.32155 257.0765 77.05128 95.65896 0.7918585
--
bus 449.12396 480.3028 87.90882 115.5442 0.349045
car 224.81026 257.97507 76.64613 96.34054 0.39775175
car 472.6504 479.2195 130.40717 145.70715 0.44099963
car 473.91675 479.38474 145.62881 167.61145 0.48883256
car 153.29323 170.53506 22.31786 32.001778 0.5330185
car 156.01254 191.58438 67.42664 93.40838 0.5933258
car 419.82437 455.98276 115.82894 143.87 0.63388807
car 351.9262 395.48407 88.902176 112.338165 0.7027188
car 381.71954 422.26996 99.24887 126.394905 0.7483258
car 180.59303 229.09544 73.24404 96.63701 0.88473773
--
bus 448.9847 480.30554 88.067406 116.07341 0.3567583
car 157.0164 202.68036 64.414856 87.759094 0.31177288
car 472.52496 479.07663 130.14304 145.81883 0.4268362
car 474.08368 479.41727 145.22398 168.06735 0.44225267
car 219.54945 256.5751 75.84483 95.13508 0.45136243
car 153.14868 171.20557 22.455215 32.03536 0.5261562
car 419.19598 454.7799 115.480515 144.89201 0.5558275
car 351.98914 395.31 89.07881 112.37472 0.7071095
car 381.65765 422.54642 99.21698 126.516785 0.80742645
car 175.58804 224.2818 73.30535 94.96176 0.8295208
--
bus 449.09918 480.12936 88.18471 116.10594 0.3923438
car 472.08313 478.90616 130.43307 145.6765 0.39342725
car 474.03452 479.40964 145.64264 168.04645 0.41742948
car 417.803 453.85654 114.76669 144.89928 0.5072509
car 153.57698 170.7935 22.352009 32.16361 0.514708
car 217.46158 257.49387 76.43371 95.75688 0.6385246
car 352.19476 395.17578 88.97346 112.31709 0.6450915
car 381.85156 421.85553 99.77022 126.21922 0.82625586
car 174.4186 222.35695 72.83383 95.27146 0.8968796
--
bus 449.0785 480.2285 88.06432 116.67903 0.43209884
car 472.2808 478.83557 130.31464 145.74454 0.36024085
car 473.97937 479.40622 145.51646 168.21732 0.42274797
car 153.4743 170.76357 22.378498 32.248657 0.4982455
car 417.47736 453.95898 114.75217 144.7064 0.53131354
car 217.68896 257.4186 76.30313 95.64925 0.603373
car 352.25473 395.05322 88.84127 112.32997 0.6540974
car 381.78128 421.9303 99.899994 126.29962 0.84688485
car 174.17366 222.77287 73.08105 95.249695 0.8831858
--
bus 449.0522 480.23923 87.97988 116.18771 0.37681645
car 417.28918 454.24216 115.07875 144.42651 0.35798648
car 472.26654 478.9286 130.3309 145.9008 0.36098108
car 474.01175 479.3871 145.4005 168.35648 0.41820487
car 154.10687 186.12675 64.38157 87.37128 0.45406172
car 153.25311 170.78189 22.329296 31.805696 0.46504223
car 216.80507 257.57013 76.29065 95.40586 0.537275
car 352.124 395.13754 88.84031 112.33747 0.67253476
car 381.55072 422.14566 99.67893 126.42612 0.8296721
car 173.15375 219.87376 73.21403 96.430244 0.9619244
--
bus 449.08304 480.25876 88.01391 116.14844 0.3891229
car 472.30383 478.89337 130.20218 145.83084 0.35524684
car 417.23193 454.24002 114.83581 144.2895 0.4001365
car 474.0304 479.41238 145.47133 168.33269 0.40470594
car 154.0737 186.15535 64.377815 87.347786 0.4705657
car 153.1057 170.947 22.263157 31.92432 0.4726253
car 216.03549 257.55045 75.92036 95.42588 0.49266675
car 352.10995 395.18637 88.860565 112.324295 0.67385685
car 381.52274 422.17563 99.6883 126.38765 0.82980937
car 173.399 220.17567 73.17183 96.36372 0.95799905
--
bus 449.01974 480.26694 87.96806 116.33005 0.3604999
car 472.59546 479.0016 130.03304 146.03528 0.34220216
car 416.89017 454.25278 115.00791 144.57114 0.4077525
car 474.04828 479.40335 145.56775 168.22496 0.4152284
car 152.98015 171.17923 22.20654 32.09681 0.42603168
car 216.16885 257.32327 76.127945 95.22424 0.5275158
car 351.9652 395.53116 88.77216 112.4723 0.70115244
car 153.84862 185.02977 63.850147 85.23376 0.71555483
car 381.54776 422.36707 99.69728 126.5566 0.84298545
car 167.9356 215.58437 73.6979 96.222176 0.95666265
--
bus 449.058 480.25262 88.06557 116.06397 0.3342047
car 472.02734 478.93457 130.04218 146.29494 0.34919277
car 410.74408 453.0502 114.602036 143.58876 0.3666147
car 474.00717 479.40717 145.26814 168.75107 0.40302297
car 152.80713 171.40648 21.946638 31.719547 0.45900193
car 153.39857 183.97797 64.179214 85.155624 0.60370773
car 212.76785 258.34467 76.22617 95.59037 0.6119254
car 351.73495 395.80603 88.72405 112.50205 0.6862841
car 381.87885 421.9108 100.2873 126.100044 0.8240386
car 166.4076 214.97763 72.74403 95.3914 0.9485687
--
bus 448.95584 480.4564 87.75892 116.2178 0.33235753
car 213.13864 258.14465 75.637856 95.79473 0.37375447
car 151.09975 187.1453 62.575012 85.53631 0.4136124
car 151.9406 171.49207 21.202318 31.060621 0.60747725
car 352.1117 395.67078 88.80719 112.21189 0.6995798
car 381.4959 421.6705 100.0732 125.540146 0.84136087
car 164.40598 213.85884 72.52886 96.26163 0.84146833
--
bus 448.9547 480.45358 87.74474 116.2183 0.3340638
car 213.00699 258.21613 75.6423 95.859314 0.3786814
car 151.0583 187.28964 62.568222 85.57927 0.4089044
car 152.08217 171.56996 21.216679 30.995375 0.60239244
car 352.15585 395.64374 88.829384 112.19183 0.71006346
car 381.4492 421.72488 100.071846 125.487495 0.8416589
car 164.40349 213.86998 72.51843 96.268364 0.84428686
--
bus 449.07584 480.42737 87.62249 116.25902 0.32570407
car 153.82315 208.27907 60.24205 86.83416 0.30319592
car 143.02782 156.37415 7.4804053 15.619997 0.30705866
car 213.34038 257.8751 75.6041 95.590935 0.39098606
car 151.90204 171.42177 21.2867 31.08696 0.5912657
car 352.11536 395.6841 88.85613 112.19088 0.70007
car 381.39972 421.74442 100.14989 125.52481 0.8425747
car 163.26796 212.94362 71.974 95.97237 0.84993
--
bus 449.07785 480.40683 87.622795 116.22851 0.32641125
car 153.7928 208.18048 60.11881 86.908424 0.30533913
car 142.92476 156.38876 7.40563 15.624232 0.31259272
car 212.93474 258.0388 75.543076 95.66171 0.3838342
car 151.96909 172.11601 21.188423 31.267147 0.6103521
car 352.0682 395.7709 88.763 112.2049 0.71492934
car 163.37749 212.98685 72.025566 95.999146 0.8472391
car 381.40637 421.72116 100.20408 125.56668 0.852314
--
bus 449.0559 480.40472 87.67015 116.45341 0.3603409
car 142.84308 156.30637 7.4108443 15.515635 0.3297221
car 211.36064 258.50552 75.18421 95.70787 0.38509732
car 151.86603 172.63617 21.218044 31.126762 0.58844066
car 352.12915 395.7855 88.731415 112.230675 0.71934867
car 163.3905 213.3536 72.950905 96.578354 0.8048634
car 381.54663 421.5937 100.25143 125.5362 0.8459201
--
bus 448.98282 480.4203 87.721375 116.54961 0.3866965
car 211.85641 258.17804 75.16322 95.66189 0.35098317
car 142.40291 156.4261 6.8797774 15.470104 0.35297957
car 411.09146 451.0129 114.72563 142.99593 0.36569163
car 151.52345 172.64558 21.056608 30.927193 0.59197986
car 352.04932 395.83923 88.69369 112.21608 0.70443493
car 163.20578 211.07645 72.995056 96.94906 0.75777155
car 381.56305 421.49353 100.22313 125.42219 0.82896376
--
bus 449.05847 480.43716 87.718216 116.416 0.37075895
car 212.96481 258.00903 75.65696 95.598434 0.3734998
car 411.47113 450.61993 114.922905 142.8878 0.3853589
car 152.32556 171.70474 21.048176 30.587395 0.4700642
car 351.89545 395.91034 88.68423 112.273094 0.6940884
car 163.3505 211.06723 74.35925 97.339264 0.8268443
car 381.44455 421.40146 100.24655 125.61739 0.82698166
--
bus 449.0574 480.42194 87.64232 116.47409 0.35856673
car 142.42395 156.20825 6.7045574 14.968279 0.3034749
car 213.32298 257.9967 75.67512 95.546875 0.3242569
car 411.62036 450.4518 115.18109 142.81493 0.38288128
car 152.52477 171.8319 20.882149 30.53234 0.48920956
car 351.88113 395.90152 88.692856 112.22775 0.6818527
car 163.1711 211.18254 74.17048 97.577446 0.81981206
car 381.38663 421.4409 100.200165 125.69093 0.8301023
--
bus 449.00403 480.45175 87.75632 116.53999 0.37325794
car 213.72429 258.09778 75.723236 95.56558 0.3229118
car 471.54443 478.78967 130.59482 145.86227 0.3288302
car 411.62473 450.1679 115.793724 142.53223 0.35988626
car -1.4622635 43.867577 128.18683 176.95 0.46824047
car 152.36554 171.97212 20.776104 30.568758 0.51255727
car 351.82175 396.034 88.72503 112.22862 0.70620555
car 158.04832 205.91118 73.57955 97.32907 0.72786313
car 381.27435 421.61322 100.2336 125.6336 0.83931935
--
bus 449.00967 480.4715 87.63167 116.537796 0.3445152
car 471.6247 478.80438 130.50105 145.8582 0.3186159
car 213.77829 258.1272 75.7635 95.527435 0.33294997
car 411.67508 450.05124 115.50989 142.41777 0.36782062
car -1.5470695 43.74437 127.96593 176.99393 0.38941225
car 152.47609 170.7255 20.668552 30.216764 0.44104683
car 351.832 396.01038 88.7325 112.23247 0.7032232
car 158.02728 205.86444 73.56741 97.36023 0.73045725
car 381.3604 421.4744 100.22851 125.65344 0.84391516
--
bus 449.07047 480.44666 87.75692 116.22627 0.3431882
car 473.6776 479.24506 145.9111 168.31606 0.3208701
car 471.6692 478.72424 130.54813 145.76163 0.34181997
car 153.13443 170.03293 20.687803 30.08783 0.36999077
car 212.7146 258.77618 75.56146 95.63546 0.40930906
car 411.4063 450.09747 115.2282 142.50923 0.4637815
car -0.24897873 47.320305 128.60675 178.64699 0.58473355
car 351.90765 395.8972 88.81544 112.095825 0.69934106
car 158.35985 205.01529 73.153305 96.419556 0.75768614
car 381.34805 421.39386 100.17275 125.54415 0.8471606
--
car 473.74158 479.25183 145.93953 168.29065 0.31838423
car 471.64288 478.70618 130.5783 145.78009 0.34851876
car 153.19664 170.20714 20.699146 30.245733 0.36695576
car 213.22723 258.65695 75.840256 95.47608 0.39893845
car 411.27048 449.9423 115.899864 141.9178 0.4593951
car 351.88837 395.94034 88.7838 112.07606 0.69557685
car 157.45154 205.9399 73.07416 95.558 0.779307
car 381.2042 421.54553 100.181816 125.40181 0.84637827
--
car 474.18002 479.40796 146.11931 168.53206 0.3288953
car 471.65784 478.53207 130.39198 145.50154 0.3374455
car 216.68906 256.37402 76.365326 95.51859 0.39664215
car -0.40376186 63.487732 130.64116 181.49678 0.41490102
car 411.53003 449.78226 116.14963 142.1542 0.5373166
car 156.78389 205.71945 71.589035 95.18311 0.72177184
car 352.16376 396.40244 88.9541 112.209435 0.72655475
car 381.29788 421.2059 100.341736 125.17539 0.82182246
--
car 474.22687 479.37262 145.91171 168.3805 0.32924214
car 471.56866 478.5738 130.42616 145.5538 0.35237694
car -0.42607427 63.38874 130.51984 181.70517 0.40865836
car 217.18701 256.41473 76.42356 95.621994 0.4191959
car 411.64035 449.77487 116.23284 142.04066 0.5600977
car 352.17252 396.4642 89.03643 112.18235 0.72117126
car 156.83717 205.7142 71.656654 95.069374 0.7397079
car 381.27856 421.1979 100.377754 125.13251 0.8270864
--
car 474.2197 479.38635 145.95769 168.39754 0.3290523
car 471.5327 478.57593 130.34329 145.611 0.3485178
car 217.9303 256.189 76.615074 95.62987 0.48041514
car 411.75238 449.80542 116.396454 142.04883 0.5360069
car 1.4083707 66.600334 131.10031 180.03052 0.6902471
car 352.2577 396.34247 89.09188 112.212456 0.72204065
car 381.31525 421.23944 100.434975 125.12447 0.82050574
car 156.797 205.82605 71.25581 94.74989 0.83401555
--
car 474.26608 479.38205 145.97874 168.42462 0.30752295
car 471.52533 478.5225 130.393 145.55283 0.32448554
car 411.58585 449.7852 116.590065 141.9703 0.49471715
car 218.56227 255.89319 76.79811 95.574455 0.5135835
car 352.28033 396.3639 89.01897 112.33835 0.7021364
car 1.7558634 66.07125 131.46393 179.70114 0.7206719
car 381.16138 421.3678 100.32029 125.21757 0.8253741
car 156.93068 205.64326 70.972015 95.165375 0.8303454
--
car 474.19946 479.36407 145.94643 168.30182 0.31340426
car 411.75595 449.72025 116.2156 142.05775 0.42257187
car 227.20988 256.45502 77.10731 95.88434 0.5252711
car 352.3932 396.22812 88.94082 112.415985 0.69942546
car 381.23346 421.2829 100.331985 125.42671 0.8253119
car 156.17897 205.26207 71.52665 95.357025 0.8786705
car 2.004962 77.523964 130.15959 180.53331 0.9130013
--
car 474.0863 479.38394 146.08675 168.12291 0.32835248
car 412.00702 449.7605 116.41613 141.85294 0.42988476
car 227.00093 256.7665 77.08184 95.94313 0.49857676
car 352.2549 396.52386 88.79911 112.43339 0.691436
car 381.2752 421.37198 100.3699 125.235115 0.8062403
car 7.1059155 78.21485 129.23604 175.1107 0.8294679
car 155.98549 204.71198 71.682495 95.67793 0.8700429
--
car 474.18555 479.37085 145.71628 168.29362 0.30455166
car 411.6405 449.9045 115.91727 142.02696 0.43447602
car 217.97803 256.24866 76.67458 95.78303 0.47153747
car 352.33432 396.32324 88.8935 112.312675 0.709864
car 155.82303 204.34915 72.20829 95.47776 0.7914392
car 381.46634 421.29572 100.34577 125.321045 0.8243138
car 18.7289 86.69377 129.39401 176.13155 0.8893333
--
car 411.4393 449.81226 115.78491 141.99709 0.41306666
car 217.9352 256.16058 76.77657 95.59257 0.4925376
car 351.99585 396.37656 88.86226 112.330894 0.69654876
car 155.74677 204.67343 72.19013 95.057205 0.7890786
car 381.40527 421.45557 100.36855 125.356544 0.8523277
car 19.03446 86.64562 129.24854 175.68126 0.88820416
--
car 471.35913 478.48572 130.29826 145.58182 0.30153075
car 411.63 449.82642 115.94448 141.92361 0.40126657
car 217.90924 255.94388 76.62106 95.6534 0.493743
car 352.07922 396.4307 88.94731 112.41842 0.70448
car 156.23552 204.27171 72.60386 95.20295 0.80393445
car 381.45297 421.6718 100.414925 125.34254 0.8497381
car 25.247326 91.92971 128.92427 170.2579 0.9701671
--
car 471.36612 478.49442 130.29356 145.58768 0.32044867
car 411.37506 449.87924 115.88879 142.06908 0.44994742
car 217.63167 256.24182 76.78714 95.71686 0.55698776
car 352.16492 396.38696 88.95642 112.35869 0.7170432
car 155.99953 204.33682 72.36611 95.28648 0.7793674
car 381.52548 421.63068 100.41478 125.36909 0.8620168
car 25.331133 91.982216 128.99403 169.94 0.9692369
--
car 411.42795 449.8259 116.011795 141.93413 0.4048344
car 218.56346 255.95467 76.75859 95.66393 0.59903437
car 352.2973 396.38766 88.96565 112.507256 0.65089726
car 381.4736 421.41342 100.53684 125.416374 0.8206056
car 30.93486 98.16664 130.15958 169.54054 0.8356793
car 156.2505 204.90424 73.05531 96.02422 0.9084816
--
car 411.50156 449.84647 116.132225 141.92126 0.38683167
car 216.74394 257.0842 76.730835 95.71807 0.57781327
car 352.24765 396.36108 89.16107 112.39359 0.63781464
car 381.44568 421.46506 100.676605 125.35765 0.8202118
car 156.1067 205.03764 73.06696 95.84199 0.8738853
car 36.45845 104.000755 129.86206 174.49026 0.9215936
--
car 136.88359 152.16278 3.4318833 12.5792885 0.3341187
car 470.66156 478.69257 130.62326 146.15565 0.34125644
car 150.18643 171.96121 19.0757 29.920736 0.41783407
car 411.8797 449.50623 115.97411 141.70674 0.42419934
car 216.48131 256.7462 76.65831 95.585205 0.58856434
car 352.27036 396.15524 89.10639 112.479485 0.63947743
car 380.96533 421.3423 100.703026 124.97701 0.8045082
car 156.0182 205.9475 72.68047 95.15395 0.88202333
car 45.769028 117.59218 130.52654 175.46155 0.9031369
--
car 136.86359 152.19632 3.431884 12.540306 0.33008012
car 470.6623 478.6999 130.56564 146.18526 0.3460189
car 150.0985 171.84888 19.072906 29.934055 0.41091818
car 411.74448 449.51187 115.87966 141.75555 0.43354127
car 216.54271 256.7457 76.67941 95.61288 0.56380713
car 352.26544 396.26147 89.10139 112.49128 0.6381636
car 380.9142 421.39273 100.74257 124.96219 0.80917484
car 156.01295 205.90556 72.60193 95.21061 0.8784907
car 45.849243 117.6078 130.48181 175.74765 0.8963644
--
car 136.70515 152.43506 3.341689 12.658997 0.31073964
car 61.111588 117.87979 40.917088 82.89574 0.31821963
car 470.68283 478.7022 130.59673 146.15051 0.33671352
car 149.51091 171.98462 19.03831 29.855175 0.36996493
car 411.8533 449.46417 116.03792 141.7323 0.40086508
car 215.80974 257.17032 76.58163 95.61734 0.59575576
car 352.25174 396.30618 89.06524 112.508606 0.60757583
car 380.95053 421.3959 100.79068 124.89915 0.78951776
car 155.94057 205.96582 71.99312 95.04528 0.85777974
car 51.942173 120.99356 129.39783 175.81247 0.89828986
--
car 470.6831 478.68875 130.62065 146.16641 0.33981803
car 149.70891 171.6052 19.150541 29.847782 0.36597806
car 411.7319 449.43338 115.93449 141.72693 0.42506668
car 215.54012 257.3433 76.582146 95.60558 0.60286635
car 352.19577 396.35898 89.21793 112.44554 0.65130574
car 380.8739 421.39468 100.70618 124.825264 0.8073087
car 155.87875 206.04494 71.925186 95.08072 0.8689008
car 52.03122 120.99312 129.35675 176.46889 0.87181497
--
car 470.4806 478.71216 130.51326 146.12367 0.36065304
car 411.6862 449.45505 115.748116 141.71808 0.4180646
car 60.88243 118.19127 40.742054 82.02708 0.44494128
car 214.67612 257.7349 76.443275 95.70991 0.6211869
car 352.14383 396.39133 89.12927 112.504616 0.6413998
car 54.50906 126.09038 129.5407 173.20117 0.6824224
car 380.83124 421.42014 100.66387 124.87768 0.8024255
car 155.968 206.02092 71.56329 95.097496 0.8223478
--
car 470.43237 478.70816 130.5351 146.01823 0.35575363
car 411.6144 449.5324 115.86185 141.67322 0.39393288
car 214.46161 257.82864 76.42799 95.721794 0.6133375
car 352.17664 396.34958 89.14396 112.49074 0.6407789
car 61.89726 118.127205 39.44629 79.960205 0.6449912
car 155.88425 206.03519 71.549286 95.196686 0.8035444
car 380.85266 421.2673 100.66325 124.83139 0.8130772
car 58.956787 136.45282 129.90623 172.48944 0.8756087
--
car 470.45645 478.71182 130.51048 145.98206 0.3548021
car 411.5824 449.5189 116.13842 141.68646 0.38036048
car 214.2611 257.97113 76.426735 95.69235 0.6170707
car 352.2346 396.32318 89.17068 112.47102 0.63703525
car 60.49276 117.779785 39.68042 80.74922 0.72442204
car 71.6945 144.70117 130.53967 168.84384 0.8004262
car 380.86414 421.23804 100.81663 124.7708 0.8027101
car 155.65324 206.18788 72.00389 95.30161 0.8120762
--
car 470.42346 478.71368 130.50554 145.95769 0.338367
car 411.65265 449.53607 116.24617 141.64441 0.3557762
car 214.60985 257.96332 76.4265 95.79613 0.5982013
car 352.13593 396.1688 89.242004 112.47296 0.61574596
car 380.7998 421.38525 100.835846 124.7713 0.7841833
car 155.61581 206.0135 71.951 95.241844 0.79034436
car 60.572403 118.09895 39.697643 81.00279 0.79124254
car 71.71741 144.86813 131.02759 169.34367 0.7925652
--
car 473.62 479.3005 146.13437 167.37239 0.31000394
car 470.4428 478.77606 130.66628 146.02162 0.36852705
car 411.7838 449.5427 116.19178 141.67549 0.38670924
car 214.815 257.96332 76.4393 95.77989 0.5928251
car 352.1509 396.19623 89.2709 112.433495 0.62821096
car 155.6639 206.19489 72.184525 95.015495 0.779393
car 60.78425 117.125656 39.76839 80.187355 0.79831684
car 380.8736 421.41504 100.875885 124.81065 0.80545443
car 74.48028 153.78418 131.41113 169.92313 0.90160596
--
car 473.60516 479.30936 146.1845 167.30733 0.3265601
car 470.36017 478.778 130.65811 145.9781 0.36959857
car 411.73166 449.52527 116.18024 141.67348 0.39178386
car 214.82838 257.89212 76.40443 95.7182 0.60568637
car 352.1402 396.24637 89.27287 112.45225 0.6396394
car 155.66495 206.28485 72.177444 95.011986 0.778997
car 380.7868 421.4453 100.89827 124.84089 0.818276
car 60.829803 117.3628 39.79865 80.28945 0.8187532
car 74.62223 153.73935 131.40102 169.5385 0.88412684
--
car 473.76636 479.3133 146.07205 167.39328 0.31149915
car 411.6207 449.6086 116.15839 141.66563 0.38798007
car 470.28723 478.9973 130.90208 146.098 0.40403748
car 84.61058 156.2255 130.14442 166.58363 0.44316143
car 215.49886 257.53915 76.546196 95.61135 0.62569565
car 352.09784 396.26923 89.30438 112.45462 0.65702504
car 60.383892 116.011505 39.55316 80.35336 0.7317686
car 156.02858 206.16655 72.659904 94.96861 0.80793273
car 380.79822 421.43228 100.9021 124.87394 0.81552655
--
car 473.85977 479.31384 146.17719 167.4085 0.31193998
car 411.65918 449.63812 116.233475 141.70178 0.4080295
car 470.41263 479.09583 131.10489 146.28314 0.43059647
car 215.56665 257.57465 76.49819 95.591805 0.5940274
car 352.09604 396.28494 89.29442 112.44748 0.64789844
car 58.85668 117.56783 40.158726 81.56038 0.7237258
car 155.97302 206.33377 72.49761 95.23918 0.7988555
car 380.7875 421.46832 100.94586 124.75544 0.81652987
--
car 411.71344 449.551 116.81066 141.47379 0.32301366
car 470.397 479.03802 131.01265 146.68163 0.35457227
car 58.34785 117.59902 40.74648 82.38595 0.4697128
car 214.89168 257.2466 76.07012 95.7563 0.512949
car 352.36398 395.90372 89.16704 112.39344 0.5317406
car 380.84674 421.77554 100.86559 124.79783 0.6495418
car 100.92998 173.38121 129.1796 171.0241 0.7635888
car 156.00972 205.96724 72.211044 96.308136 0.7932945
--
car 411.72003 449.53943 116.79221 141.46422 0.3020201
car 470.4176 479.04947 130.94038 146.68094 0.3400657
car 57.987408 117.913704 41.039387 82.46248 0.46367148
car 214.56337 257.43765 76.125595 95.789406 0.48871017
car 352.32727 395.89786 89.13514 112.39075 0.52171993
car 380.87466 421.76816 100.84982 124.79198 0.6272382
car 100.68134 173.65323 129.31877 170.89363 0.79286593
car 156.00621 206.02457 72.49483 96.266045 0.807087
--
car 58.686283 116.89964 41.653927 82.86784 0.3157414
car 411.78265 449.5112 116.888374 141.4998 0.32824323
car 470.42194 479.0415 131.05415 146.67598 0.3697178
car 214.19778 257.5638 76.150185 95.84871 0.5148261
car 352.25198 395.9688 89.11359 112.41694 0.54543996
car 380.8304 421.7958 100.882454 124.74574 0.6471854
car 106.30261 177.28653 129.44716 169.26674 0.71605587
car 155.85449 206.13586 72.71884 95.943665 0.7961098
--
car 411.75436 449.60117 116.88927 141.47577 0.32615808
car 58.819023 116.77126 41.810997 82.744934 0.3642835
car 470.3761 479.05374 131.05629 146.65456 0.3683658
car 215.31503 257.25546 76.294586 95.58016 0.525106
car 352.25314 395.9357 89.150215 112.45807 0.54744977
car 380.76175 421.77457 100.864586 124.79631 0.6584953
car 106.01232 177.67393 129.40855 169.47522 0.6923047
car 155.95824 205.85136 72.77471 96.13373 0.83542496
--
car 411.7392 449.609 116.85091 141.46887 0.33979177
car 470.5282 478.9683 130.86977 146.7514 0.39828676
car 215.59541 257.14432 76.29537 95.61758 0.5277064
car 352.26996 395.94482 89.1638 112.431725 0.5626216
car 380.75635 421.78113 100.871185 124.7622 0.679227
car 108.8536 181.58652 129.52669 166.70145 0.7844225
car 156.31808 205.88922 72.95843 96.389244 0.8065606
--
car 411.767 449.57343 116.7755 141.43074 0.3458563
car 470.48285 479.01218 130.83731 146.90866 0.40721166
car 215.17915 257.20636 76.20299 95.65299 0.4859176
car 352.3181 395.89792 89.21458 112.407875 0.5528742
car 380.79398 421.75128 100.889755 124.75773 0.6805454
car 156.44571 206.0198 73.02337 96.01094 0.76706785
car 114.46197 191.23123 128.6321 165.82199 0.9404465
--
car 411.72098 449.58203 116.69487 141.43857 0.34507388
car 470.753 479.05753 130.8208 147.02975 0.39113876
car 215.05061 257.38077 76.136765 95.7717 0.46720082
car 352.2679 395.83203 89.20264 112.46582 0.5411589
car 380.72385 421.82108 100.83345 124.84004 0.688277
car 156.15213 205.17075 72.56297 96.45719 0.69611967
car 123.18157 200.41846 129.67258 166.38957 0.9204905
--
car 411.7761 449.5748 116.76536 141.4079 0.34065902
car 470.71826 479.3059 130.79118 147.07533 0.4103671
car 214.7524 257.42914 76.02494 95.74819 0.45041093
car 352.22034 395.93127 89.20605 112.48299 0.5444468
car 156.25502 205.54279 72.540825 96.51347 0.6540875
car 380.7483 421.81488 100.88837 124.81766 0.6792292
car 122.56528 201.18246 129.66542 167.52832 0.9262284
--
car 411.8489 449.5588 116.93516 141.3323 0.33419257
car 470.69394 479.31793 130.7549 147.11252 0.4083692
car 214.60542 257.37894 75.95916 95.809494 0.4286411
car 352.22333 395.93222 89.235016 112.421745 0.53864783
car 380.77283 421.79285 100.897354 124.662926 0.6681405
car 156.30882 205.61864 72.386314 96.31296 0.68025136
car 128.38477 210.09776 129.91013 166.33723 0.9673772
--
car 411.83472 449.59634 116.846695 141.34717 0.34840518
car 470.584 479.33817 130.8264 147.1614 0.42075816
car 214.85187 257.36588 75.95272 95.77638 0.4671569
car 352.21033 395.9437 89.2346 112.44524 0.55687237
car 380.79184 421.77948 100.8752 124.680984 0.6814972
car 156.36621 205.4284 72.45616 96.4893 0.69814515
car 128.76633 210.11285 129.68538 166.03618 0.962682
--
car 147.12527 180.85733 56.46269 77.31772 0.3151241
car 411.7977 449.58633 116.836296 141.47772 0.3221969
car 470.55383 479.31094 130.92488 147.0266 0.41049883
car 214.74274 257.342 76.0239 95.84167 0.47442153
car 352.25546 395.92825 89.037 112.53343 0.5393859
car 380.77295 421.726 100.76216 124.755295 0.65849143
car 156.27954 206.49156 72.528534 96.35557 0.6629173
car 136.38573 209.68707 128.76643 164.2058 0.9703545
--
car 411.87244 449.54752 117.115 141.3512 0.30991936
car 147.15417 181.01443 56.53854 76.88375 0.33626947
car 470.82306 479.3511 130.8285 147.45059 0.39757892
car 215.38902 257.22888 76.0821 95.78916 0.50856715
car 352.09283 395.9383 89.17454 112.438126 0.54728734
car 380.80673 421.67157 100.79704 124.71378 0.6317153
car 156.28526 206.01039 72.556915 96.552956 0.6875411
car 143.08109 214.97208 129.67638 164.09915 0.88000685
--
car 470.43713 479.37933 130.9027 146.71027 0.40346518
car 146.80081 180.42426 56.62097 78.039055 0.41063488
car 352.31958 395.83643 89.12855 112.61567 0.59784055
car 213.00381 258.2874 76.0911 96.18215 0.60315806
car 380.77472 421.65237 100.32905 125.27091 0.6760439
car 151.634 226.13605 130.14656 167.59302 0.72874725
car 156.18716 206.00919 71.95287 95.19424 0.75727373
--
car 146.76534 180.4467 56.555435 78.10093 0.39437127
car 470.48013 479.38925 130.84361 146.79373 0.40860862
car 212.87921 258.32193 76.07844 96.17157 0.60272914
car 352.33347 395.84567 89.139786 112.62233 0.60741687
car 151.90324 226.11433 130.30647 167.78981 0.6895461
car 380.7801 421.6188 100.25539 125.3199 0.690118
car 156.185 206.0059 71.856445 95.1589 0.7520282
--
car 470.4433 479.398 130.87244 146.77165 0.41299063
car 146.87703 180.32542 56.626717 78.12355 0.44245392
car 213.85759 257.96655 76.1399 96.119286 0.59403694
car 352.28595 395.84903 89.09817 112.65648 0.6052016
car 380.84763 421.6414 100.222176 125.36059 0.6814728
car 158.55736 231.23744 130.0605 164.92276 0.6904773
car 156.42303 205.88077 72.09767 95.29383 0.7207158
--
car 470.4117 479.39938 130.8419 146.8171 0.40674925
car 146.92722 180.33942 56.690567 78.09468 0.42788595
car 352.29398 395.8685 89.12257 112.625946 0.6011904
car 213.76872 258.03778 76.146385 96.07147 0.6297813
car 380.838 421.63516 100.2616 125.312744 0.6828845
car 158.08533 231.28613 130.22083 165.0993 0.70644045
car 156.40308 205.99976 71.99163 95.27245 0.72851455
--
car 165.67897 215.37144 126.59155 153.59616 0.3313294
car 146.8988 180.35716 56.52491 78.14762 0.36158258
car 470.3758 479.52786 131.05817 146.87628 0.41217238
car 162.49042 233.50974 129.25099 166.00468 0.45776755
car 352.37842 395.77652 89.10869 112.61512 0.5704247
car 214.95857 257.5886 76.14907 96.12834 0.6177351
car 380.88867 421.60687 100.26433 125.25632 0.6520754
car 156.3254 205.68622 71.67361 95.32998 0.73692876
--
car 412.06308 449.63217 116.47807 141.4281 0.31753764
car 146.57361 180.63489 56.54631 78.18976 0.35226503
car 470.33313 479.57678 131.25409 146.87738 0.38998172
car 172.61514 224.72006 127.170555 155.17383 0.44006076
car 213.3869 258.19534 75.86727 96.266846 0.5511672
car 352.41922 395.80978 89.16184 112.58839 0.61798817
car 380.93643 421.593 100.24044 125.25283 0.6805027
car 156.36812 205.62944 71.7734 95.38765 0.7121635
car 168.4431 243.96822 130.54738 168.13763 0.7712452
--
car 412.04248 449.62167 116.62301 141.36667 0.32572743
car 470.28958 479.8728 131.32727 147.17783 0.35784686
car 146.57825 180.60136 56.57234 78.25947 0.37009674
car 180.53708 233.02213 127.5293 153.05157 0.53793675
car 213.8148 258.02383 75.85079 96.14273 0.6010617
car 352.39127 395.8203 89.18014 112.56889 0.6122087
car 380.9691 421.57312 100.25529 125.26699 0.68389976
car 156.37346 205.51173 71.72044 95.327255 0.69896567
car 176.33148 252.6848 130.28767 164.39023 0.8488002
--
car 412.046 449.63422 116.587105 141.3996 0.3336677
car 470.2468 479.90298 131.30951 147.13568 0.3638802
car 146.58267 180.56413 56.637543 78.18405 0.40026346
car 180.14912 232.86038 127.35878 152.78516 0.5173644
car 352.3023 395.86606 89.16947 112.55681 0.6076591
car 213.90161 258.06085 75.91798 96.12387 0.6126635
car 381.02612 421.56888 100.304565 125.22295 0.6718701
car 156.41965 205.24051 71.781494 95.29845 0.7124557
car 176.27437 252.43185 130.42795 164.75764 0.822267
--
car 412.05154 449.63272 116.71703 141.42245 0.3331529
car 145.97514 180.65509 56.574825 78.6647 0.35818654
car 470.33615 479.8728 131.2547 147.2595 0.3645554
car 212.64049 258.35214 75.60978 96.20014 0.5668486
car 352.36237 395.79926 89.10929 112.581665 0.58910036
car 184.57861 232.99092 126.20911 152.90878 0.58937806
car 156.55603 205.22015 71.711205 95.28216 0.63951665
car 381.0981 421.5365 100.27329 125.19361 0.6506851
car 180.92368 253.50873 130.36018 164.4869 0.7903422
--
car 470.2635 479.86438 131.07384 147.12408 0.34866694
car 145.76364 180.62166 56.442776 78.86831 0.38117072
car 212.77995 258.37137 75.61919 96.25946 0.56103647
car 352.37668 395.78195 89.08717 112.61251 0.57860553
car 184.40956 233.10112 126.23616 153.30202 0.5875253
car 156.56241 205.14244 71.67944 95.317726 0.63755095
car 381.10788 421.4312 100.33838 125.226105 0.6428173
car 180.7526 253.92422 130.63304 164.88586 0.8331166
--
car 470.0558 479.80652 131.28624 146.83627 0.34039629
car 146.0147 180.578 56.204826 79.02655 0.35744086
car 187.55688 260.68744 130.37062 169.13466 0.40591148
car 212.48369 258.08102 75.52758 96.51346 0.46574706
car 352.46042 395.66336 89.02259 112.73235 0.5546758
car 381.21964 421.4471 100.22112 125.20923 0.5836781
car 157.13199 204.66768 71.89125 95.73772 0.5965524
--
car 469.89676 479.773 131.71672 147.12398 0.34708402
car 146.2166 180.47435 56.524273 78.75068 0.3801438
car 213.37941 257.96747 75.81879 96.26683 0.5580161
car 352.49484 395.755 89.06593 112.64277 0.57905793
car 381.18005 421.46005 100.25655 125.17172 0.60398966
car 156.8787 204.72871 72.10638 95.5847 0.65204585
car 192.07785 263.99243 129.85521 168.6108 0.6833188
--
car 470.59604 479.41434 131.60872 147.63538 0.38573655
car 411.95737 449.8014 115.91842 141.72803 0.3869281
car 146.05847 180.04648 56.729465 78.56079 0.4307059
car 352.33136 395.90372 89.2834 112.73363 0.6359122
car 156.50436 204.83362 71.868286 96.484314 0.66975886
car 216.81526 257.01404 76.12781 95.6148 0.6700359
car 380.94473 421.95206 100.01892 125.46122 0.78541875
car 200.85574 269.73322 129.51762 165.87746 0.94360954
--
car 412.08716 449.7991 115.948074 141.6884 0.39353496
car 470.588 479.4169 131.63013 147.6521 0.40039003
car 146.05815 180.15712 56.753403 78.65209 0.43396166
car 352.3292 395.87534 89.383965 112.643005 0.6397903
car 216.68074 257.1732 76.13938 95.59275 0.6889003
car 156.53352 204.84827 71.87921 96.4606 0.70222795
car 381.00507 421.9878 99.95577 125.5196 0.7833926
car 200.77812 269.80084 129.6895 166.14545 0.93351316
--
car 470.5932 479.34976 131.60396 147.7779 0.39086324
car 411.9183 449.8503 115.52422 141.80214 0.39810362
car 146.00613 180.2585 56.65997 78.67786 0.4172171
car 352.29092 395.87128 89.36547 112.7196 0.6603893
car 156.67975 204.70132 71.748215 96.40318 0.6984923
car 216.63528 257.15533 76.04766 95.605934 0.70992714
car 381.05347 422.01056 99.83791 125.523926 0.7999154
car 203.2591 279.93713 130.36708 165.12262 0.9219082
--
car 470.84607 479.28885 131.69527 147.76952 0.35064617
car 411.9107 449.8359 115.60379 141.77823 0.39777815
car 146.12201 180.10948 56.6353 78.46859 0.39885002
car 352.32526 395.8633 89.312126 112.74065 0.6474461
car 156.71269 204.65024 71.855034 96.346344 0.7231514
car 216.92885 257.07916 76.062675 95.65962 0.7352988
car 381.0899 421.9654 99.82465 125.50034 0.79947096
car 202.82141 280.50677 130.57802 166.48839 0.95069456
--
car 470.83563 479.5891 131.75146 147.86275 0.36635345
car 411.88538 449.84747 115.503395 141.79799 0.39319944
car 145.99992 180.0238 56.75047 78.24127 0.42603183
car 352.32248 395.93488 89.21017 112.82154 0.6640445
car 216.1621 257.42993 75.983864 95.68262 0.7171134
car 156.69995 204.94157 71.52101 96.40945 0.79862416
car 381.01157 421.9819 99.79696 125.52838 0.8066546
car 207.1257 280.62888 129.21812 169.76604 0.96239364
--
car 470.92505 479.49463 131.80093 147.6931 0.36922953
car 411.91705 449.87308 115.42091 141.84555 0.40738675
car 146.03247 180.10675 56.76278 78.26746 0.4391271
car 352.31778 395.88727 89.24582 112.8462 0.65083563
car 216.51395 257.10562 75.934166 95.654495 0.719168
car 381.02304 421.94992 99.83995 125.539055 0.7991812
car 156.3953 205.07294 71.518585 96.51943 0.8045
car 213.04207 285.85858 129.59549 166.21275 0.96579933
--
car 470.93448 479.41925 132.02574 147.67935 0.35318443
car 145.87045 179.60077 56.70927 78.32875 0.42580348
car 411.8436 449.84216 115.43775 141.88683 0.42727998
car 352.30453 395.95767 89.28954 112.88755 0.6627919
car 216.12215 257.41733 76.12252 95.73103 0.7357719
car 156.33322 205.54942 71.78853 96.70109 0.81079715
car 213.55803 292.42926 130.38403 167.91907 0.8124395
car 381.04376 421.89288 99.88423 125.497375 0.8135214
--
car 470.8251 479.30426 132.11026 147.6075 0.3685429
car 411.8611 449.83557 115.49956 141.89745 0.43473354
car 145.81378 179.61282 56.671337 78.2953 0.43474606
car 352.32062 395.92255 89.315445 112.86569 0.6584038
car 215.83217 257.54166 76.08804 95.72317 0.73848194
car 381.02625 421.93176 99.876686 125.5347 0.816521
car 156.24698 205.56898 71.68945 96.83562 0.81955725
car 214.40265 292.19305 130.28813 169.89098 0.8348154
--
car 470.84833 479.3711 132.1688 147.59607 0.373936
car 227.92574 281.5546 127.0801 155.61124 0.38456804
car 411.86978 449.8673 115.56406 141.87022 0.42892855
car 146.0043 179.7045 56.772232 78.208916 0.45980474
car 352.324 395.94107 89.278046 112.88608 0.6774794
car 216.8333 256.9796 76.06196 95.77022 0.73327565
car 215.72289 294.51138 129.5135 167.87485 0.7727994
car 381.0792 421.9199 99.823395 125.538956 0.82137585
car 156.31049 205.43874 71.32341 96.42621 0.8224827
--
car 470.71747 479.4325 132.40565 147.51558 0.37029096
car 145.92145 179.80914 56.598045 78.49165 0.421349
car 411.85388 449.8725 115.54971 141.89598 0.44482267
car 352.3621 395.9706 89.2806 112.85503 0.68741876
car 216.86736 256.90555 76.06706 95.75214 0.719062
car 217.21138 294.1161 129.34315 168.78111 0.7511603
car 156.31818 205.44301 71.268936 96.40255 0.8056523
car 381.05475 421.9365 99.84219 125.51561 0.8243752
--
car 470.70633 479.58725 132.32909 147.55255 0.36886021
car 146.04369 179.76483 56.51461 78.4532 0.40668643
car 411.81583 449.907 115.36616 141.9859 0.459175
car 352.3438 396.02866 89.19324 112.97318 0.72470385
car 216.48212 257.21365 75.983376 95.72358 0.7494047
car 156.18321 205.54916 71.469444 96.69937 0.8166821
car 380.99133 421.99506 99.775604 125.558174 0.8394985
car 225.36421 301.39853 128.67691 172.45032 0.9090501
--
car 471.02536 479.42477 132.32698 147.54118 0.31517285
car 145.92775 179.7441 56.57944 78.3527 0.41290954
car 411.83582 449.91562 115.57752 141.93922 0.4678969
car 352.33224 396.0507 89.2357 112.92265 0.7224829
car 216.60818 257.06003 75.93543 95.787636 0.7466266
car 155.67873 205.8213 71.60342 96.97336 0.7521865
car 380.91873 421.9565 99.75398 125.48538 0.83557856
car 227.45187 305.22742 127.802475 173.36377 0.85651326
--
car 145.61888 179.69516 56.366966 78.9097 0.33087018
car 412.22653 449.53098 116.23211 141.56453 0.4640217
car 156.34825 204.99997 71.67234 96.98598 0.6929577
car 352.73312 395.7144 88.94413 112.56946 0.7147649
car 218.89743 255.74286 76.191475 95.52387 0.7271315
car 380.5516 421.9613 99.45316 125.42613 0.79680055
car 233.44806 311.19498 130.33333 165.44135 0.79798293
--
car 145.75946 179.65614 56.348995 78.947464 0.33026278
car 412.22192 449.54715 116.23929 141.5631 0.46639132
car 156.31648 204.98523 71.730606 96.93291 0.6905959
car 352.72687 395.7333 88.92989 112.585495 0.72104645
car 218.86536 255.77853 76.21398 95.524414 0.7222847
car 233.18944 311.16473 130.29039 165.44453 0.794433
car 380.56476 421.96832 99.466736 125.41456 0.79918855
--
car 145.60306 179.73495 56.419796 78.90044 0.36366284
car 412.04276 449.58777 115.79157 141.80269 0.49879712
car 352.7375 395.75098 88.87994 112.647224 0.72835505
car 218.96959 255.60098 76.2753 95.5665 0.75273484
car 156.12929 204.98553 71.9272 97.10393 0.7549575
car 380.4626 422.00113 99.42364 125.51061 0.8109083
car 244.4496 316.89557 130.17258 167.36145 0.9798422
--
car 145.73175 179.70114 56.458195 78.84496 0.344383
car 412.045 449.5746 115.84887 141.7795 0.49018392
car 352.74316 395.72327 88.862 112.652885 0.72205406
car 156.22023 204.91745 71.89403 97.1896 0.74412346
car 219.02472 255.55286 76.27828 95.55024 0.745881
car 380.4405 421.99203 99.39722 125.54974 0.80307835
car 244.59784 316.92975 130.0534 167.22423 0.98034537
--
car 145.63057 179.84673 56.50139 78.804634 0.3429265
car 412.154 449.49606 115.976715 141.71173 0.47685766
car 352.75125 395.68988 88.81063 112.704254 0.7187027
car 155.91666 205.20009 71.94942 97.036934 0.732265
car 218.92734 255.5577 76.20509 95.56727 0.74550706
car 380.4773 421.98557 99.39292 125.58025 0.80246073
car 247.14053 320.51474 130.13872 167.2948 0.92353505
--
car 145.52368 179.89287 56.533237 78.84313 0.36019784
car 412.13507 449.415 116.10945 141.64122 0.4375311
car 352.7126 395.66724 88.80305 112.75646 0.71661323
car 218.7491 255.69394 76.207466 95.546585 0.7293984
car 156.08379 205.06235 72.0227 97.26807 0.7573542
car 380.40292 421.99475 99.37213 125.53034 0.7900476
car 250.5438 323.60773 131.44287 166.53342 0.9136245
--
car 145.34344 180.0197 56.463696 79.06828 0.393864
car 0.56275606 31.176306 139.23286 203.31415 0.43522844
car 412.23587 449.46436 116.347275 141.46275 0.451125
car 219.37897 255.37602 76.26899 95.53381 0.7342147
car 352.3753 395.6178 88.698845 112.848236 0.7785113
car 380.58447 421.89685 99.3536 125.17914 0.79626226
car 155.93092 205.12024 72.11974 97.11958 0.8168464
car 263.68372 330.7708 130.01251 167.53532 0.94197994
--
car 145.22678 180.18097 56.457325 79.08296 0.37824667
car 412.2622 449.44153 116.48724 141.4269 0.4493411
car 0.58039427 31.388405 139.35466 203.16821 0.4908513
car 219.324 255.39674 76.33015 95.52458 0.728852
car 352.41724 395.54 88.71814 112.773674 0.75654334
car 380.51123 421.92218 99.43744 125.15236 0.7969712
car 156.05771 205.05235 72.269554 97.189316 0.8042781
car 263.71942 330.6113 129.77328 167.74747 0.9520118
--
car 412.17017 449.71967 115.9632 141.85663 0.4749854
car 0.01764357 33.800404 138.94281 206.76892 0.4809075
car 218.58875 256.0586 76.511696 95.83107 0.7199629
car 352.3351 395.85895 88.78355 112.79494 0.7403913
car 380.25998 421.86526 99.49208 124.96916 0.80563664
car 156.35239 205.10042 72.17516 97.40885 0.81573224
car 265.17026 330.37085 128.98851 166.49506 0.97673047
--
car 145.25017 180.35092 56.448383 79.023834 0.3033982
car 412.1532 449.7483 116.15518 141.82516 0.48208964
car 0.10536611 33.63117 138.57382 208.0783 0.48659694
car 352.24942 395.83072 88.778915 112.839775 0.7308571
car 218.74728 256.04123 76.54401 95.77891 0.73527706
car 380.10944 422.00476 99.43457 125.108894 0.8134603
car 156.30113 205.04836 71.99649 97.37315 0.8281687
car 264.91696 330.6219 129.42473 166.60263 0.98002344
--
car -0.81270397 43.58193 139.4591 209.44168 0.42286208
car 412.11526 449.6202 116.215965 141.78357 0.45666033
car 352.04657 395.7576 88.89946 112.760155 0.6843821
car 218.5624 256.28918 76.53499 95.7792 0.72434044
car 380.22397 421.93887 99.49454 125.05017 0.7971585
car 156.37325 205.01181 72.252464 97.56722 0.83545893
car 268.26343 333.3498 129.78114 166.51384 0.95935273
--
car 412.1084 449.68106 115.913376 141.81918 0.44807008
car -0.40486157 46.319683 140.25496 204.66245 0.62431455
car 352.26514 395.44632 88.845146 112.64813 0.65952504
car 218.79347 256.06177 76.56906 95.79344 0.7200499
car 380.21478 421.84827 99.44954 125.014854 0.77989316
car 156.56879 204.98181 72.25902 97.10551 0.8217375
car 271.2884 337.06223 129.67224 166.51152 0.98568755
--
car -0.67094743 55.64522 143.65744 197.1229 0.3065021
car 144.50319 180.24953 58.433735 83.00554 0.33675456
car 412.36334 449.84735 115.488174 142.0296 0.5180721
car 351.75443 395.7709 89.12692 113.14374 0.64036226
car 156.56577 205.00897 71.79124 96.808044 0.64141506
car 218.2901 256.52872 76.3776 95.93738 0.74662745
car 380.40903 421.86554 100.69878 124.94148 0.7569708
car 277.96808 343.82846 130.59819 167.56664 0.97368026
--
car -0.6793374 55.528614 143.78908 196.67935 0.30173925
car 144.55206 180.25958 58.477833 82.96511 0.3474535
car 412.36484 449.8308 115.52715 142.02284 0.5149335
car 156.64323 204.97118 71.90044 96.80809 0.6264692
car 351.79022 395.7036 89.070625 113.22295 0.6272047
car 218.34048 256.53183 76.39088 95.93124 0.7447393
car 380.4148 421.84613 100.68132 124.95301 0.75338215
car 277.8838 344.03668 130.62384 167.67786 0.9695062
--
car 144.57852 180.43094 58.535522 82.981926 0.3515017
car 0.17732799 59.052643 143.77289 198.06323 0.4218305
car 412.367 449.82776 115.93159 141.88951 0.48951697
car 156.60716 205.02142 72.07261 96.943726 0.6418426
car 351.78668 396.00507 89.10462 113.06897 0.64702934
car 380.4012 422.0256 100.811844 124.70524 0.72462934
car 218.18906 256.71243 76.4517 95.94497 0.74067605
car 283.79428 346.53857 130.22101 169.06975 0.95223343
--
car 144.57906 180.42445 58.498722 82.97758 0.3404463
car 0.07037938 59.124332 143.70657 197.7872 0.38027018
car 412.42896 449.85367 115.94862 141.87384 0.50116205
car 156.69116 204.97046 72.03917 96.93786 0.61578715
car 351.75674 396.02316 89.14811 113.05464 0.6383094
car 380.42688 421.97128 100.73034 124.74804 0.7323047
car 218.48763 256.53287 76.455315 95.9544 0.7325575
car 284.00052 346.69733 130.11607 167.90523 0.949869
--
car 144.62573 180.40335 58.535973 82.941154 0.35089347
car -1.7532063 62.947506 148.33969 199.53111 0.44962084
car 412.39062 449.73892 116.20285 141.74776 0.49607363
car 351.50375 396.22757 89.07463 113.12005 0.6889366
car 156.45825 205.06532 72.010124 96.99792 0.6945021
car 380.33044 421.99863 100.84158 124.72436 0.73286265
car 217.97452 256.82938 76.439095 95.95694 0.7546316
car 285.3403 349.23987 130.39677 167.24472 0.9651017
--
car 144.583 180.47574 58.611954 82.869896 0.3658292
car -0.9952998 66.043045 148.51945 198.63545 0.36986643
car 412.4272 449.65408 116.147194 141.87134 0.5041241
car 351.52182 395.53973 89.047 113.12637 0.6694935
car 156.36316 205.09084 71.976395 96.94084 0.72049505
car 380.46307 421.82306 100.201485 124.783585 0.7583082
car 218.06737 256.78064 76.39656 95.99389 0.7695149
car 289.24478 351.21054 129.46812 167.80179 0.94816893
--
car 144.57104 180.52216 58.559635 82.99992 0.35775217
car 412.39496 449.55078 116.1159 141.80438 0.4667996
car -1.586684 71.83267 150.20842 196.23303 0.48598105
car 156.40775 205.09718 71.86888 97.018814 0.6680418
car 351.653 395.17404 88.70783 113.8871 0.6743041
car 380.78226 421.84235 100.1089 124.67154 0.73545796
car 217.75925 256.91656 76.35785 95.97101 0.77065605
car 293.75763 357.06308 129.88025 167.6545 0.88559693
--
car 144.51433 180.5588 58.52816 83.03409 0.38012144
car 412.37384 449.50992 115.94917 141.80879 0.4555284
car -1.7969191 72.24133 150.03839 196.22714 0.52337855
car 156.39854 204.95288 72.02853 96.97473 0.6459376
car 351.60648 395.1766 88.79037 113.851234 0.6698189
car 380.82437 421.87674 100.09659 124.73216 0.71436024
car 217.66061 256.9219 76.385475 95.99527 0.7784608
car 293.47772 357.10577 129.95161 167.78221 0.8901355
--
car 144.41711 180.74658 58.432373 83.112366 0.32965454
car 412.29358 449.4316 115.98595 141.78305 0.4581578
car 156.39392 204.92014 71.92699 96.9572 0.6321578
car 351.6172 395.2146 88.87335 113.40915 0.6745551
car -1.240232 80.4319 149.91965 197.73376 0.68457633
car 380.88635 421.91125 100.06689 124.71334 0.7299284
car 218.41953 256.57144 76.44558 95.981445 0.7526905
car 293.62225 359.88275 131.25212 167.09775 0.88395596
--
car 144.47061 180.71931 58.485558 83.084694 0.35184753
car 412.32343 449.3962 115.955414 141.73833 0.43711385
car 156.3799 204.94156 71.98771 96.9793 0.6603499
car 351.4898 395.15634 88.96734 113.641495 0.6658856
car 381.03217 422.0922 99.98139 124.62297 0.6764778
car -0.92187524 80.2027 150.09702 197.22198 0.68274117
car 218.31352 256.63098 76.473816 95.95861 0.7444468
car 294.1261 359.99765 131.32213 167.27087 0.8761842
--
car 144.43144 180.59964 58.44749 83.11993 0.36993083
car 412.3619 449.59943 115.78686 141.79419 0.50196576
car 380.9585 421.98697 100.192245 124.6152 0.6517092
car 156.2319 205.07687 72.01257 96.92006 0.67965925
car 351.2406 395.15863 89.099915 113.73422 0.6993182
car 218.52806 256.52368 76.55496 95.92979 0.7637504
car 0.7964051 82.47934 151.62283 198.29933 0.9073574
car 295.58508 361.42578 130.16849 168.45766 0.92676806
--
car 144.46422 180.67032 58.38239 83.04588 0.36341593
car 412.36536 449.67288 115.60912 141.79512 0.50210094
car 381.3645 422.04092 99.895744 124.65249 0.6611737
car 156.3095 205.07574 71.98945 96.96134 0.67010427
car 218.79768 256.30804 76.607376 95.93033 0.72848725
car 351.16034 395.25748 89.03812 113.66725 0.7579415
car 4.1179667 88.77475 152.45728 197.09547 0.79579026
car 295.38287 363.23804 129.63446 167.96396 0.95761913
--
car 9.72289 94.58908 152.07932 197.12753 0.3865156
car 144.84894 181.07448 56.209778 79.54628 0.38950384
car 412.27997 449.20557 116.15676 141.52602 0.4557181
car 351.17725 394.81104 89.24779 114.07392 0.58919924
car 383.1269 421.5694 100.059326 124.65692 0.6868487
car 219.53447 255.87047 76.815475 95.81977 0.72170186
car 156.58813 205.27347 72.473274 96.9194 0.84373987
car 308.22574 369.01355 129.58899 169.38518 0.9486389
--
car 9.773065 94.550285 152.07043 197.06679 0.36890504
car 144.86154 181.05449 56.1948 79.55845 0.38570368
car 412.2961 449.17386 116.12562 141.53236 0.44371185
car 351.10434 394.73355 89.19718 114.24599 0.5622777
car 383.3601 421.46756 100.1018 124.687035 0.6800549
car 219.52582 255.87553 76.82214 95.8183 0.7249884
car 156.62502 205.2491 72.45183 96.93378 0.8383575
car 308.2752 368.87262 129.55342 169.33075 0.94637686
--
car 144.82602 181.16393 56.2727 79.53204 0.3842381
car 412.24408 449.1268 116.34175 141.47386 0.4481357
car 350.67047 394.9128 89.568436 113.51631 0.6124278
car 383.60736 421.6791 100.36354 124.363304 0.6304453
car 226.18849 256.9798 77.529785 96.002266 0.7314703
car 10.298256 105.13857 153.7023 196.36165 0.8408942
car 156.42914 205.44078 72.5675 96.86867 0.8484331
car 312.49194 370.8483 128.22119 169.24495 0.92556226
--
car 144.83876 181.15561 56.26137 79.55028 0.38327828
car 412.24115 449.11914 116.36252 141.49115 0.44958374
car 350.6033 394.9267 89.52362 113.65632 0.59265465
car 383.56427 421.6648 100.34219 124.294876 0.6399184
car 226.2634 256.88837 77.50948 95.99946 0.73462594
car 156.43518 205.38889 72.55696 96.84335 0.84342736
car 10.360594 105.24779 153.59416 197.09232 0.8457752
car 312.34286 370.92407 128.11191 169.18886 0.92468125
--
car 144.76042 181.32922 56.308117 79.469284 0.37440786
car 412.38083 449.12433 116.64203 141.39883 0.46319962
car 382.88245 421.81393 100.19807 124.32083 0.6501942
car 350.80386 394.52774 89.33158 113.55122 0.6626337
car 226.07835 257.08508 77.57176 95.97818 0.72359776
car 16.537964 106.47505 153.64996 195.4012 0.8148746
car 156.42455 205.58379 72.67724 96.73335 0.84775317
car 313.49396 373.62024 129.28362 166.55713 0.9524255
--
car 144.80635 181.32248 56.26472 79.52015 0.37269345
car 412.30017 449.21097 116.68035 141.4875 0.48959798
car 351.3515 393.2508 89.265236 113.211136 0.649926
car 382.12064 421.80353 100.16856 124.476685 0.6924624
car 226.18715 256.99985 77.53229 95.96681 0.7203748
car 21.40561 110.28811 153.47876 195.82976 0.7701114
car 156.4339 205.46745 72.55734 96.779724 0.8413877
car 315.4862 376.62946 129.43977 166.4965 0.95162594
--
car 144.76373 181.3557 56.314148 79.4499 0.3623848
car 412.09323 449.19788 116.419365 141.52785 0.5060754
car 29.778885 114.64026 154.46855 194.27943 0.59319484
car 381.26694 422.01157 100.54534 124.62615 0.6665846
car 226.08029 257.06854 77.56889 95.98903 0.71539277
car 347.64633 386.20364 88.90208 111.701454 0.76797163
car 156.43645 205.51726 72.88202 96.72271 0.84108096
car 324.31644 380.3923 131.31807 164.10353 0.8827147
--
car 144.76907 181.24345 56.33569 79.36658 0.36566216
car 412.2129 449.2104 116.54402 141.50418 0.51615804
car 30.128746 114.423935 154.46617 194.90392 0.5767053
car 381.19385 422.0227 100.44021 124.66826 0.67360705
car 226.14355 256.9704 77.57796 95.999275 0.70652276
car 347.6502 386.24774 88.87594 111.71102 0.7738892
car 156.62187 205.39401 72.86621 96.99473 0.82909846
car 324.3572 380.2034 131.5781 164.45953 0.87829
--
car 144.74661 181.23221 56.316437 79.363945 0.39777225
car 412.1531 449.09933 116.622696 141.53334 0.4892991
car 380.96454 422.04138 100.51176 124.495705 0.6709007
car 226.0965 257.0678 77.59794 95.976555 0.7209337
car 347.14142 386.72437 88.19422 111.76206 0.7737632
car 156.50653 205.49287 72.94115 96.95485 0.8452461
car 326.17935 382.6896 133.11334 163.5865 0.8691056
car 32.452755 122.397835 152.09479 194.62395 0.8940242
--
car 144.75319 181.2896 56.30905 79.36438 0.38766575
car 412.16574 449.11948 116.62257 141.53494 0.48952183
car 381.00342 422.02078 100.417305 124.61578 0.6737231
car 226.11641 257.0407 77.58119 95.974106 0.7198801
car 346.86588 387.0479 88.20346 112.02328 0.751858
car 32.16397 122.82349 152.09914 194.45148 0.840233
car 156.55855 205.42377 72.79905 97.01448 0.84207976
car 325.90356 382.7424 132.95598 163.57904 0.8826551
--
car 331.84235 375.8121 128.556 152.44678 0.3440892
car 144.75932 181.20006 56.32127 79.3876 0.40817255
car 412.13724 449.05527 116.69176 141.57648 0.43765607
car 381.9057 421.84818 100.59582 124.38476 0.61557853
car 35.56022 128.5013 152.70822 193.62949 0.64562815
car 346.31693 387.43213 88.026665 111.926735 0.71822625
car 326.72742 385.63147 131.09967 168.54408 0.722825
car 226.17714 256.9952 77.58182 95.97236 0.7257699
car 156.53229 205.4257 72.65912 97.02353 0.8387918
--
car 412.2713 449.10193 116.54337 141.5536 0.4006982
car 144.73802 181.29205 56.225197 79.432816 0.40622905
car 41.956028 133.7802 153.01524 191.31386 0.43480906
car 381.8298 421.72305 100.428795 124.553955 0.551582
car 345.55292 387.66055 88.013885 111.75393 0.67288923
car 226.198 256.98694 77.55563 95.98902 0.7285912
car 330.07428 388.9098 131.0268 168.60023 0.78741634
car 156.67659 205.2682 72.4813 97.11877 0.824832
