--
car 144.07869 234.68016 155.9046 248.86674 0.8556113
--
car 144.83624 234.57059 156.12936 249.00688 0.784386
--
car 145.21713 231.79663 165.1775 244.29024 0.78647417
--
truck 81.45221 175.36273 176.75476 268.9514 0.68428147
--
truck 81.85764 175.11417 176.66083 268.92188 0.69054157
--
--
--
--
--
--
--
car 383.65027 457.15057 198.06714 292.31912 0.38639644
--
--
--
car 33.694256 125.41459 205.37624 300.2321 0.44805655
car 376.7826 452.084 191.10823 286.71234 0.7629393
--
car 33.54075 125.292564 205.44102 300.58444 0.4666873
car 376.9029 452.36334 191.42822 286.86273 0.7528231
--
car 30.623402 122.90124 208.27748 307.68784 0.74219394
car 371.02637 446.90167 185.82962 275.0181 0.9397728
--
car 30.58006 123.100136 208.83281 307.30334 0.7438996
car 371.08936 446.91992 186.13586 275.0288 0.9298701
--
car 30.701477 123.19154 208.64835 307.13727 0.74229944
car 371.04352 446.85532 185.89111 275.2752 0.93016857
--
car 30.65849 123.02199 208.73016 306.8537 0.7360009
car 370.8212 447.0322 186.14923 274.8705 0.91852516
--
car 30.805656 122.86723 208.17122 307.15546 0.7217697
car 370.97165 447.13837 186.04312 275.4082 0.91871023
--
car 19.710234 106.538315 203.44551 317.74872 0.61863285
car 369.48322 438.5191 179.43306 274.0868 0.8603699
--
car 19.937056 106.53992 203.51141 317.7236 0.5977896
car 370.35718 437.95773 185.44922 266.04208 0.8591896
--
car 12.633873 122.39407 218.62482 338.3737 0.56307936
car 365.1199 433.47043 174.57625 254.14331 0.807868
--
car 12.568742 121.843956 218.71866 338.77493 0.4697602
car 364.60593 433.46817 174.16557 254.26102 0.82095355
--
car 12.51278 121.85527 218.67087 338.76993 0.477729
car 364.77185 433.42398 174.17969 254.1836 0.8437818
--
car 360.79745 428.93683 170.99838 247.6614 0.9697201
--
car 360.87704 428.95044 170.9893 247.52213 0.9725594
--
car 360.76035 428.9173 170.85925 247.31679 0.977498
--
car 360.1918 421.51263 165.72693 242.09943 0.98395246
--
car 360.02942 421.50507 165.441 242.59134 0.985652
--
car 360.27682 421.25278 165.66286 242.39868 0.9790045
--
car 360.29767 421.3701 166.22299 242.40077 0.9763751
--
car 360.35632 421.43057 166.3764 242.3847 0.97936636
--
car 357.91577 415.48013 158.16547 232.81778 0.9169416
--
car 357.83374 415.53903 158.4315 232.7365 0.93461126
--
car 357.68842 415.7975 157.84395 233.8947 0.9263565
--
car 358.72757 412.58414 155.35393 230.4491 0.97819567
--
car 358.75867 412.65222 155.30711 230.28035 0.9786765
--
car 358.64102 412.81586 155.48186 230.12839 0.9784447
--
car 357.3487 412.45456 150.78848 223.99464 0.9892905
--
car 357.86215 407.19797 147.58342 217.38704 0.9807896
--
car 358.01904 407.22513 147.48799 217.35251 0.9795176
--
car 358.08203 407.268 147.70538 217.28935 0.9821362
--
car 357.80502 407.23434 147.4784 217.35722 0.9839943
--
car 357.70123 407.18372 147.64717 217.32303 0.98221296
--
car 357.71597 407.01007 147.39716 217.43375 0.98180073
--
car 358.63254 401.7291 140.5874 208.854 0.9729656
--
car -1.8523953 27.709808 232.66603 340.09845 0.3147093
car 359.7527 402.73798 142.02039 209.48735 0.96426076
--
car 362.64493 399.76453 136.47098 202.52039 0.9767973
--
car 362.5788 399.768 136.48975 202.66537 0.9771906
--
car 362.60995 399.5828 136.33435 202.92531 0.97822946
--
car 363.17413 395.8444 133.69301 197.33475 0.97999775
--
car 363.467 395.90775 134.06961 197.24957 0.9792706
--
car 363.57388 395.75082 134.38327 196.7219 0.97930187
--
car 365.61948 394.15103 133.19853 195.04514 0.9405923
--
car 365.58084 394.13992 133.18336 195.05424 0.946188
--
car 365.30548 395.61597 124.8592 184.10396 0.936001
--
car 365.4867 395.55667 124.86722 183.97331 0.9337794
--
car 365.51364 395.54895 124.815285 183.69449 0.9223157
--
car 364.74817 395.73828 124.50095 184.44159 0.92314047
--
car 364.8223 395.788 124.93035 184.10318 0.92676854
--
car 365.17645 395.47858 124.48531 179.02406 0.9128402
--
car 365.2421 395.48788 124.45107 179.30872 0.9065179
--
car 365.35657 395.3565 124.50557 179.3655 0.9049698
--
car 366.09674 396.72244 121.310265 173.48395 0.9405487
--
car 366.12106 396.7552 121.317276 173.51753 0.93214965
--
car 368.652 398.20135 118.72244 171.70119 0.754197
--
car 368.65472 398.1342 118.88134 171.36247 0.75768363
--
car 368.75436 397.96008 118.66706 171.59477 0.7628221
--
car 370.07684 402.4168 114.55247 164.74669 0.71590686
--
car 370.1181 402.34396 114.53448 164.68166 0.7020963
--
car 369.99612 402.22012 113.529076 164.84247 0.5608652
--
car 369.75223 402.32355 113.398895 164.50461 0.5708085
--
car 369.65723 402.4344 113.390495 164.18402 0.59229475
--
car 370.99094 406.75137 109.5995 160.89752 0.5878584
--
car 371.08304 406.59192 109.637146 160.49396 0.6390364
--
car 371.00342 406.6738 109.66589 160.61826 0.6122988
--
car 372.09076 407.07312 107.455086 155.00966 0.8535222
--
car 371.962 407.31348 107.41265 155.13004 0.888362
--
car 375.08444 410.16693 108.63772 149.56018 0.936881
--
car 375.051 410.10413 108.61382 149.44035 0.94029534
--
car 375.0146 410.077 108.548515 149.44298 0.9420325
--
car 377.42642 413.37943 103.236595 154.03752 0.6499073
--
car 378.1109 412.489 103.070595 155.0555 0.89240795
--
car 380.44562 414.79672 98.03221 147.29657 0.8349679
--
car 380.62106 414.68433 98.24363 147.25642 0.8341051
--
car 380.63818 414.7018 98.305084 147.25938 0.82375705
--
car 380.8994 414.4439 98.095184 146.92094 0.9197893
--
car 380.88263 414.58582 98.01431 147.05376 0.9073285
--
car 380.9345 414.7586 98.05523 146.97435 0.8940532
--
car 383.11676 416.9278 95.77392 145.81905 0.86820376
--
car 383.33887 416.77972 95.81845 145.81354 0.86043966
--
car 385.9149 419.869 93.51238 144.66052 0.8592423
--
car 385.96454 419.89124 93.613815 144.48679 0.86098367
--
car 385.9469 419.91852 93.52751 144.51753 0.85805374
--
car 407.52393 481.75742 233.09697 337.4011 0.62500936
car 420.93 442.08606 51.38463 75.15236 0.87917036
car 390.66858 423.49393 94.65646 133.3596 0.91807956
--
car 407.5539 481.78687 233.07886 337.59094 0.60506284
car 420.91107 442.07663 51.414185 75.218094 0.8742854
car 390.66727 423.49478 94.65989 133.3459 0.91716206
--
car 407.53693 481.80267 233.22765 337.5213 0.61424774
car 420.90936 442.07867 51.400448 75.199165 0.87761986
car 390.68057 423.48334 94.649796 133.34433 0.9172345
--
car 395.0452 480.27884 219.066 320.70767 0.74943835
car 415.9433 439.42355 53.78711 75.69799 0.8456564
car 393.37787 425.11124 91.93227 133.22583 0.9300746
--
car 395.1902 480.61346 219.31665 320.46942 0.786648
car 415.981 439.47897 53.770256 75.776955 0.8386584
car 393.32635 425.05865 91.86926 133.03476 0.9259347
--
car 395.1507 480.6669 219.36226 320.4561 0.81928
car 415.97903 439.52966 53.902626 75.69093 0.84183484
car 393.3442 425.06976 91.94244 132.96225 0.92997426
--
car 395.1152 480.6733 219.23256 320.51346 0.8215605
car 415.95944 439.47583 53.854004 75.65458 0.8582966
car 393.37967 425.07333 92.13022 133.0034 0.9345371
--
car 382.383 469.78152 218.78217 312.66733 0.78169507
car 409.785 434.85294 53.183548 76.571625 0.9292622
car 395.9826 426.98093 92.06163 129.43774 0.9482821
--
car 382.66617 469.99493 218.79868 312.5044 0.7946604
car 409.82547 434.85562 52.88515 76.506134 0.9457777
car 395.9818 426.92807 92.04 129.37029 0.9557457
--
car 382.56833 469.8895 218.78781 312.4378 0.776977
car 409.8461 434.89172 52.89015 76.519424 0.94976413
car 396.0523 426.95865 92.07843 129.31383 0.95608604
--
car 399.50607 428.70782 91.49213 125.561844 0.8814819
car 368.35117 462.923 207.14322 300.54813 0.91258866
car 404.8019 430.05975 54.32663 78.79891 0.9848684
--
car 399.5804 428.81567 91.44719 125.63928 0.8755878
car 368.16724 463.228 206.90804 300.46338 0.9158142
car 404.7018 430.40955 54.046173 78.755356 0.984031
--
car 399.22943 428.926 91.25363 125.58623 0.85352576
car 368.96805 462.65265 208.004 300.558 0.8565314
car 404.80222 430.19775 54.494602 78.55121 0.983203
--
car 402.65686 431.9529 91.09441 124.62392 0.5717851
car 356.11642 445.9411 197.95569 288.26074 0.8508001
car 396.59616 423.68845 53.065296 81.93474 0.966498
--
car 402.7315 431.91806 90.88144 124.77709 0.63277555
car 356.02243 445.90878 197.78088 288.8344 0.8581211
car 396.61343 423.51636 53.17404 81.93657 0.96593237
--
car 406.3099 430.32666 85.9668 122.645164 0.71464044
car 348.98254 433.92392 192.20163 269.8828 0.9139555
car 391.61853 417.9298 57.49501 84.55023 0.9752674
--
car 406.43378 430.291 85.863655 122.832634 0.6763012
car 349.1062 433.8656 192.18213 269.50406 0.9067084
car 391.62555 417.98105 57.42986 84.55327 0.973851
--
car 406.42426 430.23236 85.949905 122.7528 0.70282507
car 349.0905 433.85535 192.27916 269.54376 0.91307604
car 391.64496 417.9696 57.453785 84.52025 0.9763534
--
car 406.45334 430.21573 85.94142 122.772446 0.70333856
car 349.1385 433.82162 192.22351 269.46402 0.91410714
car 391.66693 417.94452 57.534664 84.49478 0.97635233
--
car 406.4542 430.23068 85.96769 122.7428 0.7078291
car 349.13608 433.82788 192.2459 269.4208 0.9192078
car 391.6694 417.9343 57.551594 84.48865 0.9763402
--
car 406.4493 430.19556 85.94611 122.75915 0.6898519
car 349.10635 433.81946 192.28198 269.44266 0.9195976
car 391.63327 417.9695 57.545475 84.525345 0.9738869
--
car 408.80197 437.5341 85.566666 117.92635 0.888681
car 334.20352 423.20645 176.09633 261.99463 0.95349
car 383.22772 411.9068 59.833355 86.028435 0.9856723
--
car 408.73605 437.56064 85.55757 117.69868 0.8802874
car 334.55963 423.37524 176.10562 261.81216 0.9501761
car 383.28986 411.91418 59.810364 86.13526 0.9852234
--
car 410.99258 441.3283 81.99022 116.678 0.8797098
car 323.63766 409.19305 170.17593 251.68866 0.9102914
car 373.13608 405.927 59.974495 89.51264 0.991896
--
car 411.1238 441.74445 81.983185 117.36172 0.86446255
car 323.39542 408.57928 170.88046 250.65155 0.9393526
car 372.99268 406.223 60.042076 89.33877 0.99389666
--
car 413.26135 444.12018 81.65022 116.23282 0.73403275
car 311.53088 395.82144 160.03374 241.52866 0.98028076
car 365.53912 398.47437 59.326366 93.2303 0.99394816
--
car 413.30753 443.97424 81.66978 116.184204 0.7396178
car 311.65857 395.66324 160.13164 241.45967 0.9796797
car 365.50208 398.53177 59.210827 93.34232 0.9938525
--
car 413.29947 444.179 81.56086 116.20161 0.7261258
car 311.54288 395.75845 160.08372 241.65257 0.98071486
car 365.49493 398.60956 59.2694 93.2888 0.9937867
--
car 418.31543 440.9336 78.02025 111.27093 0.46651632
car 299.33063 389.87927 153.74988 231.2328 0.87922895
car 355.4395 392.28995 58.006203 95.54579 0.9908004
--
car 418.17072 440.93033 78.02562 111.16809 0.47320426
car 299.2836 389.88287 153.91512 231.27513 0.8775615
car 355.47864 392.20795 58.094677 95.45336 0.9901988
--
car 288.37967 372.823 148.29735 220.44109 0.8305682
car 344.11276 385.1851 65.52809 98.03592 0.9939003
--
car 288.30463 372.84036 148.27898 220.54918 0.85193115
car 344.09357 385.17392 65.48991 98.05118 0.99442965
--
car 288.27292 372.89563 148.21375 220.56639 0.8480814
car 344.0619 385.05957 65.62771 98.03431 0.9943548
--
car 288.28815 372.8597 148.2621 220.61772 0.8493199
car 344.03802 385.11908 65.71897 97.950485 0.9946256
--
car 288.292 372.827 148.2802 220.6889 0.85006225
car 344.01367 384.98956 65.83201 97.94414 0.99457806
--
car 288.27164 372.8353 148.24294 220.72134 0.84996253
car 343.9901 385.01645 65.865654 97.92041 0.99473256
--
car 280.97867 358.95148 139.65761 212.6575 0.8466314
car 334.50894 377.05087 68.43784 101.81915 0.9971802
--
car 281.03558 358.99176 139.71138 212.65543 0.8405954
car 334.5279 377.046 68.42559 101.79984 0.99716866
--
car 281.00525 358.98477 139.65202 212.63863 0.838213
car 334.52725 377.03363 68.4302 101.79475 0.9972096
--
car 271.4943 346.4225 133.8612 202.65755 0.80759764
car 323.67398 369.69177 67.70271 105.24638 0.99301106
--
car 271.5404 346.72372 133.86047 202.64064 0.8279869
car 323.6353 369.85754 67.40525 105.4066 0.99381226
--
car 256.12607 333.51547 131.96404 193.34721 0.75503016
car 314.484 359.40283 74.254234 107.929 0.99460155
--
car 256.20547 333.43546 131.95583 193.36502 0.76186514
car 314.45404 359.4186 74.16318 107.883606 0.9941827
--
car 256.1932 333.45178 131.96313 193.35498 0.75931585
car 314.51804 359.40863 74.10952 107.892006 0.9939824
--
car 250.02997 325.05716 124.6568 184.73544 0.5646944
car 300.6157 353.99304 77.27055 112.15172 0.996274
--
car 250.06567 325.16486 124.75206 184.6907 0.5329603
car 300.6532 354.03165 77.31151 112.16198 0.9964764
--
car 250.08931 325.31366 124.760056 184.66815 0.57410526
car 300.6205 353.93454 77.174934 112.20651 0.99665874
--
car 250.0916 325.3678 124.74892 184.65814 0.58089846
car 300.6189 354.09152 77.20338 112.158844 0.9966992
--
car 237.94391 314.2314 120.64653 173.99739 0.7078136
car 292.7072 344.3207 80.585686 116.31318 0.9811234
--
car 238.02917 314.15533 120.87815 174.05536 0.74237597
car 292.71646 344.32605 80.55451 116.339775 0.9808082
--
car 238.14085 314.0818 120.71288 174.01398 0.7250203
car 292.70154 344.21655 80.53805 116.36974 0.97992265
--
car 232.22731 306.3317 118.35428 170.85135 0.7112843
car 279.92752 339.75278 84.53821 119.75415 0.98287916
--
car 232.4687 306.3616 118.40257 170.79944 0.72789353
car 279.91727 339.7534 84.365944 119.6881 0.9816108
--
car 232.24533 306.31705 118.28655 170.84862 0.7203015
car 279.8933 339.8945 84.3925 119.77318 0.979813
--
truck 227.39093 294.2679 110.69071 162.76463 0.7435148
car 273.61658 329.937 81.25868 124.31756 0.9834466
--
truck 227.39938 294.28555 110.76433 162.75142 0.7542401
car 273.589 329.67517 81.100105 124.503784 0.98114645
--
truck 227.35938 294.30392 110.83824 162.6662 0.7620888
car 273.64035 329.9308 81.249626 124.29303 0.97818565
--
car 220.1263 285.8928 107.50328 156.5943 0.4019002
car 261.53528 323.31964 85.06988 124.137085 0.9112221
--
car 220.07567 285.88263 107.4047 156.65602 0.3786464
car 262.00812 323.17694 85.04599 124.178566 0.92159164
--
truck 205.55116 321.66046 91.02154 144.84618 0.73479855
--
truck 206.35565 321.16714 90.00279 145.5912 0.8264272
--
truck 206.48853 320.63452 90.13826 145.56955 0.82296145
--
truck 206.30019 320.80084 90.28041 145.6502 0.8317361
--
truck 206.38092 320.5934 90.2632 145.63039 0.82738125
--
truck 207.96516 313.5394 89.0515 140.72833 0.85239995
--
truck 207.81229 313.85095 88.70733 140.66841 0.8396737
--
truck 200.67136 258.1217 93.82703 141.42523 0.39572585
car 251.01762 310.05316 86.112564 132.32979 0.672083
--
truck 200.44942 258.2475 93.770035 141.45529 0.39980277
car 250.96356 310.00665 86.14778 132.3482 0.68704176
--
car 200.27036 258.53918 93.92883 141.33664 0.3896967
car 251.13412 310.34152 86.12599 132.24513 0.67286724
--
truck 192.46562 254.74463 92.82512 140.08217 0.6726247
car 246.38168 311.37823 86.23345 131.7262 0.88374436
--
truck 192.53743 254.71262 93.102844 140.13763 0.67309195
car 246.94373 310.54266 86.23788 131.7248 0.87223977
--
truck 192.45166 254.93768 93.11853 140.1127 0.67043966
car 246.92639 310.73935 86.33612 131.78925 0.8752022
--
car 189.40907 230.85774 91.372375 131.12091 0.7458798
car 240.17552 305.53995 89.86221 136.00357 0.9110418
--
car 189.41397 230.87357 91.31147 131.10493 0.743268
car 240.13422 305.71246 89.72497 136.03716 0.90784657
--
car 189.40521 230.90378 91.336365 131.05426 0.7332196
car 240.03976 305.64404 89.74167 135.99585 0.89824146
--
car 189.40802 230.89044 91.35697 131.05118 0.73113334
car 240.17519 305.50116 89.72073 136.00023 0.8977269
--
car 189.40619 230.88936 91.35398 131.05707 0.7273869
car 240.09991 305.48245 89.437584 136.06036 0.88737667
--
truck 186.50824 222.90984 88.532455 132.55135 0.75266165
car 237.28226 304.36694 90.20138 137.70944 0.9485157
--
truck 186.44489 222.98643 88.55346 132.52605 0.74977225
car 237.48018 304.17972 90.29456 137.6857 0.94725645
--
truck 186.38467 223.05798 88.43188 132.40985 0.75978094
car 237.54276 304.16803 90.333664 137.70667 0.9438056
--
car 181.72769 215.33743 89.50802 129.80414 0.7148309
car 234.6214 304.03766 92.60286 139.9963 0.9473555
--
car 181.80434 215.49117 89.53211 129.84146 0.7264236
car 234.49445 304.30862 92.21323 139.82703 0.9483229
--
car 181.84346 215.4789 89.55814 129.8024 0.72526115
car 234.60576 304.42587 92.000946 139.62454 0.9493155
--
truck 177.84969 210.06151 84.66535 131.42746 0.73255813
car 232.94737 298.9749 91.94302 141.006 0.84691316
--
car 230.35307 299.539 91.081436 142.40323 0.81502575
car 176.4366 207.01346 76.60558 125.57688 0.8174071
--
car 176.36856 206.88953 76.46442 125.56272 0.8216121
car 230.42656 299.57645 90.993576 142.3374 0.8322988
--
car 176.42842 206.8658 76.50543 125.61561 0.83149844
car 230.39487 299.55438 91.033295 142.33194 0.83694273
--
car 176.42288 206.90521 76.47727 125.628815 0.8333321
car 230.43915 299.2936 91.115845 142.29466 0.84259135
--
car 176.39673 206.90115 76.46532 125.597244 0.83589983
car 230.4688 299.2993 91.06548 142.30829 0.84764266
--
car 176.34485 206.87613 76.438545 125.577194 0.8266728
car 230.55705 299.23853 90.93956 142.31947 0.84078294
--
car 173.44139 205.5969 75.68514 123.22375 0.8675708
car 229.0467 297.01364 90.36236 144.19609 0.8898402
--
car 176.44633 203.31369 80.973434 124.43979 0.8754973
car 228.98836 296.46225 90.47262 144.17747 0.8866891
--
car 225.1333 290.08292 93.44448 144.92056 0.9008674
car 173.91866 200.55183 77.73441 122.32712 0.9156132
--
car 225.40326 289.8435 93.403206 145.10521 0.88507694
car 174.0387 200.53589 77.560036 122.34604 0.90890735
--
car 225.38535 289.8374 93.36321 144.994 0.8852208
car 174.08578 200.56879 77.492836 122.49494 0.91103476
--
car 225.17073 288.92905 93.23492 145.10083 0.8848176
car 170.5175 202.37161 72.70518 119.03002 0.9184173
--
car 224.87914 289.33142 93.29482 144.97066 0.89563674
car 173.0198 200.26796 77.05639 119.430786 0.9278743
--
car 225.04875 289.1601 93.39179 144.84517 0.9011194
car 173.02216 200.25514 77.081825 119.36986 0.92627424
--
car 173.53865 200.45026 75.491425 113.30197 0.8434025
car 224.07584 289.00046 94.03237 145.173 0.94987667
--
car 173.49405 200.62259 75.57991 113.34312 0.85172254
car 224.31387 288.44977 93.64738 145.24702 0.9556581
--
car 174.49937 200.14844 74.75065 111.19473 0.9006198
car 225.04855 287.50336 92.109764 145.56166 0.945756
--
car 174.42456 200.15184 74.6872 111.2058 0.8986652
car 224.88577 287.59415 92.43959 145.52153 0.940299
--
car 174.29239 200.07675 74.63801 111.30938 0.9011416
car 224.87231 287.61682 92.31893 145.50761 0.9415533
--
car 174.30254 200.0886 74.51692 111.270874 0.9005071
car 224.83421 287.6598 92.37701 145.5272 0.93765044
--
car 174.316 200.11 74.47481 111.20041 0.9037895
car 224.79633 287.67853 92.438126 145.4876 0.93893015
--
car 174.0928 199.7929 72.4318 108.85912 0.9054214
car 224.33069 288.1494 91.54912 145.91133 0.9131257
--
car 174.18338 199.80127 72.482544 108.98155 0.89132804
car 224.56055 288.09598 91.515594 145.92754 0.907148
--
car 224.7501 288.0776 91.0938 145.95946 0.8854663
car 174.20998 199.70682 72.4962 109.07287 0.887449
--
car 225.09431 287.92523 90.882225 145.98679 0.71454495
car 175.13786 199.38403 72.37098 108.008484 0.8225606
--
car 225.15552 287.87286 90.7922 145.88702 0.6913749
car 175.14091 199.38663 72.39262 107.994545 0.8189512
--
car 224.8479 288.1493 89.31154 145.99713 0.62530476
car 175.8907 199.291 74.27437 106.13757 0.79760253
--
car 224.88826 288.18964 89.50004 146.0259 0.645638
car 175.822 199.366 73.850555 106.14581 0.81201327
--
car 225.02739 288.06857 89.132744 146.05202 0.63364583
car 175.83768 199.34988 74.461945 106.05407 0.8137564
--
car 175.97629 199.42667 75.68032 106.10453 0.7011687
car 224.90796 288.0868 88.59229 146.18266 0.7184724
--
car 175.9964 199.41327 75.29931 106.09982 0.7239517
car 224.71161 288.36932 88.79873 146.20586 0.76758206
--
car 176.00024 199.41649 75.69313 106.05567 0.70898986
car 224.7579 288.3411 88.85011 146.20546 0.7516739
--
car 176.13795 199.4752 75.155876 106.06375 0.72341543
car 224.68767 288.50684 88.29122 146.10199 0.72452176
--
car 224.85217 288.32724 87.88973 146.09424 0.66019726
car 176.12201 199.4984 75.15055 106.108154 0.71859664
--
car 224.58978 288.5159 87.746864 146.1656 0.687276
car 176.17613 199.6041 73.3565 105.99528 0.75746304
--
car 224.60207 288.44263 87.820694 146.06087 0.6831171
car 176.27615 199.60582 72.95803 105.976295 0.7656891
--
car 224.49185 288.64102 87.99697 146.39023 0.6920177
car 176.25044 199.33492 72.768814 105.90522 0.7207566
--
car 176.27008 199.32394 74.182205 105.657524 0.638855
car 224.27771 288.79572 88.03169 146.09802 0.6473104
--
car 176.17668 199.36407 73.76929 105.77842 0.68396616
car 224.28027 288.78772 88.327065 146.067 0.7027341
--
car 176.0481 199.28441 73.64243 105.81965 0.6905632
car 224.37964 288.5964 88.57325 145.92105 0.72916704
--
car 224.50813 288.75778 87.21516 145.71938 0.6773713
car 176.15208 199.2512 73.084984 105.977 0.7033336
--
car 176.10725 199.24228 73.384865 106.09614 0.68222815
car 224.59425 288.7096 87.1359 145.65863 0.7290593
--
car 176.27705 199.31844 73.2726 105.89009 0.69470763
car 224.75961 288.63498 88.26122 145.90092 0.78811896
--
car 176.3436 199.3882 73.17051 105.9205 0.73411226
car 224.85648 288.5329 88.436935 145.71379 0.82148945
--
car 176.37337 199.29193 73.33145 105.98233 0.6978094
car 224.63239 288.7172 88.236755 145.81375 0.7946492
--
car 176.33725 199.30823 73.25946 105.99602 0.70281625
car 224.76843 288.6402 88.096115 145.7044 0.76328135
--
car 176.18207 199.35992 73.17484 106.1119 0.71436197
car 224.98633 288.343 87.74041 145.75769 0.7480362
--
car 175.95503 199.37064 72.9183 106.10725 0.74096864
car 224.97668 288.4205 87.57341 145.948 0.7593748
--
car 225.28732 288.13535 86.342 145.71611 0.6314348
car 175.81676 199.36327 72.6313 106.375015 0.70733654
--
car 225.3275 288.10114 86.387665 145.71606 0.62693495
car 175.82358 199.37744 72.674644 106.35244 0.7128688
--
car 225.34363 288.10272 85.93574 145.80632 0.645792
car 175.86565 199.38704 72.82085 106.31247 0.6952247
--
car 225.26068 288.29297 86.36507 145.72694 0.66696364
car 176.05225 199.39748 73.063126 106.21473 0.6860887
--
car 175.77863 199.38512 72.488304 106.29141 0.70594114
car 225.31409 288.16287 86.75586 145.83824 0.7127509
--
car 175.73326 199.37048 72.38414 106.29384 0.70677555
car 225.3365 288.13113 86.65371 145.89952 0.71809906
--
car 175.87968 199.41528 72.527176 106.22628 0.70999324
car 228.8489 289.93158 85.59194 144.47272 0.754136
--
car 175.7719 199.42683 72.30137 106.58896 0.71184266
car 225.42514 287.90005 87.580376 145.52959 0.763296
--
car 175.70392 199.4475 72.305664 106.52344 0.7238974
car 225.34932 287.9562 87.59273 145.49886 0.77436674
--
car 175.6266 199.51663 72.32686 106.36566 0.7279051
car 225.34055 287.95648 87.15103 145.54884 0.77788997
--
car 175.57332 199.52873 72.28498 106.35124 0.7419718
car 225.22755 287.92902 88.31344 145.45828 0.77532583
--
car 175.5433 199.48265 72.32927 106.29716 0.74149513
car 225.12086 288.06268 88.408066 145.56543 0.78519815
--
car 175.89746 199.69757 72.10756 106.47386 0.684796
car 228.59825 289.91867 89.25105 144.10478 0.8807959
--
car 175.93916 199.75879 72.27834 106.39002 0.71287286
car 228.6647 289.8789 89.42497 143.90068 0.87321556
--
car 175.9848 199.72617 72.103935 106.510445 0.7232989
car 224.1259 288.7889 90.76909 145.28932 0.8914681
--
car 175.98059 199.77383 71.97001 106.5358 0.7327037
car 224.14104 288.80536 90.73463 145.31639 0.890144
--
car 175.97792 199.77643 72.04392 106.504234 0.7388662
car 224.24277 288.74683 90.7214 145.28568 0.89627486
--
car 175.96402 199.73524 72.04493 106.50574 0.7470562
car 224.41739 288.64484 90.72959 145.1788 0.89148945
--
car 175.95984 199.72925 72.0275 106.524475 0.7454991
car 224.48506 288.57455 90.580795 145.22826 0.89367527
--
car 175.9592 199.7079 72.07394 106.517525 0.7449713
car 224.48227 288.55707 90.516945 145.24278 0.896838
--
car 175.659 199.57838 71.634315 106.80137 0.691107
car 227.82486 291.12213 91.05838 143.27106 0.8114673
--
car 175.67204 199.57103 71.63645 106.82335 0.67787725
car 227.74971 291.21127 91.21053 143.41461 0.79617435
--
car 175.72435 199.52422 71.8861 106.72703 0.6660007
car 227.51384 291.4241 91.879135 143.48688 0.84421974
--
car 175.72885 199.55536 71.87083 106.71511 0.68172014
car 227.51093 291.44122 92.13568 143.36542 0.8453189
--
car 175.73447 199.71869 71.574104 107.27557 0.68276566
car 227.39662 291.52234 91.45442 143.76921 0.83859116
--
car 175.75607 199.75513 71.55416 107.277374 0.7046459
car 227.41641 291.5102 91.460884 143.72485 0.846716
--
car 175.76588 199.74664 71.57765 107.24576 0.7049125
car 227.43684 291.45374 91.56563 143.67415 0.84976935
--
car 175.73288 199.76334 71.469826 107.298615 0.7100987
car 227.43925 291.44858 91.572136 143.65665 0.8589797
--
car 175.68143 199.79333 71.29312 107.41642 0.7303143
car 227.48299 291.41418 92.07 143.61813 0.86416304
--
car 175.69992 199.80235 71.34188 107.4064 0.73692876
car 227.63393 291.2732 92.31466 143.6168 0.8684251
--
car 175.69176 199.73227 71.4542 107.42487 0.7212785
car 227.59988 291.28876 92.06202 143.70714 0.88205004
--
car 175.72528 199.68913 71.36886 107.54993 0.6996617
car 227.57526 291.33224 92.030304 143.71643 0.88001716
--
car 175.85283 199.57727 71.65209 107.61987 0.66284347
car 227.36473 291.5812 91.4738 143.81583 0.9005145
--
car 175.80367 199.6317 71.59092 107.56729 0.6900776
car 227.29964 291.67923 91.93413 143.72258 0.90211064
--
car 175.8153 199.6036 71.552414 107.56627 0.6883183
car 227.34412 291.61322 91.96513 143.72841 0.89987063
--
car 175.49635 199.50577 70.90745 107.88492 0.6777596
car 227.05605 291.89868 92.27234 143.8887 0.90554607
--
car 175.73555 199.69814 71.34624 107.75795 0.61217594
car 227.08612 291.98022 93.049545 143.65523 0.88275445
--
car 175.75417 199.71896 71.239044 107.75542 0.6197281
car 227.07896 291.99362 93.1642 143.70332 0.89359957
--
car 175.75003 199.7215 71.21925 107.749725 0.6231894
car 227.00882 292.03015 93.16395 143.72073 0.89602035
--
car 175.75685 199.71817 71.25497 107.745605 0.62071335
car 226.98682 292.0598 93.158936 143.69075 0.89711344
--
car 175.75145 199.70615 71.265625 107.73048 0.62363
car 226.81738 292.33932 93.564186 143.67361 0.895377
--
car 175.79533 199.68396 71.34056 107.73747 0.6083569
car 226.8576 292.30328 93.42676 143.6962 0.8929019
--
car 175.78647 199.67192 71.33623 107.75242 0.6042221
car 226.8788 292.29147 93.34831 143.69609 0.89495975
--
car 175.73161 199.70483 71.366974 107.70824 0.628136
car 227.01181 292.2009 93.29786 143.65509 0.8920471
--
car 175.73085 199.69928 71.34476 107.71732 0.6264968
car 226.92993 292.27686 93.303535 143.6305 0.8905451
--
car 175.73088 199.70125 71.373146 107.70629 0.6297946
car 226.94203 292.26624 93.31804 143.64853 0.88838685
--
car 175.754 199.72293 71.434006 107.668015 0.64084315
car 226.77086 292.3154 93.662964 143.55894 0.88285184
--
car 175.76093 199.7185 71.42414 107.69805 0.6225507
car 226.72342 292.37384 93.64682 143.63571 0.87779814
--
car 175.92793 199.53503 72.1148 107.41829 0.6727812
car 226.49223 292.59824 93.622986 143.8021 0.8859136
--
car 175.91 199.52945 71.99405 107.398674 0.6864849
car 226.51157 292.58478 93.63249 143.82649 0.8830369
--
car 175.90799 199.52951 71.98977 107.397 0.686616
car 226.55016 292.53983 93.63534 143.8107 0.8790204
--
car 175.85736 199.51073 71.76952 107.661316 0.6695636
car 222.62875 290.58475 94.30128 145.31026 0.8637818
