--
car 119.20413 184.44301 106.843994 187.13503 0.8675545
car 98.16796 126.86354 59.443546 101.50362 0.96381027
car -2.3712337 85.446724 202.4576 326.97043 0.9950727
--
car 120.711365 187.88289 102.0914 206.07515 0.9545229
car 98.4189 127.657974 60.535538 100.95945 0.9616591
car -2.7539313 85.80249 202.68608 326.25568 0.99525243
--
car 362.0744 407.85855 48.231594 74.79099 0.30295798
car 99.3535 127.394485 55.045635 104.26731 0.94452137
car 123.15396 191.99805 105.20124 204.94562 0.9724214
car -2.7147567 85.71101 202.76929 325.98782 0.995507
--
car 362.17303 407.9094 48.093178 74.56912 0.3245041
car 99.32726 127.30505 55.390797 104.16509 0.9509437
car 123.27162 191.90677 105.07977 204.92656 0.9713067
car -2.7054977 85.65358 202.83122 325.86667 0.99585754
--
car 126.35875 195.79063 112.2981 216.73708 0.9247784
car 100.51431 129.53175 56.08499 105.63513 0.9474706
car -2.8283358 85.86453 203.00072 325.81342 0.9963561
--
car 362.32755 407.95584 48.050545 74.87179 0.32035848
car 100.88153 130.64546 58.936134 108.552704 0.93768746
car 127.60283 206.4594 114.86011 218.8815 0.9550908
car -2.779802 85.7615 202.9385 325.6411 0.99646395
--
car 100.753494 130.68842 58.805508 108.45656 0.93798363
car 127.59782 206.4305 115.041214 218.69295 0.95342994
car -2.708205 85.62682 202.95331 325.47876 0.9962959
--
car 102.48468 131.32416 58.34073 110.057686 0.9240609
car 128.37033 207.73033 117.13844 228.47073 0.9464538
car -2.6049793 85.43294 202.79573 325.3544 0.9964066
--
car 361.017 408.3674 48.06891 74.6549 0.33161727
car 126.05467 215.6523 121.65063 250.81937 0.93014294
car 102.318924 133.67429 66.35172 112.06881 0.9308322
car -2.5363898 85.43695 203.0379 325.0811 0.996499
--
car 360.82254 408.30106 48.203205 74.61911 0.30202302
car 126.093094 215.7071 121.56934 251.04785 0.9291817
car 102.40036 133.53949 66.240524 112.06441 0.9301779
car -2.6181865 85.54744 203.02501 325.00723 0.9963367
--
car 359.9959 408.8021 47.758636 74.758125 0.37149447
car 102.666214 134.19492 67.43471 112.24472 0.9200954
car 129.545 220.57526 125.78403 243.76306 0.9597627
car -2.6448047 85.45861 202.78256 325.29602 0.99646866
--
car 360.70416 408.63348 47.969376 74.600105 0.33484322
car 102.979034 136.08781 68.548355 112.47874 0.8907053
car 136.36708 223.86824 138.22186 267.96475 0.9250126
car -2.7217698 85.33907 202.67407 325.08405 0.9961973
--
car 102.82971 136.28583 68.48307 113.725655 0.8701323
car 135.5444 227.24811 140.22629 266.24667 0.88321054
car -3.0027437 86.393745 203.20956 325.05078 0.9953834
--
car 103.385345 137.43498 69.61526 115.52163 0.891817
car 135.91254 237.21504 135.73138 272.59344 0.9432775
car -3.047433 86.628944 202.98598 325.12082 0.99536145
--
car 104.80679 138.73381 70.28093 116.65759 0.7977833
car 145.70863 239.23871 149.21204 275.50104 0.9608421
car -2.9137266 86.58839 202.92444 325.14493 0.99575096
--
car 104.893135 138.74187 70.36466 116.71128 0.7791507
car 145.98859 239.17783 149.03915 275.66748 0.9571781
car -2.910204 86.534454 202.87381 325.27023 0.99548686
--
car 104.853935 138.81589 70.341064 116.76834 0.7873688
car 145.82922 238.97961 149.00914 275.2503 0.9563732
car -2.8544962 86.461876 202.99112 325.1235 0.99560964
--
car 104.6598 140.82007 69.88405 120.01459 0.92789245
car 149.20264 252.2943 152.19858 293.92908 0.97517264
car -2.7615917 86.800415 202.9346 325.33508 0.99457365
--
car 105.48997 141.3538 69.52749 124.87773 0.8881684
car 149.87146 260.79126 149.50269 302.71826 0.97114134
car -2.732699 86.58825 202.69681 325.6244 0.9949799
--
car 105.601494 141.38509 69.86212 124.93689 0.8973843
car 150.10135 260.60785 149.56783 302.06464 0.9694198
car -2.6602077 86.623665 202.73389 325.4973 0.99503124
--
car 106.67707 144.16103 70.7127 127.63709 0.8447357
car 156.17973 265.05396 159.05287 322.72177 0.95931804
car -2.830639 86.930405 202.71227 325.71408 0.99501073
--
car 108.24149 150.7149 74.62338 131.33263 0.8368839
car 160.48096 275.19394 160.47124 328.1426 0.93384874
car -2.6537597 86.65185 202.85008 325.79504 0.99544406
--
car 108.2332 150.72191 74.8375 131.31596 0.820013
car 160.3695 275.20044 160.9316 328.0765 0.9351008
car -2.6461065 86.761826 202.82036 325.94177 0.9956223
--
car 108.13259 150.89241 75.488266 133.38728 0.8936194
car 159.22015 281.3205 165.63046 335.45236 0.93276477
car -2.641486 86.56829 202.75555 326.04688 0.9949949
--
car 167.14001 298.4717 177.16316 340.21887 0.7693232
car 111.02367 149.49834 77.888885 138.84305 0.9484585
car -2.3508847 86.454735 203.1444 325.35287 0.99320436
--
car 167.25986 298.0311 176.9761 340.44803 0.76420754
car 111.04378 149.486 77.79778 138.9242 0.9508982
car -2.279445 86.444466 203.08223 325.9709 0.99365956
--
car 175.21252 304.73602 181.98666 347.01578 0.88755983
car 111.17817 151.54332 78.33869 141.96756 0.93313116
car -2.259103 86.39218 202.87553 325.97 0.99381596
--
car 111.646515 153.84778 80.77574 143.36876 0.91023284
car 179.31348 317.28378 186.8114 346.03162 0.9117639
car -2.3559165 86.59176 203.10515 325.44315 0.99509865
--
car 111.52399 153.83208 80.75107 143.20691 0.9148649
car 179.1666 317.36423 186.95593 345.81085 0.9211225
car -2.3642063 86.54585 203.0614 325.31412 0.99486053
--
car 184.46326 319.8738 190.30862 342.2165 0.9001826
car 112.14212 157.52435 83.21661 145.60696 0.9622688
car -2.637552 86.7224 202.93922 325.38104 0.994715
--
car 179.02594 347.37448 178.97856 355.43295 0.50178546
car 112.22974 160.72621 85.05921 148.76466 0.943135
car -2.5956774 86.80621 202.96701 325.58038 0.99481905
--
car 179.25519 347.07205 178.81355 355.44934 0.486627
car 112.356155 160.64801 85.00505 148.72949 0.94324917
car -2.5625932 86.75125 202.96791 325.54 0.9949663
--
car 189.8703 324.22794 214.25177 345.2397 0.790619
car 114.09302 164.28137 86.73844 152.85187 0.9030659
car -2.487849 86.94464 202.92567 325.66412 0.9953305
--
car 200.92963 343.72083 221.62479 355.68924 0.41184086
car 113.93939 166.8662 88.22055 163.35963 0.90851045
car -2.8286004 86.986824 202.99498 325.84222 0.9946323
--
car 200.91476 343.65607 221.71135 355.76025 0.42786902
car 114.071365 166.79889 88.203865 163.37488 0.90884
car -2.8081799 86.91746 203.06683 325.8467 0.9945612
--
car 208.85014 350.47818 229.89352 355.1233 0.62388957
car 116.71004 169.12453 89.62895 164.88065 0.96499944
car -2.7629507 86.988014 202.86652 325.93378 0.99365604
--
car 213.9498 364.63806 242.82616 354.82074 0.39057916
car 117.232346 171.5549 92.70781 168.82034 0.9836973
car -2.4499261 86.456055 202.55875 326.1977 0.99439526
--
truck 213.88478 364.5007 242.78331 354.82944 0.413062
car 117.20339 171.58394 92.72609 168.85243 0.98359895
car -2.4323845 86.43836 202.64308 326.27356 0.9944697
--
car 120.701866 179.20598 96.898125 174.52618 0.94900656
car -2.7512312 86.93059 202.5814 326.60428 0.99422246
--
car 125.61398 181.57614 98.11836 194.06905 0.97701895
car -2.5624073 86.94337 202.81265 326.5193 0.9918966
--
car 125.77283 181.54189 98.14166 194.04384 0.97962487
car -2.48904 86.93127 202.71869 326.51724 0.9926192
--
car 126.58681 185.81221 100.16952 196.08704 0.9913695
car -2.2889829 86.88391 202.68613 326.1182 0.9927834
--
car -2.5951016 86.991776 202.15814 326.465 0.9948135
car 127.925 190.57722 104.73788 200.18771 0.9950723
--
car 129.34099 193.37717 106.418915 204.38817 0.9954394
car -2.3401093 87.60176 202.3312 325.4742 0.9954599
--
car -2.2966504 87.477356 202.40985 325.46674 0.9951947
car 129.3202 193.37494 106.934555 203.63126 0.99561
--
car 130.16498 198.0867 110.04207 219.88925 0.99140906
car -2.7302134 88.17444 201.98033 325.97305 0.9936997
--
car 128.4454 202.09111 110.71895 223.1305 0.9857619
car -2.7215445 88.64791 202.02023 326.3486 0.9941059
--
car 128.33374 202.17317 110.946785 222.57407 0.9867517
car -2.7111018 88.672325 201.8879 326.37106 0.9939971
--
car 362.64563 407.08426 44.31852 71.42054 0.40585107
car 133.19438 209.0402 117.8665 227.99965 0.9914573
car -2.3850417 88.80686 201.6495 326.49347 0.9928304
--
car 362.65482 407.0631 44.349777 71.35883 0.3990915
car 133.1948 209.13155 117.903694 228.05446 0.9914136
car -2.410698 88.951004 201.72932 326.5331 0.9931115
--
car 362.67383 407.08292 44.363983 71.43717 0.38606012
car 133.20412 209.11336 117.84942 228.18968 0.9915215
car -2.4108267 88.98134 201.6951 326.61038 0.9928997
--
car 362.6108 407.07263 44.369267 71.409035 0.37342525
car -2.8410065 89.43625 201.0711 327.14246 0.98884255
car 135.95985 214.5272 124.52928 243.7851 0.99257904
--
car 362.75064 407.02356 44.323963 71.40823 0.38135377
car -2.4021506 89.74076 200.78607 327.1239 0.9894579
car 142.2115 218.75311 129.35088 248.36555 0.9915331
--
car 362.7942 406.9772 44.312916 71.344826 0.37353596
car -2.3815978 89.61312 200.82024 327.22638 0.9902511
car 142.33644 218.50676 129.11847 248.66508 0.9913956
--
car 363.52264 406.89832 44.43238 71.06704 0.34893167
car -2.6333892 90.48234 200.71756 327.7486 0.9916259
car 141.74757 231.01488 136.18611 267.6584 0.9930146
--
car 362.96103 407.04086 44.371216 71.042 0.36598226
car -2.4484098 90.83339 201.04367 326.48438 0.9923787
car 144.39351 234.24689 139.1002 268.78464 0.99472606
--
car 363.00494 407.03424 44.378628 71.02629 0.36118752
car -2.3533094 90.8619 201.18152 326.46124 0.9930109
car 144.33888 234.20341 139.12953 268.59763 0.99445635
--
car 363.09616 406.97992 44.35516 71.000404 0.3540261
car -2.239741 91.053444 200.97243 327.4563 0.98818415
car 146.86955 239.96724 146.82011 275.60126 0.99409795
--
car 363.1462 406.96722 44.385845 71.117714 0.3630578
car -1.9685555 92.7827 201.50436 327.1984 0.9887366
car 152.82726 248.00497 151.13203 294.64197 0.9951961
--
car 363.1762 406.9463 44.367985 71.11822 0.36398077
car -1.9444656 92.5945 201.48741 327.16895 0.9891288
car 152.96942 247.88235 151.28064 294.07916 0.99500304
--
car -2.256235 93.51066 200.5558 327.29242 0.98863155
car 149.16383 261.52295 150.67923 303.81668 0.9954041
--
car 160.77933 272.48325 167.20003 323.23544 0.9732434
car -1.9042003 95.29093 201.01868 326.1444 0.98777586
--
car 160.91014 272.51318 167.43115 323.99503 0.975136
car -1.9322383 95.45684 200.94586 326.00204 0.9872271
--
car 168.01408 289.62534 175.88188 345.04825 0.9554708
car -1.7274213 95.52757 199.95119 326.25357 0.98898476
--
car 179.17488 298.58005 181.4082 347.40094 0.9438363
car -1.6755903 97.971664 199.76634 325.193 0.98614424
--
car 186.64314 308.25238 181.82065 352.59564 0.9568777
car -1.8757617 99.15248 199.90016 326.14316 0.9807376
--
car 186.20113 308.36285 181.8157 352.5805 0.9635476
car -1.9472694 99.17594 199.9561 325.98636 0.98132783
--
car 187.83723 321.35077 186.2339 350.5325 0.84031737
car -2.3677683 100.85306 199.94969 325.74036 0.9715985
--
car 194.48064 317.5125 197.79036 357.47543 0.6495072
car -2.6082516 101.96669 199.48947 326.26746 0.9721651
--
car 194.60873 317.28745 197.46788 358.0268 0.6282444
car -2.5006092 101.884346 199.3119 326.62045 0.9687482
--
car 194.47878 317.40802 196.92688 358.16806 0.6467688
car -2.4691308 102.03192 199.30467 326.7713 0.969062
--
bus 197.06964 343.57135 214.81187 354.6776 0.31313592
car -1.4173329 104.07386 201.98459 312.26767 0.9669926
--
car -1.8922842 103.38368 202.60898 310.16028 0.9717481
--
car 196.83794 369.15036 207.88065 360.64502 0.54035926
car -2.0594573 106.00753 202.16281 306.1428 0.9800433
--
car 218.29353 362.43176 226.58954 357.04163 0.5496921
car -1.4211202 107.983475 202.03845 307.59323 0.97132796
--
car 218.26631 362.3359 226.30943 357.10968 0.5483204
car -1.3696754 107.92326 202.05647 307.00217 0.97012275
--
car 222.6919 360.70102 240.5736 354.35663 0.37584215
car 0.03591299 109.52063 201.16573 308.9267 0.9645021
--
car -0.18599868 111.70063 199.92065 305.32492 0.97323126
--
car -0.038273335 111.7399 199.90584 305.4934 0.9734515
--
car 0.057048798 115.48971 199.32541 303.3578 0.9864617
--
car 1.8179762 116.93946 198.28932 306.25333 0.9853831
--
car 1.8540752 116.85335 198.23006 306.22913 0.9849552
--
car 4.2079678 120.05346 194.3397 302.0105 0.9832646
--
car 6.189183 125.21018 193.92522 299.2737 0.9751129
--
car 5.6115246 124.37632 194.75436 298.7612 0.98139817
--
car 371.79245 409.09116 43.87236 70.32686 0.3272739
car 9.605695 128.07864 194.25356 296.27234 0.9906497
--
car 11.026117 131.88947 192.9851 297.29773 0.9829762
--
car 9.304419 143.09746 192.17522 299.3694 0.98432773
--
car 9.777039 142.6697 192.47694 299.03073 0.98564214
--
car 9.5097685 148.23634 189.86932 299.02545 0.99078834
--
car 15.887268 151.9232 187.42247 300.86258 0.99527895
--
car 15.351663 151.84776 187.22482 300.69595 0.99543965
--
car 21.341564 154.57457 183.61852 298.9659 0.9925109
--
car 21.760891 154.451 183.1143 300.3972 0.9925237
--
car 21.698835 154.46182 183.4561 299.83 0.99315214
--
car 23.795221 159.02861 182.57455 297.69376 0.9963728
--
car 27.724236 162.07352 178.50117 282.89728 0.9976966
--
car 27.852009 162.07535 178.53424 282.8178 0.99774706
--
car 33.33523 165.15352 178.90584 281.2898 0.9981062
--
car 39.392673 169.89673 178.59538 281.15808 0.9989272
--
car 39.33162 169.76826 178.47989 280.9523 0.99892175
--
car 39.712746 174.58643 173.9429 283.7811 0.99765277
--
car 43.578102 182.71173 172.47276 275.9146 0.9980628
--
car 43.346493 182.92645 172.4986 275.15457 0.9980126
--
car 49.345184 186.51956 171.47736 273.34363 0.99841624
--
car 55.623787 192.91354 170.32764 271.31888 0.9985595
--
car 55.82091 192.91014 170.30688 270.81024 0.99875116
--
car 59.072605 199.63571 169.42271 269.35406 0.99856645
--
car 62.338234 202.15916 167.00108 266.5638 0.9989457
--
car 70.04399 204.48767 164.65984 265.71237 0.99887294
--
car 69.93366 204.60905 164.72295 265.36823 0.99884903
--
car 75.63082 212.03516 162.38518 263.90805 0.9991917
--
car 91.52471 221.32057 156.38797 260.63034 0.9985864
--
car 91.40545 221.5513 156.05405 261.4355 0.9985888
--
car 96.951454 226.00374 155.85666 260.01318 0.997116
--
car 98.68799 233.59033 155.42032 256.71475 0.99696714
--
car 98.850395 233.68607 155.58345 256.17435 0.9968572
--
car 103.45944 236.5937 152.95656 253.67865 0.99414146
--
car 103.36339 236.48752 152.95692 253.8033 0.9941526
--
car 103.203064 236.62335 153.1522 253.31233 0.9940485
--
car 108.0309 241.40567 149.67757 254.99689 0.9963914
--
car 111.81466 246.82732 148.97191 255.04941 0.9949906
--
car 111.93284 246.76875 149.00081 255.05214 0.99544877
--
car 117.15 247.30574 146.91527 239.92365 0.99494374
--
car 375.48877 475.87122 274.8015 358.7532 0.84971505
car 119.2068 255.3756 143.4421 240.82422 0.99772245
--
car 375.60944 475.88736 274.7849 358.7603 0.85419774
car 119.18408 255.31128 143.43398 240.7186 0.9978015
--
car 358.9287 476.28455 267.87805 358.96973 0.4143073
car 124.016464 255.80652 143.92378 239.60379 0.99775386
--
car 347.3257 477.06973 249.42444 353.21683 0.7104234
car 125.58918 260.603 142.8177 237.34764 0.9976192
--
car 347.36652 477.06824 249.5477 353.13205 0.71134645
car 125.505684 260.60153 142.8377 237.26486 0.9975619
--
car 327.54022 476.79364 239.00699 356.9153 0.9610949
car 127.29224 262.924 142.89687 235.50812 0.9983009
--
car 317.5858 468.00723 228.93309 352.77524 0.934526
car 129.67908 263.9551 142.70142 235.97598 0.9980863
--
car 317.66986 468.01593 228.89124 352.87912 0.9332609
car 129.64948 264.26678 142.75682 236.07332 0.99820554
--
car 360.78754 407.9583 44.277477 71.51859 0.3390583
car 306.28256 453.43 221.06493 348.77634 0.96330124
car 130.78752 265.3484 142.00212 234.50755 0.99754924
--
car 295.0985 433.6711 201.77336 335.07266 0.9732109
car 132.11276 265.0392 142.75699 234.4352 0.9972377
--
car 282.48184 422.34125 197.07349 329.62964 0.9978389
car 132.81123 264.62897 142.52031 234.71594 0.99793106
--
car 282.34744 422.44604 197.03018 329.6885 0.99778765
car 132.87656 264.72366 142.5576 234.74123 0.99789566
--
car 278.88522 407.336 192.64389 313.40182 0.99691623
car 132.75601 264.71854 142.01367 235.80486 0.99823886
--
car 272.67368 394.7153 184.46173 301.24872 0.9941034
car 131.90355 263.07785 142.55699 235.92982 0.9988041
--
car 272.82147 394.5544 184.52187 301.1119 0.993929
car 132.04634 262.8501 142.39908 235.96002 0.99872375
--
car 259.34464 382.00137 178.37561 297.70264 0.99476844
car 132.48154 260.79398 141.5544 237.22102 0.9992729
--
car 253.72893 369.34274 164.40424 275.50613 0.9902726
car 132.6802 256.56213 140.4814 238.97435 0.9985279
--
car 360.89963 407.98987 44.336926 71.29343 0.31087807
car 253.94312 369.477 164.37518 275.35327 0.9898462
car 132.80666 256.47653 140.44539 238.88861 0.99855703
--
car 247.02493 360.29437 162.25053 264.5772 0.995521
car 133.29591 250.91704 141.28978 238.28682 0.9984457
--
car 360.64096 408.22693 44.232796 71.482285 0.4148142
car 249.46283 346.07672 157.25562 256.28333 0.98465186
car 137.25398 238.5509 139.2189 238.64702 0.9886628
--
car 248.27042 347.07355 158.07228 255.01688 0.9865338
car 137.00421 238.25804 138.19368 239.12468 0.99419
--
car 248.28712 347.08224 157.92952 255.10527 0.9862822
car 136.79326 238.67177 138.14537 239.1338 0.994014
--
car 243.92728 342.52515 149.00296 256.76224 0.9494156
car 137.24084 235.58458 136.75934 237.87715 0.988073
--
car 243.78554 342.60797 148.9123 257.04895 0.9505584
car 137.18802 235.60155 136.8751 238.0975 0.98847395
--
car 247.27615 336.8323 141.63591 246.237 0.95716715
car 136.93784 235.33476 136.24927 237.81714 0.97553325
--
car 243.4768 335.09906 139.483 244.05104 0.9629932
car 136.89372 234.93166 137.03358 234.26564 0.9697424
--
car 243.25366 335.01263 139.48366 244.20277 0.9632151
car 136.8973 234.88483 136.97691 234.41878 0.97046834
--
car 243.50954 332.9192 138.93645 239.80074 0.94288737
car 137.28267 234.49258 136.69887 229.37254 0.9536946
--
car 135.25157 226.50441 139.82535 230.08788 0.9350694
car 238.65219 330.56046 139.2195 236.97014 0.9512603
--
car 135.04057 226.6123 139.69577 229.75143 0.9338899
car 238.65312 330.73212 139.17856 236.5921 0.95127285
--
car 135.62816 224.4955 139.89511 229.91994 0.93362784
car 232.64577 327.6259 138.90285 233.18417 0.94932234
--
car 230.8073 325.18414 138.27385 233.02354 0.95833915
car 136.89629 220.77284 137.6547 229.84201 0.9624794
--
car 230.17244 323.47235 137.81308 230.96826 0.95710033
car 136.85721 218.81021 137.16495 232.0452 0.9806837
--
car 230.23573 323.476 137.74431 230.9839 0.9573858
car 136.86333 218.81274 137.16365 232.0349 0.9809166
--
car 227.02812 321.68958 137.5343 231.69777 0.961815
car 138.10547 218.61322 136.38191 234.19804 0.97711873
--
car 225.91006 319.2534 135.38266 231.15146 0.9479397
car 141.07321 216.64621 136.38095 216.61188 0.9577635
--
car 225.67343 319.40225 135.3159 231.08034 0.95008695
car 141.13824 216.72556 136.30284 216.62915 0.95809174
--
car 226.26497 318.31473 134.75104 231.128 0.9479701
car 140.64929 219.96574 135.14133 237.68239 0.9739906
--
car 227.96451 317.6506 135.17601 231.07521 0.95954096
car 143.48862 219.39407 135.3892 212.32375 0.9792853
--
car 227.94293 317.79617 135.11443 231.066 0.9593013
car 143.41791 219.43193 135.42493 212.15314 0.979047
--
car 227.73105 316.90924 134.61119 231.0418 0.96653783
car 144.14325 219.73003 135.53058 210.28654 0.9805085
--
car 225.66705 314.54044 138.45044 216.05629 0.9667451
car 144.32748 220.57588 135.26909 209.84303 0.96914214
--
car 228.54695 316.8514 134.08157 230.95146 0.9632923
car 144.31088 220.66776 135.11678 209.89886 0.96814835
--
car 228.20474 317.4378 134.22858 231.40154 0.9577505
car 142.765 229.695 127.11508 223.81528 0.9644868
--
car 227.00542 318.20013 132.21814 231.19757 0.94986707
car 142.89053 222.41629 134.71283 208.99814 0.9626794
--
car 227.12021 318.1834 132.22969 231.21173 0.94709015
car 142.95993 222.32393 134.68471 208.93134 0.96190596
--
car 226.9652 318.18478 132.15619 231.1148 0.9484992
car 142.88 222.36678 134.7262 208.94206 0.96558386
--
car 226.8147 318.15335 132.16934 230.9391 0.9213567
car 142.97661 221.67447 135.0591 209.12581 0.9552779
--
car 227.031 318.07648 132.18477 230.9017 0.91727155
car 143.05011 221.65558 134.95024 209.28682 0.94865185
--
car 225.98784 318.83304 133.47672 231.81882 0.92911446
car 142.76106 221.3867 134.85168 210.30247 0.94064
--
car 225.05917 317.31204 132.7254 231.61777 0.9161474
car 142.93117 220.82367 134.74335 210.56033 0.9484713
--
car 225.0297 317.42157 132.5779 231.4728 0.91200423
car 142.91948 220.71791 134.65726 210.54964 0.9441624
--
car 225.15532 318.4829 132.58171 231.49463 0.91506106
car 142.85333 219.72205 135.01772 211.06668 0.9584321
--
car 225.42064 318.77313 132.89098 231.23796 0.8951607
car 142.83353 219.28012 135.06935 210.95071 0.9358365
--
car 225.01479 318.24008 132.84724 230.97163 0.89684635
car 142.71611 219.37126 135.2333 211.45508 0.93256813
--
car 224.76405 318.05215 132.92247 230.98222 0.90116405
car 142.62206 219.5157 135.33144 211.41757 0.94480836
--
car 224.50255 317.57214 132.73763 231.1607 0.90381753
car 142.89175 219.00961 135.15105 211.05519 0.9501383
--
car 224.84766 316.84265 133.00754 231.28362 0.9257737
car 143.09296 220.3098 134.86786 210.83958 0.93935597
--
car 224.74974 316.87698 132.98035 231.31851 0.9280812
car 143.10806 220.15527 134.96234 210.8748 0.93271655
--
car 224.41069 316.58908 132.91422 231.43216 0.9195569
car 143.67378 219.7662 135.03233 210.74481 0.9486889
--
car 223.96796 316.77786 132.6019 231.26093 0.916437
car 143.86221 220.0492 135.27803 211.3086 0.93159723
--
car 223.82 316.45865 132.73909 231.27057 0.9118104
car 143.90862 219.86179 135.26729 211.50671 0.92813385
--
car 223.33054 315.9867 132.62015 231.41801 0.91745234
car 143.91116 219.75842 135.18465 211.32655 0.91917384
--
car 223.51126 315.5056 132.40092 231.52008 0.92888606
car 143.66208 219.79573 135.38411 211.82718 0.9450278
--
car 223.46112 315.38263 132.32706 231.26692 0.923717
car 143.63016 219.86377 135.34764 211.75336 0.9522948
--
car 223.35478 315.82422 132.18086 231.38353 0.9226403
car 143.54724 219.62746 135.2271 211.89812 0.9507391
--
car 223.00493 315.48166 132.39777 231.1789 0.921499
car 143.44263 219.83878 135.08601 212.01717 0.95612335
--
car 223.03697 315.48468 132.49963 231.28036 0.914594
car 143.28284 219.81085 135.12704 212.2535 0.95138806
--
car 363.00378 406.99768 43.764057 71.9291 0.30272496
car 224.263 316.38394 132.5555 231.10759 0.9341676
car 143.22136 219.73825 135.33824 211.42432 0.9479515
--
car 362.93777 406.99994 43.742847 71.91396 0.3127704
car 224.05563 316.34708 132.3896 231.07962 0.93761706
car 143.20522 219.4041 135.20421 211.56366 0.9541438
--
car 362.97034 406.98105 43.73587 71.91223 0.3151722
car 223.7436 316.2597 132.20451 230.80943 0.935176
car 143.20798 219.49603 135.19998 211.75127 0.95649624
--
car 362.98956 407.00836 43.769913 71.88372 0.3006353
car 223.7756 316.20923 132.23064 230.60556 0.930729
car 143.13666 219.55412 135.371 211.93753 0.9602708
--
car 224.05841 316.79572 132.45097 230.80058 0.9248582
car 143.33 219.55777 135.23624 211.43523 0.955696
--
car 363.09213 407.0046 43.81418 71.84059 0.30026874
car 224.08667 316.88028 132.4396 230.94414 0.9218712
car 143.3188 219.57974 135.2491 211.30165 0.9553514
--
car 223.1246 316.1845 132.10924 231.07936 0.9474989
car 143.2011 219.85281 135.25389 211.65314 0.96861905
--
car 223.33919 316.0648 131.99017 230.88284 0.94419485
car 143.10883 220.11371 134.99788 211.51242 0.9593388
--
car 223.79132 316.08044 131.64163 230.62346 0.9495035
car 143.1474 220.46326 135.2736 211.35208 0.9620924
--
car 223.6033 315.8056 131.38391 230.69577 0.9498109
car 143.09264 220.4254 135.27905 211.39545 0.96059614
--
car 223.35968 315.16837 131.04826 230.56102 0.9554213
car 143.15631 220.68214 135.21844 211.69029 0.96450347
--
car 222.97427 315.14478 130.79381 230.26389 0.95897907
car 143.29655 220.20137 135.13806 210.98145 0.9661043
--
car 361.67795 407.48276 43.704037 72.74339 0.5368876
car 223.85786 316.52396 131.60982 230.69144 0.95382744
car 143.29608 220.24622 135.12245 210.55733 0.97518253
--
car 361.89636 407.3543 43.759678 72.62831 0.5018919
car 223.55772 316.29706 131.59332 230.5883 0.95228416
car 143.19305 220.21265 135.19946 210.75302 0.97097445
--
car 361.16962 407.3513 43.733124 72.51718 0.47857687
car 223.54803 316.22342 131.49902 230.68942 0.9487253
car 143.15434 220.2149 135.23018 210.40048 0.96964854
--
car 361.04684 407.31628 43.81937 72.44834 0.44256157
car 223.54114 315.91647 131.41074 230.73666 0.9456324
car 143.08946 220.26149 135.1991 210.67484 0.9721131
--
car 361.1819 407.35428 43.742268 72.49054 0.42787603
car 223.39099 316.1156 131.21399 230.69695 0.9473821
car 143.24721 220.14914 135.08382 210.58054 0.97413427
--
car 361.2611 407.37845 43.730778 72.40358 0.40523592
car 223.44968 315.81567 131.06398 230.65341 0.9400015
car 143.11652 220.18001 135.14896 210.69626 0.97223777
--
car 361.53983 407.30103 43.72034 72.47655 0.41986457
car 223.58113 315.6995 131.14542 230.57977 0.93402874
car 143.1285 220.18509 135.14331 210.63692 0.96831447
--
car 361.26642 407.31625 43.68571 72.47222 0.38655567
car 223.87788 315.65857 131.43655 230.9419 0.93448293
car 142.92932 220.38875 135.15942 210.8391 0.97087574
--
car 224.17992 315.17715 131.56396 230.80763 0.925894
car 142.94102 220.40929 135.02547 210.59189 0.9687574
--
car 361.03525 407.22046 43.771893 72.36341 0.31532252
car 224.16284 314.9816 131.21082 230.66122 0.9302328
car 142.97084 220.34601 135.06474 210.60402 0.97058964
--
car 361.56924 407.1115 43.889668 72.28833 0.34422222
car 224.47128 314.98477 131.5522 230.64227 0.93717104
car 143.10696 220.2443 134.96367 210.64102 0.97005224
--
car 361.45993 407.08047 43.895626 72.43961 0.32231665
car 224.66595 314.9762 131.19365 230.51259 0.9401271
car 143.22269 220.18187 135.06184 210.58441 0.9738047
--
car 224.0524 315.46558 131.84514 231.1258 0.9339013
car 143.7069 219.67477 135.28035 210.2642 0.95106685
--
car 224.2051 315.3855 131.98495 231.14812 0.93227005
car 143.72267 219.69597 135.25282 210.36063 0.946012
--
car 224.54344 315.36008 132.05612 231.31133 0.9342043
car 143.57191 220.09795 135.45534 210.67203 0.95428795
--
car 224.57437 315.3763 131.97421 231.22655 0.9334656
car 143.62675 220.00514 135.43498 210.82086 0.9541959
--
car 224.77473 315.29932 132.41516 231.28337 0.93321586
car 143.53046 220.33931 135.24605 210.81041 0.94924235
--
car 224.56448 315.54547 132.25235 231.42558 0.93423414
car 143.59622 220.16791 135.298 210.4268 0.96161723
--
car 224.59015 315.355 132.32083 231.44452 0.93215305
car 143.61769 220.18831 135.24045 210.65997 0.9549031
--
car 224.5357 315.5894 132.62537 231.64111 0.9338506
car 143.69626 220.09769 135.22812 210.61847 0.9568664
--
car 224.6858 315.15225 132.7321 231.63373 0.9480338
car 143.6382 220.17386 135.16527 210.47011 0.9602531
--
car 224.3965 315.3443 132.56195 231.80392 0.9462046
car 143.67636 220.10127 135.12953 210.40729 0.9598359
--
car 224.34384 315.31094 132.40015 231.69673 0.9403716
car 143.68939 220.03618 135.09407 210.53015 0.9574099
--
car 224.45117 315.3656 132.92719 231.78809 0.93914765
car 143.75562 220.06537 135.0153 210.5795 0.95618707
--
car 143.7269 220.03908 135.24524 211.4347 0.9413185
car 224.41618 315.19266 133.0906 231.25517 0.94459194
--
car 143.72578 220.0734 135.23318 211.45824 0.9397082
car 224.45554 315.27722 133.32541 231.17758 0.94611895
--
car 143.67165 220.1461 135.2482 211.28236 0.94842905
car 224.77362 315.1786 133.23073 231.42622 0.95154095
--
car 143.73471 220.01129 135.21265 211.51561 0.9408755
car 224.83969 315.0653 133.31195 231.32304 0.9476976
--
car 143.66862 220.0888 135.22148 211.3251 0.9457734
car 224.95883 315.07956 133.23541 231.2422 0.94987154
--
car 143.73256 220.2394 135.30574 211.1325 0.9205029
car 225.07684 315.3997 133.44376 231.76921 0.951084
--
car 143.64886 220.28174 135.32512 211.1465 0.9340799
car 225.31357 315.0603 133.55124 231.92264 0.95122516
--
car 143.63821 220.31764 135.21419 211.00586 0.9339504
car 225.2486 315.04535 133.42696 231.83438 0.9535782
--
car 143.68547 220.37296 135.29079 210.80138 0.9455648
car 225.31319 315.22006 133.78629 232.16736 0.9575565
--
car 143.7327 220.39241 135.27283 210.79913 0.93444735
car 225.31033 314.8398 134.26027 232.2911 0.95498353
--
car 143.74414 220.35468 135.26836 210.79764 0.9399414
car 225.09874 315.10727 134.0857 232.39418 0.9567406
--
car 143.74815 220.32864 135.29245 210.82437 0.9476133
car 224.92047 315.12372 133.76752 232.40192 0.9566322
--
car 224.52039 317.24005 133.27525 231.29729 0.95860296
car 143.14339 220.09698 135.1247 210.45444 0.96464896
--
car 224.64061 316.91003 133.17853 231.18611 0.95470035
car 143.08377 220.14879 135.14923 210.44466 0.96601343
--
car 224.565 317.2415 133.00209 231.41766 0.9568356
car 143.04265 220.18701 135.17847 210.39775 0.9698735
--
car 224.7142 317.041 132.99823 231.58267 0.9632059
car 143.04015 220.243 135.26947 210.2706 0.9734666
--
car 224.68265 316.92053 132.83902 231.59908 0.96488297
car 143.04938 220.16458 135.24985 210.21161 0.9731966
--
car 224.68031 316.92883 132.93896 231.58182 0.9652562
car 143.04808 220.15552 135.23457 210.19893 0.9739907
--
car 224.77988 316.69968 132.65031 231.77296 0.96558124
car 143.04732 220.21811 135.29985 210.14125 0.9756375
--
car 224.84769 316.57745 132.78519 231.49915 0.9642153
car 143.07002 220.0824 135.30519 210.09052 0.97536874
--
car 224.96228 316.4689 132.84996 231.66362 0.9651407
car 143.01234 220.22083 135.32552 210.0925 0.9753929
--
car 224.91328 316.4106 132.64996 231.48 0.96632135
car 143.01677 220.21092 135.3432 210.08539 0.97625864
--
car 224.92953 316.4115 132.53368 231.45934 0.966777
car 143.08408 220.14264 135.36292 210.01965 0.9755898
--
car 225.15965 316.47702 132.38559 231.50185 0.97014534
car 143.10318 220.17009 135.37733 209.9588 0.9775943
--
car 225.43613 315.3012 132.73117 231.29196 0.9702099
car 142.93588 220.63303 135.1229 210.25008 0.9766339
--
car 225.7027 315.23138 132.26674 231.37656 0.97187907
car 142.94392 220.67426 135.12473 210.352 0.9758055
--
car 225.35645 314.99936 132.32716 231.36562 0.9723486
car 142.93633 220.69827 135.07695 210.11627 0.9756668
--
car 225.25095 315.26358 132.40965 231.56924 0.9743175
car 142.9256 220.61566 135.14537 210.18066 0.9764239
--
car 225.06873 315.72757 132.44638 231.57321 0.9697304
car 142.8924 220.70958 135.05408 210.00357 0.9757679
--
car 225.002 315.36295 132.45836 231.65233 0.9711889
car 142.92401 220.6127 135.17729 209.96625 0.97581714
--
car 224.93921 315.53372 132.07283 231.78603 0.9714858
car 142.92249 220.65141 135.20563 209.9967 0.9751528
--
car 225.05045 315.62912 132.44208 231.79813 0.96992177
car 142.93015 220.65 135.20282 210.10812 0.97678125
--
car 224.95663 315.75983 132.62387 231.8989 0.9701137
car 142.88635 220.69055 135.14674 209.94455 0.9765007
--
car 224.93205 315.40726 132.7912 231.82697 0.9707521
car 142.9032 220.58301 135.23451 209.95364 0.97634584
--
car 224.4849 315.60492 132.83546 231.76018 0.97051144
car 142.88664 220.64124 135.16792 209.97311 0.97465914
--
car 224.62773 315.28467 132.96652 231.87785 0.96784604
car 142.84207 220.69997 135.13481 210.01527 0.9758336
--
car 225.28384 314.93045 133.65977 231.53899 0.9639863
car 143.52945 220.11832 135.01324 209.67984 0.97223455
--
car 225.49405 314.93768 133.82579 231.60034 0.9650421
car 143.57295 220.11264 135.0703 209.61012 0.9745509
--
car 225.57692 314.75787 133.74937 231.78925 0.96384305
car 143.54971 220.15434 135.08545 209.59293 0.9748651
--
car 225.65298 314.78534 134.03502 231.72522 0.95979416
car 143.53566 220.20172 135.03973 209.6568 0.9735536
--
car 225.52904 315.00296 134.07964 231.66553 0.95897293
car 143.50128 220.21527 135.02368 209.72394 0.9753468
--
car 225.49332 315.3779 134.21605 231.6997 0.95696956
car 143.4821 220.31479 134.99092 209.82555 0.97235554
--
car 225.71529 315.45425 134.15071 231.80397 0.9597796
car 143.47583 220.34085 135.00864 209.71649 0.97446537
--
car 225.74858 315.4484 134.24954 231.77385 0.9595961
car 143.45126 220.35072 134.98651 209.71321 0.97488284
--
car 225.60065 315.3585 134.16731 231.60927 0.95868653
car 143.46317 220.33673 134.99536 209.74643 0.9745001
--
car 225.55652 315.19684 134.20062 231.68127 0.9578606
car 143.45667 220.35062 134.99678 209.72476 0.9749454
--
car 225.53665 315.14142 133.9311 231.51245 0.95703816
car 143.48347 220.31882 134.95813 209.79846 0.97442836
--
car 225.59995 315.2965 133.93872 231.65709 0.9566913
car 143.46568 220.325 134.9868 209.93858 0.97441703
--
car 224.94696 315.44284 134.09749 232.00949 0.9525696
car 143.54147 220.27048 135.19102 209.60028 0.9761718
--
car 224.91672 315.39984 133.98326 231.97649 0.95527065
car 143.55344 220.23668 135.17595 209.57716 0.9758678
--
car 224.93033 315.6137 133.86499 231.96527 0.9519219
car 143.54987 220.29587 135.21794 209.48196 0.9767747
--
car 224.89801 315.7084 133.90515 231.99211 0.9515293
car 143.56433 220.32947 135.21233 209.47272 0.9764801
--
car 224.95268 315.89728 134.05864 231.87148 0.9506422
car 143.617 220.27142 135.18456 209.43343 0.97473013
--
car 224.92133 315.9689 133.94427 231.88225 0.953184
car 143.61606 220.25797 135.16928 209.4759 0.9745706
--
car 224.86948 315.89963 134.07 231.81267 0.9502731
car 143.66696 220.1632 135.1614 209.51202 0.9743367
--
car 224.75386 315.92535 134.17465 231.68329 0.94855195
car 143.69876 220.06805 135.15013 209.5882 0.9751922
--
car 224.8598 316.05035 134.0238 231.60335 0.950405
car 143.62695 220.14853 135.14302 209.59145 0.9762435
--
car 224.82233 315.89825 133.92365 231.60432 0.94820803
car 143.66418 220.13614 135.11913 209.61382 0.9747055
--
car 224.93039 315.93088 134.09647 231.80453 0.949787
car 143.6618 220.1378 135.14162 209.6465 0.9766252
--
car 224.87097 315.809 134.10777 231.88536 0.9486225
car 143.63248 220.13197 135.18317 209.69514 0.9757922
--
car 224.9068 316.21835 133.95282 231.62033 0.95606107
car 143.2442 220.25043 135.38245 209.90152 0.9740928
--
car 225.13959 316.27066 134.01814 231.55888 0.95630324
car 143.24573 220.29977 135.32347 209.91536 0.9737697
--
car 225.15561 316.5471 133.98235 231.62527 0.9567564
car 143.22955 220.34464 135.35165 209.81189 0.9765805
--
car 225.12122 316.96808 133.78563 231.64429 0.9585791
car 143.17119 220.35497 135.38449 209.84218 0.97656417
--
car 225.05075 316.68503 133.5821 231.67616 0.9604771
car 143.18782 220.35425 135.36537 209.82968 0.97658247
--
car 225.22849 316.7291 133.56503 231.60214 0.96129465
car 143.20685 220.27843 135.38014 209.85808 0.9760419
--
car 224.86096 316.61682 133.70265 231.64009 0.961531
car 143.2078 220.28644 135.3278 209.89735 0.9750178
--
car 224.91023 316.37708 133.6482 231.61267 0.9607695
car 143.2404 220.28389 135.31284 209.81319 0.9751586
--
car 224.9313 316.38678 133.61386 231.64378 0.9608225
car 143.26523 220.29895 135.30956 209.8668 0.9752531
--
car 225.13518 316.42773 133.53236 231.66435 0.96119124
car 143.25061 220.32072 135.35138 209.84775 0.9757699
--
car 225.21037 316.36868 133.6423 231.66833 0.9607783
car 143.22562 220.31264 135.36626 209.72104 0.97608244
--
car 225.21205 316.33255 133.83311 231.64589 0.95856506
car 143.24951 220.289 135.38968 209.75821 0.9754527
--
car 225.03456 315.9872 133.09737 231.80196 0.9649434
car 143.33186 220.44487 135.36433 210.15869 0.97954905
--
car 225.31474 316.03568 133.41603 231.65686 0.9653304
car 143.31224 220.49669 135.35606 210.28094 0.9791602
--
car 225.28789 315.84567 133.43208 231.72522 0.9658545
car 143.31021 220.51675 135.42409 210.22482 0.9801473
--
car 225.07903 315.7981 133.02623 231.52467 0.9673185
car 143.28375 220.54298 135.34557 210.28564 0.9810296
--
car 359.57275 407.57346 44.11328 71.4424 0.3112914
car 225.13667 315.71152 132.9256 231.86148 0.9678243
car 143.28947 220.52641 135.39325 210.45195 0.98233515
--
car 359.3232 407.65952 44.23042 71.32296 0.3389181
car 224.99121 315.81067 132.67271 231.73358 0.97024316
car 143.26707 220.54262 135.43147 210.42659 0.98213464
--
car 359.48438 407.6643 44.156704 71.37907 0.33763123
car 225.26395 315.5493 132.73337 231.7185 0.970378
car 143.24928 220.53754 135.40836 210.54866 0.9821372
--
car 359.58246 407.66727 44.18817 71.348175 0.31462723
car 224.98181 315.64062 132.53586 231.68286 0.9696995
car 143.27052 220.49304 135.37431 210.53981 0.98045313
--
car 359.6139 407.56052 44.15854 71.36507 0.31092107
car 224.91139 315.21603 132.40437 231.74588 0.9720948
car 143.33983 220.48766 135.39261 210.43277 0.97996837
--
car 359.47275 407.62186 44.204365 71.284004 0.30717483
car 225.06918 315.37296 132.62067 231.66821 0.96876144
car 143.31499 220.50917 135.41653 210.38046 0.97877926
--
car 359.3322 407.7145 44.157173 71.41577 0.35443968
car 224.91525 315.59183 132.3027 231.52637 0.9698511
car 143.35426 220.41548 135.4064 210.22974 0.97977155
--
car 359.6537 407.7171 44.188225 71.45857 0.34407347
car 224.94746 315.84137 132.45264 231.50717 0.9720475
car 143.2842 220.4939 135.44952 210.21109 0.9809478
--
car 224.9915 315.129 133.97981 232.0921 0.96593344
car 143.02222 220.74426 135.37856 210.8334 0.9819122
--
car 224.89272 314.93735 133.96582 232.20755 0.96442944
car 143.04314 220.72134 135.37238 210.85718 0.98131764
--
car 224.88945 314.80682 133.72742 232.3458 0.96158046
car 143.06268 220.66821 135.36751 210.78241 0.9805809
--
car 224.7839 315.05753 134.00864 232.30336 0.9641647
car 143.00824 220.71321 135.40688 210.71255 0.9820702
--
car 224.66043 314.0212 133.05109 231.98972 0.9621377
car 143.01982 220.72635 135.34103 210.70906 0.9827465
--
car 224.89171 314.0766 133.0478 232.039 0.9625185
car 143.04529 220.6861 135.32436 210.64293 0.9828775
--
car 224.71863 313.82526 133.22891 231.98235 0.9632775
car 143.03189 220.63087 135.32068 210.77277 0.98243016
--
car 224.58307 314.13022 133.023 231.926 0.9637784
car 143.10268 220.55362 135.2764 210.79749 0.9819024
--
car 224.66946 314.05618 132.9704 231.87756 0.9642599
car 143.07986 220.57974 135.3009 210.72676 0.9822717
--
car 224.89325 313.88382 133.04317 231.97427 0.96651524
car 143.08278 220.56004 135.28584 210.72037 0.9823139
--
car 224.96136 313.86758 133.14249 231.99979 0.9650351
car 143.09575 220.56375 135.31172 210.7457 0.9818501
--
car 224.77472 313.84415 133.03784 232.13219 0.96767193
car 143.0948 220.5526 135.3393 210.77112 0.9824584
--
car 359.9119 407.43063 43.89923 71.42772 0.33994812
car 224.19629 313.46225 131.09326 231.4826 0.96386236
car 143.16278 220.59789 135.2535 210.44408 0.9829079
--
car 224.01152 313.2336 130.86166 231.338 0.9630003
car 143.15399 220.60777 135.26569 210.50925 0.98315
--
car 224.10872 313.30588 130.95872 231.46341 0.9653174
car 143.09796 220.65897 135.28777 210.47122 0.9838563
--
car 224.11607 313.46957 130.29929 231.4551 0.9640283
car 143.11414 220.64914 135.2526 210.47054 0.98402506
--
car 224.51173 313.49115 130.31079 231.23631 0.96350116
car 143.16318 220.56166 135.21678 210.54866 0.98228973
--
car 224.56511 313.38892 130.33557 231.12415 0.963669
car 143.17432 220.54536 135.19066 210.48077 0.98171437
--
car 224.85638 313.20123 131.24738 231.18193 0.9607401
car 143.11996 220.69351 135.13675 210.58604 0.98011446
--
car 224.96678 313.21768 131.76245 231.16878 0.9642988
car 143.15494 220.66693 135.13481 210.42912 0.98370403
--
car 225.07034 313.2083 131.69667 231.26346 0.9660609
car 143.17961 220.63509 135.17677 210.39384 0.98377126
--
car 225.73088 314.15796 132.3518 231.09113 0.96091264
car 143.17354 220.62836 135.22444 210.37201 0.98361343
--
car 225.58197 314.2422 133.33183 230.82524 0.96829045
car 143.26733 220.47147 135.22998 210.29553 0.9866337
--
car 225.5799 314.08038 133.12001 230.68195 0.9686618
car 143.24466 220.48784 135.22543 210.30467 0.9865235
--
car 226.56146 315.07025 134.85875 230.4162 0.96166945
car 143.64687 220.1276 134.9955 210.01294 0.97386503
--
car 227.28113 315.56238 135.2714 230.54033 0.965853
car 143.66896 220.12968 135.04103 210.00491 0.97564024
--
car 227.965 316.10635 135.34285 230.65225 0.96691006
car 143.72186 220.09996 134.92413 209.90938 0.97648585
--
car 227.80547 315.97635 135.15091 230.60721 0.9672768
car 143.72318 220.0635 134.92737 209.91287 0.976688
