--
car 137.20677 167.3847 50.751827 78.74406 0.59415835
car 87.30116 105.77502 43.84944 67.8071 0.729177
car 346.73648 402.19507 62.82422 108.74317 0.93519574
--
car 136.93039 166.23839 49.896374 78.74338 0.67382175
car 88.354614 106.87852 44.653732 69.41494 0.71525407
car 342.9052 401.10895 67.47937 109.26231 0.912757
--
car 136.64554 164.5776 51.152267 77.46974 0.79186463
car 341.22626 399.3236 68.291275 109.23083 0.84162116
car 88.29116 107.43126 44.655502 70.79942 0.8842001
--
car 136.63008 164.52669 50.927383 77.53427 0.80811536
car 341.28812 399.2502 68.49777 109.08198 0.8356025
car 88.26295 107.40748 44.76159 70.69337 0.8952345
--
car 136.71857 163.5137 51.1024 75.91418 0.8533804
car 89.15338 107.933395 44.3125 71.617096 0.89365375
car 334.7465 393.73645 70.07791 109.3864 0.9382805
--
car 136.73053 163.57663 51.020702 75.95387 0.852628
car 89.150986 107.91683 44.321453 71.64449 0.8901985
car 334.8388 393.68573 70.11377 109.442 0.94405425
--
car 136.23248 162.14229 49.472 75.79274 0.8976101
car 89.80282 108.27692 44.837715 72.29688 0.90893036
car 330.34943 388.45526 70.117165 112.326904 0.934402
--
car 326.53027 386.02197 70.353004 115.25619 0.65352404
car 135.61186 162.25485 47.49696 75.94752 0.8618069
car 91.08683 109.27806 49.386494 74.06562 0.88348997
--
car 326.65677 385.84344 70.47568 115.05326 0.6348288
car 135.77336 162.17642 47.671352 75.97011 0.8339577
car 90.904236 109.313156 49.340416 73.99471 0.8758788
--
car 322.57404 384.0415 70.635185 116.72263 0.6729272
car 134.51787 162.1579 44.716866 73.18894 0.7917421
car 91.10296 109.70217 48.582657 75.962456 0.8834188
--
truck 320.48062 383.2285 71.411415 117.62671 0.5973234
car 81.65686 92.94664 34.81305 52.625626 0.4350439
car 133.49557 159.53664 44.669983 72.5546 0.89677185
car 92.114876 112.129745 50.428127 77.26114 0.8971212
--
truck 320.6671 383.02853 71.15377 117.71072 0.64719224
car 81.74725 92.991974 34.762302 52.66826 0.4125897
car 133.49046 159.53333 44.74474 72.52562 0.88409567
car 92.15309 112.11224 50.3637 77.268936 0.89631534
--
car 80.80706 93.685616 34.608223 53.351814 0.3330291
car 310.0755 376.5548 73.20003 120.15871 0.6266501
car 92.85057 112.74857 51.604683 78.69641 0.9519972
car 132.21883 158.37717 46.056652 70.61869 0.9645604
--
car 306.5993 371.99838 73.92195 125.14148 0.60682344
car 130.36641 157.54585 45.28365 70.18642 0.94265354
car 93.02541 113.73041 52.97914 80.43405 0.94612956
--
car 306.52957 372.0581 73.95012 125.19906 0.61449575
car 130.29689 157.47249 45.281883 70.15231 0.9390655
car 93.022736 113.701065 52.943382 80.46629 0.94123286
--
car 439.79623 471.6285 46.781685 75.81684 0.4118999
car 301.91946 368.6705 75.12411 127.02017 0.8090055
car 128.76587 155.96971 45.225876 68.55007 0.91733617
car 93.48837 114.549225 52.99669 81.881004 0.9196201
--
car 438.7205 472.11343 46.85382 75.881744 0.3928018
car 93.73925 115.15247 52.733532 83.18151 0.61186975
car 128.37463 155.37688 44.88083 67.78066 0.883346
car 290.3056 363.88727 83.309555 130.53903 0.92891234
--
car 438.74496 472.43756 46.97495 75.78609 0.3569895
car 93.909256 115.26931 52.797913 83.09462 0.6265579
car 128.35774 155.36864 44.815434 67.884544 0.8867729
car 290.26874 364.10632 83.288536 130.51817 0.9277713
--
car 93.997 117.256584 55.707535 86.69445 0.7133968
car 128.21255 153.93109 43.852707 67.520355 0.90493315
car 284.4167 358.51553 82.00686 131.78491 0.972765
--
car 93.95523 117.286316 55.74899 86.70386 0.7227605
car 128.20117 153.91084 44.057095 67.456184 0.89893186
car 284.32446 358.56302 81.94354 131.84465 0.9669832
--
car 95.02113 118.85202 57.0692 88.27678 0.7986533
car 281.79083 354.5557 81.76441 132.91428 0.8415835
car 127.89034 152.24767 42.359516 66.466446 0.88980275
--
car 95.35599 121.10368 58.252327 90.611115 0.89337254
car 127.33619 151.83267 42.219364 64.477234 0.9278332
car 271.0428 352.06488 85.14214 133.00758 0.975393
--
car 435.61374 463.75644 47.49835 76.47103 0.3193899
car 95.35153 121.09639 58.217148 90.73555 0.87197363
car 127.36676 151.85551 42.317722 64.33781 0.9183753
car 270.86957 352.0629 85.12636 132.9992 0.9758111
--
car 434.74707 463.37115 48.625458 76.70034 0.32664946
car 78.539795 94.73566 38.96412 57.07729 0.34466264
car 127.00416 151.80624 41.959904 64.07845 0.94748443
car 95.14771 123.416435 59.29814 93.24002 0.95480055
car 266.89606 346.43484 86.67344 136.20496 0.96670026
--
car 95.392136 124.05513 59.42428 94.9189 0.84563375
car 125.668 149.82706 40.742615 65.16559 0.9252103
car 261.32013 341.8706 86.9939 140.23741 0.95059025
--
car 95.420746 124.06115 59.488644 94.89012 0.8439266
car 125.69196 149.81047 40.789005 65.13833 0.92475957
car 261.3003 341.83957 86.95997 140.3093 0.9562007
--
car 76.833206 95.00461 30.66722 59.167015 0.37450024
car 98.827644 125.64324 62.017586 97.259 0.87123185
car 125.12511 149.66565 40.963615 63.782223 0.9271991
car 251.76756 334.89703 90.23766 142.8108 0.95900565
--
car 77.33216 95.82945 31.985851 60.0814 0.65318716
car 99.07274 126.43138 63.644733 97.90903 0.91783416
car 124.69404 148.2392 42.12379 61.79726 0.92387694
car 245.35397 330.92242 88.881355 145.43785 0.97423035
--
car 77.462685 95.8573 31.74222 60.13919 0.6598756
car 99.02686 126.42474 63.606033 97.9267 0.92234606
car 124.638565 148.19382 41.961517 61.92357 0.9332238
car 245.29175 331.0539 89.33181 145.45105 0.97746074
--
car 77.09264 96.75096 32.042824 61.398155 0.7765644
car 100.08806 128.73984 65.69705 103.50385 0.80060446
car 123.77466 147.44742 39.597126 60.510914 0.95367676
car 240.0836 323.9463 91.06868 149.39067 0.97251844
--
car 100.105194 128.70572 65.77136 103.47177 0.7667906
car 77.12415 96.73848 32.06187 61.443947 0.77936244
car 123.7964 147.46562 39.548355 60.56885 0.95379084
car 240.27917 323.972 91.117775 149.28261 0.9723495
--
car 100.26483 129.90384 66.38322 105.71407 0.566094
car 77.22983 96.77455 31.87509 62.196777 0.6688058
car 122.87963 146.31786 39.66513 60.032387 0.95361984
car 226.59552 322.16428 98.43212 153.0323 0.980783
--
car 77.273544 97.269684 30.560398 63.05904 0.56459343
car 102.473434 130.87071 66.17264 106.903725 0.767936
car 122.41626 145.88142 39.735916 59.379505 0.9736584
car 221.16977 316.14703 96.13898 156.4143 0.98706514
--
car 77.307236 97.1977 30.71543 62.98428 0.5650713
car 102.47976 130.8594 66.20935 106.81611 0.7818872
car 122.25696 145.96774 39.732872 59.424694 0.9780652
car 221.2804 316.01688 96.05746 156.54266 0.98751587
--
car 103.76707 134.25078 70.77396 110.4619 0.6717188
car 77.31612 98.071144 30.14758 63.99993 0.76537627
car 212.18619 298.89426 99.402176 156.9229 0.9382974
car 121.851135 145.21503 39.109383 58.51644 0.9722995
--
car 77.31341 99.32455 29.720732 65.5245 0.70639396
car 107.410934 138.24992 73.5935 117.31307 0.76016295
car 120.755585 143.49422 38.07925 56.674007 0.95314926
car 198.1725 295.27637 97.60096 166.02357 0.98059624
--
car 423.55145 455.50897 52.128254 79.48069 0.32669556
car 77.34883 98.95633 29.29111 65.45784 0.64348626
car 107.60998 138.4639 73.49665 117.15929 0.76740205
car 120.94867 143.19064 37.82312 56.781 0.9526668
car 197.76898 295.99185 98.129616 166.54665 0.98341405
--
car 77.24863 99.131134 28.476746 66.895515 0.5012594
car 421.31952 454.506 52.079697 79.70043 0.55577624
car 107.64713 140.31363 76.84614 120.59191 0.6572563
car 120.26081 142.0218 37.503666 55.863342 0.95202935
car 185.56143 288.26538 103.20692 168.53044 0.9870666
--
truck 105.9738 143.99532 73.702065 126.33001 0.66984606
car 77.94097 100.446106 36.94318 68.04598 0.34525874
car 420.43295 453.01212 51.994728 80.826546 0.52270806
car 119.47903 141.3972 36.877186 55.48877 0.94359636
car 177.82652 281.23816 105.36103 171.65446 0.9898848
--
truck 106.0551 144.00809 73.77206 126.283226 0.67073685
car 77.83683 100.46588 36.999283 68.070175 0.36722097
car 420.4098 453.02618 51.965263 80.83069 0.5236011
car 119.486496 141.4437 36.908833 55.5221 0.9435654
car 177.86278 281.05948 105.28266 171.63466 0.9900566
--
truck 107.88751 146.45338 81.95727 132.37599 0.71057606
car 77.87731 101.00332 35.154232 69.25687 0.3013537
car 419.6699 451.34198 52.014793 81.68863 0.44283447
car 117.95868 138.64072 36.918365 55.84636 0.93572307
car 166.92346 269.0563 107.54729 173.52509 0.9903898
--
truck 107.8802 146.48132 82.0314 132.33417 0.68448734
car 77.91713 101.12083 35.291153 69.154045 0.32105967
car 419.70218 451.36557 51.96682 81.53727 0.36134306
car 117.92934 138.67003 36.915295 55.821674 0.9361093
car 167.04298 268.95496 107.57763 173.50453 0.99099827
--
car 419.35 450.526 51.476547 81.36893 0.33206987
car 77.58584 101.38497 35.15621 69.976616 0.4541174
car 110.69742 148.66296 81.50994 135.03178 0.8682098
car 117.35307 138.40257 36.575665 55.04325 0.9333643
car 160.9088 266.098 110.65213 179.39856 0.9944355
--
car 77.38443 101.71248 34.743202 71.041954 0.6294629
car 418.54208 450.8402 51.759552 80.68473 0.72626764
car 110.8736 149.10121 82.229385 138.34944 0.89278543
car 116.656715 138.34796 35.692013 54.592587 0.9166738
car 153.4231 257.56128 113.415085 182.58981 0.9964105
--
car 77.407005 101.72537 34.764137 71.04054 0.6243067
car 418.59717 450.79068 51.817703 80.79404 0.69971704
car 110.84456 149.1175 82.21668 138.50479 0.8895718
car 116.8001 138.32787 35.711372 54.609806 0.9172205
car 152.67154 258.08325 113.63663 182.07822 0.9963203
--
car 77.81302 102.947914 33.49239 72.06509 0.7037906
car 114.86189 137.01227 34.518948 54.006996 0.7438001
car 416.55127 448.87653 50.646236 82.098076 0.8676029
car 111.085495 150.92558 85.71856 143.6095 0.9312146
car 140.42107 251.34135 117.125244 185.99303 0.9932749
--
car 78.2265 103.830124 32.93286 72.443565 0.6675808
car 114.017525 136.4987 34.128834 53.559475 0.7265749
car 111.82665 152.70703 88.70536 147.72849 0.8659586
car 415.46158 448.58633 50.19488 82.51367 0.8861351
car 132.8729 242.00758 116.269 188.26933 0.9459898
--
car 78.19476 103.845505 32.833828 72.5014 0.6490636
car 114.0452 136.43762 34.160664 53.62288 0.6995744
car 112.112335 152.68564 88.86155 147.62956 0.8655839
car 415.4601 448.6083 50.266033 82.51691 0.868303
car 132.95949 242.1612 116.740135 188.08667 0.9485337
--
car 77.91197 104.577866 32.424656 73.01849 0.5098278
car 113.214775 135.20045 33.879807 52.772697 0.6911926
car 115.22408 156.50919 97.863655 154.27763 0.8187599
car 413.5374 447.91986 50.19425 83.42022 0.9544427
car 124.28168 232.90474 121.02677 190.78151 0.9926442
--
car 112.3244 133.7054 32.8911 52.478306 0.52136624
car 80.72471 104.66884 33.594566 73.127014 0.5522419
car 111.76909 223.71492 116.44538 197.95883 0.773902
car 117.82018 153.41983 92.59327 148.53638 0.78433335
car 411.84503 447.03412 50.41538 83.628784 0.8871357
--
truck 77.63436 105.2948 32.996964 73.39947 0.5410448
car 112.421265 133.7081 32.90082 52.57654 0.5333751
car 117.7471 153.43242 92.89503 148.6295 0.7813278
car 111.39135 224.9623 120.76829 207.92789 0.78998
car 411.81326 447.04666 50.45027 83.55893 0.886525
--
truck 77.765045 105.074066 32.667976 74.91332 0.55151016
car 119.266594 154.10278 95.964676 146.64355 0.40018317
car 411.2377 445.8145 50.768307 84.6204 0.9334926
car 98.4187 220.64197 122.22876 208.65271 0.9613064
--
truck 77.72827 105.1284 32.705482 74.89808 0.5517197
car 119.416595 154.14615 95.975555 146.41922 0.4210526
car 411.32657 445.86298 50.738083 84.67377 0.94108814
car 98.5455 220.51059 122.31789 208.6542 0.9621217
--
truck 77.62359 105.219894 31.535498 75.3958 0.63868195
car 117.50842 156.69676 101.66156 153.1988 0.315072
car 409.73993 444.37085 50.88467 85.12135 0.9587696
car 92.7895 207.8213 128.17584 210.38235 0.9625786
--
truck 75.81659 104.91661 29.421242 75.19897 0.67682785
car 408.3255 443.2926 50.6241 85.69046 0.96175003
car 84.67338 201.29831 129.12152 210.99808 0.9768353
--
truck 75.721565 105.01373 29.483984 75.14521 0.68827444
car 408.35507 443.34406 50.55549 85.70159 0.9649073
car 84.637924 201.15263 128.78333 210.70886 0.97960407
--
truck 76.16364 105.05852 29.777573 75.25844 0.70618767
car 110.087585 126.957794 33.463863 51.19643 0.36887726
car 406.19534 440.99023 49.43854 86.87859 0.931027
car 71.98945 198.54305 132.11093 215.4483 0.9511076
--
truck 76.12421 105.451614 30.18946 75.13359 0.79885226
car 109.689316 125.67117 32.51886 47.282555 0.3588654
car 404.6188 440.21497 49.81255 86.10862 0.85116845
car 64.763214 191.12102 126.794975 219.01562 0.95498914
--
truck 76.08526 105.47895 30.173763 75.20773 0.80352014
car 109.732635 125.56765 32.60662 47.240936 0.36327425
car 404.59543 440.21533 49.811573 86.150314 0.86257684
car 65.15841 191.38995 126.557465 219.06296 0.9509828
--
truck 75.574455 105.95816 30.213783 75.185936 0.79661334
car 112.93662 167.3006 103.1584 156.01123 0.47584835
car 108.7413 124.89183 32.52983 47.38485 0.53052616
car 402.71753 439.81122 50.28173 85.8599 0.8732152
car 60.44944 177.36774 119.897995 222.84114 0.95782185
--
bus 75.785576 106.34901 30.717772 75.16793 0.30772376
car 107.640396 124.234375 32.500576 47.890118 0.6571762
car 401.4433 439.2345 50.707592 85.622986 0.8842416
car 115.56912 164.43416 105.507195 154.73196 0.95126015
car 55.77584 169.99014 141.83054 221.26839 0.9986321
--
car 107.8915 124.0853 32.559544 47.864643 0.6283339
car 401.47397 439.27518 50.722492 85.66405 0.88820636
car 115.8107 164.78401 105.50752 154.6995 0.94767636
car 56.086807 169.64262 142.69803 221.67616 0.99870616
--
car 107.29818 123.06818 32.110134 47.331978 0.6988296
car 399.39844 438.28586 53.221592 87.841896 0.88623077
car 113.47182 165.0948 106.829834 160.42453 0.98239124
car 49.246403 163.60638 141.16183 227.61691 0.9956019
--
truck 75.83591 106.7594 32.10049 76.19237 0.66924155
car 106.233315 121.279495 31.821226 46.08918 0.55299175
car 397.3717 435.79062 53.677322 88.83201 0.7509828
car 108.59649 168.10297 112.71035 169.61157 0.9863822
car 36.03387 150.99173 151.07199 232.78633 0.9978561
--
truck 75.80093 106.76622 32.02055 76.11743 0.68200314
car 106.31091 121.230515 31.905828 46.00426 0.5560497
car 397.37805 435.80258 53.699665 88.74941 0.75938284
car 108.63008 168.27051 112.71389 169.76509 0.9875474
car 35.4894 150.67921 151.3964 232.97902 0.99806243
--
truck 76.11977 106.83891 32.314697 76.78044 0.62739253
car 105.25765 120.53128 31.653254 45.397247 0.54425734
car 397.94717 434.94342 53.246902 89.0748 0.5822379
car 103.488754 168.76099 114.44186 182.4413 0.9827249
car 27.272783 137.52794 159.63109 243.7105 0.9930815
--
truck 75.9401 106.98416 32.424763 76.75096 0.63691956
car 105.390526 120.5269 31.690042 45.436855 0.54817176
car 397.85434 434.96048 53.11681 89.13835 0.5986619
car 103.263535 168.75134 114.443 182.23952 0.9826294
car 27.248804 136.83151 160.05392 243.565 0.993525
--
car 106.39189 119.46687 32.02904 44.694057 0.3749312
car 393.39468 432.90503 52.905823 89.44741 0.5778692
car 99.77882 169.97531 116.10712 189.58563 0.9654983
car 22.422213 131.27617 162.92215 247.45172 0.98855656
--
truck 76.04184 106.905754 32.86711 77.854935 0.57913613
car 105.8713 119.96046 30.950495 44.399235 0.5400185
car 392.33246 431.80484 53.886173 89.64603 0.9014266
car 98.55208 171.51564 116.419846 194.26396 0.96833545
car 21.4808 117.22142 163.34128 254.40997 0.99246186
--
truck 76.076126 106.88708 32.891216 77.81856 0.5764934
car 105.8218 120.02904 30.974337 44.421345 0.517301
car 392.3101 431.82996 53.905136 89.65547 0.9169596
car 98.60149 171.61354 116.53312 193.88693 0.9693522
car 21.4997 117.18318 163.40005 254.60605 0.9939291
--
truck 76.32693 106.7944 33.187325 78.63564 0.45075408
car 99.79948 117.82807 30.28656 44.489124 0.54224485
car 391.60724 430.29788 55.14462 89.70426 0.9457667
car 97.97127 171.06877 116.31953 197.50536 0.97411674
car 17.62024 101.73515 173.77301 249.17966 0.9845556
--
truck 76.21144 106.916595 33.364147 79.298584 0.3796554
car 99.13638 118.75017 29.741692 43.90509 0.6056845
car 11.567098 92.818436 173.47057 253.68509 0.96121943
car 96.62979 171.03166 116.774414 195.8332 0.96361107
car 390.11136 429.5609 55.365482 90.06518 0.97132033
--
truck 75.61436 107.06732 33.212093 79.53364 0.38982663
car 99.23847 118.76026 29.260044 44.448936 0.6860074
car 96.90366 170.53357 116.871605 196.79097 0.96403223
car 9.584091 102.5098 172.57126 261.63104 0.9686824
car 390.2513 429.5418 55.601013 90.16883 0.9719072
--
truck 75.65661 107.00879 33.68142 80.37917 0.37462065
car 99.11938 118.52728 28.870386 43.811127 0.5466463
car 96.63578 170.39145 116.31245 196.24773 0.9629757
car 388.3514 428.21478 55.651577 91.3041 0.97345793
car 6.683421 83.53729 175.23907 264.46915 0.97471523
--
truck 75.6471 107.01078 33.647884 80.3472 0.38079348
car 99.13446 118.55079 28.800928 43.8164 0.5515878
car 96.568695 170.36328 116.34481 196.32187 0.9630774
car 388.4204 428.20773 55.64176 91.31248 0.9693579
car 6.412461 83.45709 175.09204 264.19077 0.98055696
--
truck 78.70424 109.091675 33.846317 80.95335 0.34565848
car 99.22572 117.820786 29.962769 43.633045 0.70124716
car 95.63617 170.19995 116.28941 196.71973 0.96033823
car 3.7713182 77.46906 175.61502 264.29843 0.969173
car 387.09573 427.09164 55.239986 92.54009 0.97435695
--
car 82.06712 108.52599 40.56403 81.9834 0.33257964
car 99.93764 116.00454 29.595049 43.700314 0.6312124
car 4.46679 65.914246 180.70874 262.33337 0.9328828
car 385.3697 424.86835 56.293087 93.38287 0.9478832
car 95.491554 170.66557 116.31878 197.30507 0.9748453
--
car 78.95748 109.18839 33.624763 81.11871 0.33999947
car 99.78828 115.94263 29.492441 43.66562 0.66766965
car 5.063789 70.47428 175.38759 266.51324 0.9032165
car 385.41226 424.8008 56.61146 93.31003 0.93786997
car 95.240265 170.6517 116.241936 197.41112 0.97162
--
car 81.76148 108.54783 40.29767 82.41101 0.46805456
car 99.77772 114.76251 28.613876 43.020676 0.7943649
car 0.34979582 60.76857 181.21088 263.201 0.8692488
car 384.38312 424.3285 55.582195 93.25869 0.9553061
car 95.33619 170.6555 116.46158 197.47112 0.9750067
--
car 79.2118 109.413414 34.243317 81.9679 0.47260875
car 99.43064 112.80455 28.102835 42.134434 0.6878966
car 2.4507344 51.635117 179.98195 265.7205 0.8590449
car 94.71724 170.43141 117.08676 197.98677 0.97263104
car 383.03653 422.51303 55.886555 93.40188 0.9852831
--
car 78.98281 109.57076 34.182545 81.88293 0.43915388
car 99.48816 112.76929 28.202757 42.142918 0.6870686
car 2.6974368 51.63085 180.00674 266.17822 0.83785397
car 94.684555 170.32526 117.0649 198.30756 0.9713451
car 383.01346 422.47202 55.838066 93.37355 0.9848526
--
car 99.98969 113.12486 28.064596 41.625835 0.46699327
car 79.282425 109.99227 34.221252 82.22442 0.48735297
car -0.11798859 47.302418 178.65422 264.86307 0.6792876
car 94.07707 170.7124 117.40683 198.61095 0.97093916
car 380.14554 421.7068 57.0265 93.978004 0.98639405
--
truck 79.62224 110.31189 34.634964 82.78552 0.46022666
truck -0.00094234943 42.52742 175.32057 270.07593 0.6565635
car 94.24519 170.70213 117.5473 198.54291 0.9723372
car 378.38852 420.19385 56.644905 95.148674 0.9905792
--
truck 79.55117 110.42695 34.694542 82.62875 0.46989328
truck 0.061969757 42.640324 175.11966 269.80066 0.664064
car 94.05627 170.7512 117.54262 198.43211 0.97554904
car 378.36478 420.1603 56.596397 95.226395 0.9897413
--
truck -0.80503106 34.438545 178.14511 267.32407 0.4663474
truck 80.07533 109.94391 35.187233 83.5917 0.5080083
car 100.20335 111.32773 28.140799 41.27211 0.36849597
car 94.651344 172.03835 118.163795 198.19379 0.9719608
car 377.2666 419.23474 56.66732 96.25347 0.9843802
--
truck -0.8074844 34.445026 178.11594 267.4052 0.47368675
truck 80.06665 109.93452 35.21521 83.622696 0.5022345
car 100.2152 111.30487 28.166126 41.286667 0.3964866
car 94.4286 172.1062 118.096794 198.37749 0.97171664
car 377.24075 419.25647 56.694103 96.28236 0.98458874
--
truck 79.906494 110.25578 35.384613 83.797264 0.54528886
truck -0.5586308 30.484241 174.21349 269.21506 0.57749474
car 94.19716 171.9582 118.15546 198.68173 0.9713171
car 377.32294 418.28546 56.710472 96.67032 0.9748924
--
truck 79.58608 110.86422 35.63221 84.22781 0.572593
car -1.6016096 29.960087 165.67783 258.855 0.61479485
car 375.49948 415.78525 56.45329 97.81656 0.96823925
car 93.99935 171.44572 118.15535 198.38863 0.9738537
--
truck 79.58158 110.88204 35.71655 84.29962 0.56522554
car -1.5972672 29.78082 165.96951 258.28384 0.59894055
car 375.54358 415.79443 56.321953 97.94924 0.97016484
car 93.8753 171.5993 118.11423 198.29352 0.97391754
--
truck 79.57409 111.6274 35.474453 84.65529 0.5814546
car -0.7690063 29.40391 174.69283 268.7917 0.4705555
car 374.00983 415.6273 56.112785 97.88121 0.960867
car 93.73787 171.62825 118.05024 198.27151 0.9749644
--
truck 80.0887 111.62334 35.13074 85.12612 0.61450136
car -0.1839459 28.99164 177.25865 269.5949 0.58924884
car 372.28912 415.38614 55.945568 97.91332 0.97560376
car 93.72791 171.25826 117.44757 198.52797 0.9765155
--
truck 80.055504 111.61016 35.092743 84.99412 0.61919016
car -0.3283462 28.848259 177.20454 270.47968 0.5981038
car 372.20682 415.4843 55.99537 97.84089 0.97748864
car 93.49951 171.25383 117.43986 198.70047 0.97780675
--
truck 79.80927 111.687164 35.666443 85.02653 0.64765394
car 93.41621 171.19154 117.21571 198.72092 0.97637826
car 370.28723 415.10516 56.45244 98.08266 0.97871816
--
truck 80.17521 111.872444 35.039436 85.68724 0.663644
car 93.46831 171.26424 117.223755 198.88582 0.97420055
car 367.59842 414.3663 57.24687 97.50895 0.9772349
--
truck 80.35173 111.93296 35.134697 85.68551 0.65723103
car 93.464775 171.32146 117.08106 198.96931 0.9754096
car 367.78296 414.29974 57.11747 97.65741 0.97713584
--
truck 80.17833 111.87732 35.187344 85.83848 0.64221114
car 366.78592 411.95862 58.12807 96.85389 0.97302395
car 93.80552 171.44124 117.18762 198.89865 0.97729176
--
truck 80.12832 112.39217 34.980267 85.92659 0.6881213
car 365.20142 412.67783 57.831505 98.11267 0.970679
car 93.37576 171.66803 117.5762 198.94719 0.9810215
--
truck 80.15694 112.40443 34.97884 85.88754 0.68498397
car 365.14648 412.7424 57.82581 98.0683 0.97089726
car 93.36705 171.7533 117.576324 198.87138 0.98042095
--
truck 80.080444 112.77387 35.112766 86.01656 0.70909417
car 362.95242 409.71396 57.638107 100.0462 0.9752844
car 93.391914 171.75356 117.50356 198.90727 0.9810394
--
truck 80.18648 112.77479 35.10834 86.024025 0.7127998
car 363.02322 409.64954 57.675438 100.11083 0.97649175
car 93.50884 171.70312 117.38821 198.8292 0.9806581
--
truck 80.67957 112.86484 34.974518 85.98027 0.71509683
car 361.22733 410.5113 58.394936 96.72844 0.9678507
car 93.627914 171.74423 117.366684 198.75134 0.97719043
--
truck 80.32705 112.9553 34.481247 86.17274 0.7192235
car 361.2358 408.88525 57.42626 101.05379 0.9507485
car 93.634514 171.69955 117.41992 198.62773 0.97676295
--
truck 80.36455 113.04498 34.441902 86.15423 0.7106486
car 361.36566 408.8731 57.347614 100.99402 0.9526401
car 93.497574 171.71663 117.449234 198.68806 0.97659314
--
truck 80.76591 113.309555 34.25857 86.46442 0.7468009
car 359.52823 408.39868 57.767853 101.92965 0.9099641
car 93.65132 171.59036 117.341644 198.97446 0.975711
--
truck 80.76899 113.87371 34.18393 86.4992 0.7200322
car -0.3216684 33.890583 164.2785 220.24344 0.38735545
car 356.8213 407.0402 62.873135 100.733185 0.9424761
car 93.80325 171.64859 117.528564 198.94789 0.9761409
--
truck 80.66231 113.837616 34.33667 86.43311 0.7212297
car 0.5551815 32.124546 169.61786 239.02422 0.43867642
car 356.77286 407.05533 62.858562 100.689064 0.9316444
car 93.33695 171.6435 117.40383 198.91031 0.97466403
--
truck 81.048004 113.82323 35.05187 86.42345 0.69031584
car 0.7982111 32.192825 169.51929 239.16422 0.5762739
car 354.00952 407.08124 59.9648 102.64996 0.9376676
car 93.28803 171.5988 117.34693 198.88898 0.97491765
--
truck 81.334496 114.241295 34.85161 86.73558 0.6853703
car 0.10091543 33.714096 163.57773 219.91266 0.48389518
car 352.31702 405.32632 59.9432 102.99295 0.9610313
car 93.00141 171.76862 117.30855 199.23766 0.97499174
--
truck 81.52867 113.86168 35.64145 86.77525 0.73497635
car 1.2739098 31.815823 168.67862 240.07587 0.5413663
car 352.15894 405.30283 59.41365 102.52319 0.9716248
car 93.56013 171.76985 117.03487 199.62585 0.9724861
--
truck 81.46108 113.75618 35.060066 87.254364 0.67978483
car 1.1352146 32.050354 168.33913 240.08276 0.5473533
car 351.2002 403.3165 60.283646 103.90615 0.96209127
car 93.647446 171.78862 116.97209 199.75278 0.97405463
--
truck 81.48029 113.75989 34.97527 87.32016 0.6804923
car 1.2005478 32.03247 168.30438 240.02252 0.5231502
car 351.22177 403.34213 60.222855 103.89858 0.9661913
car 93.68616 171.75128 116.9269 199.75777 0.97453856
--
truck 82.08481 113.83492 35.49786 87.37258 0.6648794
car -0.13014078 34.42025 163.35097 220.92503 0.6043987
car 350.65787 402.49188 58.488476 104.01583 0.96193665
car 93.76036 171.8089 116.92483 199.72127 0.9760162
--
truck 81.675446 114.39352 36.175377 87.19036 0.623648
car -0.41910946 34.820503 163.45702 220.11775 0.6607782
car 349.26935 402.93304 59.487637 104.618744 0.9681947
car 93.64883 171.74527 116.94865 199.8822 0.97453034
--
truck 81.804756 114.316605 36.20084 87.22569 0.61825305
car -0.42194903 34.855873 163.42917 220.26282 0.6472179
car 349.31973 402.9594 59.79547 104.70019 0.9718804
car 93.55102 171.5884 117.0622 199.81436 0.97657335
--
truck 81.486336 115.058464 36.519703 87.46794 0.652445
car -0.4852867 34.745613 163.32799 220.27095 0.62920976
car 348.84155 402.3907 59.689816 105.743515 0.9546423
car 93.54064 171.59656 117.09358 199.74185 0.9770674
--
truck 81.54015 115.08035 36.706844 87.62048 0.6529285
car -0.58510244 34.80978 163.35364 220.18663 0.64401186
car 347.92136 401.79797 60.17778 105.72925 0.9601003
car 93.38922 171.66884 117.03364 199.83223 0.97892976
--
truck 81.53748 115.072235 36.77805 87.597145 0.6428853
car -0.5575454 34.792126 163.30531 220.31508 0.6288261
car 348.1289 401.6505 60.090755 105.73034 0.96246797
car 93.33024 171.6774 117.06971 199.8241 0.97939885
--
truck 81.39239 115.495056 37.04821 87.85731 0.6265694
car -0.5732703 34.887844 163.65678 219.52385 0.6658846
car 346.945 401.51987 60.862625 106.45266 0.9635409
car 93.20773 171.69144 117.0463 199.78876 0.97831184
--
truck 81.32762 115.71911 37.171993 88.14656 0.63197005
car -0.54381967 34.831413 163.57552 219.49164 0.63982946
car 346.6578 400.70404 62.13277 106.54739 0.9655848
car 93.20214 171.87836 117.02824 199.94128 0.9771485
--
truck 81.45145 115.7274 37.245014 88.15566 0.63992894
car -0.5453074 34.840855 163.38292 219.773 0.61182666
car 346.65106 400.48236 62.21662 106.55689 0.96879685
car 93.31027 171.81076 117.073875 199.80556 0.9767048
--
truck 81.71223 116.24582 37.6819 88.526405 0.6082831
car -0.52403927 34.81916 163.34267 220.75182 0.5897204
car 346.31412 399.78287 62.40081 106.306015 0.9576815
car 94.51741 172.34656 117.38501 199.00876 0.96364695
--
truck 81.74468 116.245 37.618565 88.5607 0.6066833
car -0.49064577 34.77243 163.42513 220.73392 0.6035037
car 346.279 399.86722 62.299213 106.32281 0.95762503
car 94.58859 172.2973 117.42531 198.80898 0.9635045
--
truck 81.96898 116.58003 37.49835 88.81791 0.6050675
car -0.5863148 34.930866 163.04836 221.21298 0.6445421
car 345.87903 398.7417 62.64948 106.97096 0.95524985
car 94.60136 172.33832 117.42726 198.75043 0.96599936
--
truck 81.96337 116.65669 37.4271 88.95318 0.6106606
car -0.5854261 34.984127 162.82225 221.41444 0.65674025
car 345.90652 398.30124 62.924732 106.74046 0.94202954
car 94.679306 172.25548 117.36719 198.89987 0.96785855
--
truck 81.73791 116.66818 37.54238 88.919075 0.5921851
car -0.63714266 35.035217 162.74219 221.63458 0.67230254
car 345.87012 398.3529 62.727554 106.710785 0.9421168
car 94.682175 172.21439 117.40528 198.91742 0.96703285
--
truck 82.140785 116.61193 37.595936 88.9864 0.612165
car -0.6527424 35.038532 162.8002 221.62962 0.6892169
car 343.4418 400.05057 69.186356 107.742836 0.9279044
car 94.64912 172.21812 117.46172 198.88274 0.9659409
--
truck 81.72922 117.34867 37.165703 89.619934 0.60806936
car -0.61861396 35.00164 162.76025 221.78055 0.6637381
car 343.42087 399.35327 69.45277 107.52125 0.9345126
car 94.472435 172.27498 117.48563 198.85243 0.967307
--
truck 81.66072 117.34036 36.993397 89.62112 0.61774975
car -0.6427127 35.03483 162.73726 221.89735 0.6663629
car 343.3397 399.5814 69.66632 107.34251 0.93786776
car 94.487785 172.20018 117.529526 198.87215 0.96681046
--
truck 81.9432 117.621376 37.066654 90.01043 0.6105319
car -0.59408426 34.952263 162.70447 222.42586 0.67526174
car 345.49155 397.35052 62.99205 106.44878 0.9347539
car 94.37002 172.23776 117.44802 199.01527 0.9671758
--
truck 81.997215 117.73025 36.74564 90.35631 0.6384062
car -0.7410908 35.08979 162.81882 222.07097 0.6803251
car 344.83765 396.86197 63.32146 107.07523 0.9610999
car 94.339325 172.27127 117.44882 199.07828 0.9667919
--
truck 81.87641 117.8063 36.84618 90.12834 0.62869817
car -0.7428396 35.108173 162.87254 221.86531 0.6676421
car 344.7688 396.9213 63.353573 107.030846 0.9537532
car 94.23265 172.26225 117.49075 198.9773 0.9661691
--
truck 81.98675 118.526276 36.70074 90.166954 0.59799075
car -0.7611662 35.144978 162.82477 221.84384 0.6719683
car 341.30685 399.93195 69.247665 107.92121 0.9256858
car 94.22042 172.26913 117.43518 199.14981 0.96660113
--
truck 82.007614 118.04874 37.671333 89.947426 0.6306872
car -0.6848252 35.041405 163.23337 221.00107 0.6930592
car 343.7866 397.39362 63.288277 107.198074 0.94508433
car 94.06259 172.09187 117.300224 199.70404 0.9612905
--
truck 82.06306 118.58035 37.566097 90.11115 0.6609972
car -0.65505266 34.999844 163.16557 221.00996 0.7006649
car 343.0478 397.5256 63.056396 106.56496 0.94157904
car 93.97942 172.20134 117.34613 199.6998 0.96500784
--
truck 82.02335 118.73647 38.0083 90.16857 0.7003383
car -0.6579995 35.016182 163.13379 220.94711 0.6908004
car 341.32193 399.41547 68.497955 108.663605 0.91058546
car 93.88481 172.233 117.37257 199.68004 0.96532524
--
truck 82.064835 118.668564 38.013912 90.23394 0.6935122
car -0.6237173 34.942554 163.21393 220.83803 0.698853
car 341.26672 399.48453 68.32057 108.80178 0.9113566
car 93.861595 172.22179 117.35577 199.77016 0.9663805
--
truck 82.37403 119.2115 37.95054 90.6224 0.67768943
car -0.62262833 34.972393 163.12656 220.97958 0.6914945
car 340.9551 399.73145 68.36909 108.814804 0.924452
car 93.87147 172.23251 117.34646 199.7895 0.9672407
--
truck 82.655334 119.68741 38.34667 90.97313 0.64013654
car -0.5311972 34.850193 163.14438 220.84737 0.6886291
car 341.17175 399.45245 68.27556 109.08771 0.9141946
car 93.79262 172.22098 117.3869 199.79128 0.9668876
--
truck 82.50562 119.75023 38.20407 90.90025 0.64822435
car -0.52459 34.857643 163.16283 220.765 0.67710686
car 341.02985 399.61908 68.20588 109.00143 0.9217741
car 93.87393 172.2084 117.30181 199.89032 0.96566945
--
truck 82.38273 120.32287 38.044773 91.2779 0.6063673
car -0.50230265 34.82254 163.13098 220.75726 0.6724981
car 338.48245 395.95566 68.401794 109.008125 0.8150492
car 93.84796 172.17557 117.271385 199.94725 0.9638637
--
truck 82.48344 120.58363 38.065666 91.33709 0.60836893
car -0.44755518 34.73542 163.01971 221.0379 0.6825205
car 338.47012 395.56207 68.592804 108.67309 0.84937274
car 93.93568 172.13367 117.27359 199.86942 0.963736
--
truck 82.3498 120.599396 38.085293 91.247475 0.6299396
car -0.3826815 34.665848 163.00449 221.27559 0.69351095
car 338.45636 395.3794 68.61356 108.81726 0.84806246
car 94.180504 172.0265 117.34481 199.7212 0.9610493
--
truck 82.420166 120.71694 37.993877 91.31241 0.61820304
car -0.38784027 34.676025 163.00714 221.31546 0.6921502
car 338.1265 395.41562 68.36736 108.96785 0.8768631
car 94.078316 172.02794 117.35001 199.72168 0.96004456
--
truck 82.22574 120.93598 38.42157 91.70345 0.61558807
car -0.45396388 34.767067 162.99965 221.27765 0.6815922
car 338.60803 395.37814 69.29901 108.43487 0.8477319
car 94.07907 172.058 117.30562 199.79774 0.9587377
--
truck 82.249275 121.088806 38.14937 92.04898 0.6524724
car -0.3695029 34.681393 163.12988 221.57947 0.5606794
car 337.79007 395.28183 69.97046 108.3535 0.8693422
car 93.130936 171.92685 117.224075 199.92126 0.96041894
--
truck 82.279564 121.0214 38.027092 91.998825 0.6827838
car -0.3690219 34.68437 163.15103 221.58035 0.56703275
car 337.62762 394.852 69.252106 108.57621 0.87331617
car 93.19163 171.91888 117.20975 199.91188 0.962108
--
truck 81.97845 121.54541 38.07695 92.42009 0.7125277
car -0.3798151 34.664238 163.16977 221.70647 0.583405
car 336.7427 394.93243 70.01741 108.11146 0.92376924
car 93.20203 171.79285 117.217125 199.80508 0.957696
--
truck 82.060844 121.53557 38.1852 92.39348 0.7151523
car -0.36198735 34.65833 163.23897 221.72997 0.5887059
car 336.7705 394.80783 69.94549 108.10867 0.92406434
car 93.18083 171.75977 117.20057 199.85608 0.95921206
--
truck 82.07701 122.22586 38.02102 92.23484 0.71110404
car -0.3074473 34.61207 163.24373 221.74611 0.5724601
car 336.39105 394.52237 69.61183 108.49435 0.9406671
car 93.10939 171.79933 117.21187 199.88118 0.9585009
--
truck 82.07508 122.26889 38.111652 92.33391 0.7099346
car -0.31849623 34.617046 163.0058 221.88306 0.5829362
car 336.38666 394.4154 69.87773 108.37825 0.94703525
car 93.11956 171.76768 117.28063 199.81316 0.9615677
--
truck 82.00445 122.35024 38.240818 92.658875 0.7239523
car -0.26019394 34.54341 163.0696 221.99493 0.5850759
car 335.49075 393.5004 69.24962 108.99364 0.9416526
car 93.0559 171.72885 117.310425 199.94722 0.9621572
--
truck 82.03058 122.6647 38.49294 92.86241 0.7165281
car -0.3114599 34.598557 163.03421 222.15254 0.5884623
car 335.8606 393.0076 69.85422 108.51757 0.94697505
car 93.10289 171.67926 117.36528 199.81161 0.96409756
--
truck 82.10791 122.74711 38.672234 92.873055 0.7058496
car -0.2977556 34.580055 163.01956 222.19763 0.59346884
car 336.0276 392.92557 69.87476 108.50899 0.94667745
car 93.06996 171.67119 117.31825 199.84448 0.9637101
--
truck 82.094864 122.98934 38.963627 93.00779 0.7011435
car -0.2956885 34.577744 162.89757 222.28712 0.5807852
car 335.98355 392.5589 69.64453 108.72649 0.95331246
car 92.90487 171.65364 117.27626 199.98143 0.9642303
--
truck 81.80525 123.15761 38.260002 93.66034 0.70670396
car -0.28777957 34.565475 162.78387 222.2175 0.59804744
car 336.23917 392.0397 69.406654 108.90832 0.95187944
car 93.12894 171.64798 117.315575 199.95291 0.9611949
--
truck 81.808235 123.16751 38.09747 93.68585 0.6886463
car -0.31805277 34.583817 162.74539 222.40347 0.63010025
car 336.26328 392.10007 69.33772 108.98913 0.96185035
car 92.98392 171.67038 117.2823 199.97812 0.9642397
--
truck 82.18643 123.594986 38.757107 93.94324 0.715714
car -0.11366129 38.71796 160.95747 223.65079 0.72026664
car 335.79248 391.64218 70.03681 108.776215 0.9516757
car 93.558365 172.00813 117.583824 198.7467 0.96775573
--
truck 82.471405 123.96039 39.091835 94.14927 0.7377199
car -0.4171157 34.701916 162.1447 222.94214 0.7225442
car 335.4607 390.89365 70.11969 108.9086 0.94525284
car 93.370926 171.91528 117.563896 198.77298 0.9667096
--
truck 82.56244 123.88846 39.32189 94.06887 0.7504795
car -0.4285133 34.704388 162.14923 222.95633 0.7192947
car 335.49017 390.76562 70.00003 108.93755 0.94799894
car 93.32265 171.88902 117.57654 198.70068 0.96613455
--
truck 82.7915 123.8462 39.13964 94.22123 0.7714594
car -0.3340584 34.61125 162.43564 222.58687 0.7331298
car 335.3471 390.86166 70.25794 108.79369 0.9375837
car 93.36579 171.8794 117.53144 198.73337 0.96477604
--
truck 82.74245 123.93662 39.142113 94.13326 0.7630711
car -0.30672133 34.591183 162.43088 222.63708 0.72921574
car 335.3301 391.47186 70.27257 108.67758 0.92469877
car 93.40116 171.82686 117.50696 198.82317 0.96536803
--
truck 82.2986 124.63616 39.312523 93.98188 0.78250235
car -0.30487955 34.567123 162.37378 222.71538 0.7223122
car 334.93237 391.01215 70.41852 108.83851 0.9196693
car 93.3986 171.85928 117.481926 198.86111 0.9663452
--
truck 82.282875 124.87142 39.015556 94.376976 0.78785
car -0.35300374 34.64008 162.38922 222.37096 0.68893945
car 334.74194 390.68323 70.524124 108.988045 0.92586994
car 93.44461 171.83392 117.468506 198.86874 0.9669921
--
truck 82.27797 124.886566 38.980022 94.42631 0.7924448
car -0.2893567 34.54587 162.42662 222.52737 0.7006582
car 334.8467 390.54086 70.426636 109.07409 0.9329682
car 93.56078 171.81609 117.46715 198.81334 0.964886
--
truck 82.41846 124.94527 39.204716 94.432724 0.7886332
car -0.28086483 34.543484 162.42165 222.68956 0.69673693
car 335.02 390.1766 70.190834 108.96402 0.93393946
car 93.613785 171.79779 117.50826 198.73491 0.9657838
--
truck 82.4771 125.323204 39.140415 94.58228 0.81293374
car -0.3188753 34.59048 162.47679 222.73216 0.7330285
car 334.81607 390.05167 70.288635 109.239975 0.9205672
car 93.63692 171.7633 117.48019 198.71028 0.9660701
--
truck 82.515175 125.29837 39.22461 94.557686 0.8009192
car -0.29477477 34.53099 162.47795 222.72672 0.7469718
car 335.02554 390.11374 70.263596 109.15447 0.93638426
car 93.74937 171.5213 117.41556 198.98154 0.9620728
--
truck 82.68265 125.965675 39.416203 94.38569 0.83731735
car -0.2975893 34.533657 162.50528 222.635 0.7517498
car 334.96307 389.99673 70.484856 109.0997 0.9425279
car 93.78699 171.53601 117.44984 198.99167 0.9649239
--
truck 82.407196 126.31622 38.921124 94.839455 0.8370194
car -0.054194927 34.13764 162.58408 222.18301 0.6545845
car 334.02216 389.80728 70.3767 109.48114 0.93421847
car 93.02982 172.23495 117.2715 199.39857 0.97079873
--
truck 82.426155 126.319725 38.95671 94.815575 0.83517885
car -0.049967766 34.13646 162.58275 222.09341 0.6483525
car 333.99084 389.90778 70.41064 109.45813 0.9282381
car 93.20682 172.15541 117.235405 199.53691 0.9685075
--
truck 82.26427 126.84354 38.64691 95.09728 0.8556574
car -0.048104525 34.126194 162.46269 222.17183 0.6432034
car 333.5931 390.0499 70.53836 109.78174 0.9268954
car 93.19592 172.0809 117.34515 199.47083 0.96955365
--
truck 82.44381 126.8434 38.67666 95.11986 0.84129643
car -0.089408755 34.175514 162.29854 222.32402 0.6358937
car 333.55148 389.74747 70.599335 109.80827 0.9112014
car 93.20639 172.01756 117.29833 199.49483 0.9700647
--
truck 82.44334 126.86047 38.648407 95.11123 0.84267503
car -0.0626421 34.132053 162.36273 222.12982 0.628722
car 333.5426 389.99997 70.531624 109.86199 0.9049401
car 93.25281 171.94507 117.30879 199.4957 0.96804523
--
truck 82.51419 127.49001 38.47251 95.40429 0.8465479
car -0.009085536 34.06146 162.33228 222.27414 0.5989584
car 333.61502 389.1037 70.2896 109.805626 0.9147101
car 93.24839 171.97238 117.42821 199.35243 0.96915954
--
truck 82.5434 127.53632 38.53372 95.440605 0.8463228
car 0.014458895 34.044212 162.45544 222.12698 0.60723615
car 333.70178 389.157 69.90511 109.989044 0.89403737
car 93.26872 171.96951 117.426636 199.36661 0.967767
--
truck 82.72353 128.01773 38.14878 96.07737 0.8416143
car -0.027113557 34.125294 162.60526 222.1351 0.6146671
car 333.41214 389.51755 70.00012 110.02707 0.89629734
car 93.13631 171.98364 117.49178 199.13289 0.9677156
--
truck 82.88133 128.29149 37.77175 96.567245 0.86258507
car -0.037570596 34.16577 162.68185 222.1733 0.6361026
car 333.64825 388.72296 69.60402 110.08182 0.9280368
car 93.0576 171.96942 117.535515 199.18819 0.9688949
--
truck 82.91897 128.47227 37.900604 96.50946 0.85290504
car -0.013908148 34.14888 162.79393 222.18178 0.6536369
car 333.667 388.3942 69.70693 110.09557 0.9412928
car 93.079704 171.94514 117.60933 199.14908 0.96826226
--
truck 83.07966 129.09325 37.401646 96.87686 0.8891732
car -0.035891533 34.15928 162.9253 222.00552 0.6394643
car 333.57483 387.93042 69.66357 110.15236 0.94061273
car 93.069 171.90033 117.675415 199.2409 0.9701089
--
truck 83.462875 129.79196 37.086414 97.44968 0.8829506
car -0.04970312 34.14219 162.74599 222.14264 0.66381645
car 333.35785 387.97906 69.91073 110.230446 0.94004834
car 93.01531 171.97969 117.577034 199.31535 0.969213
--
truck 84.16061 129.83095 37.613113 97.0969 0.87533814
car -0.28524935 34.513542 162.78908 221.86694 0.64249873
car 333.5478 387.6654 69.22963 109.99589 0.94093275
car 92.95767 172.14789 117.90284 199.31587 0.9569158
--
truck 84.26808 130.32475 37.400322 97.33266 0.8837207
car -0.2930975 34.514076 162.79529 221.78543 0.64726484
car 333.50702 387.77725 69.30703 109.93485 0.9364846
car 92.92782 172.11508 118.0196 199.35152 0.95912147
--
truck 84.421745 130.26376 37.533497 97.23531 0.88618124
car -0.28021395 34.489395 162.79843 221.75043 0.6460646
car 333.49167 387.89084 69.505424 109.963234 0.92436755
car 92.868965 172.09915 118.02156 199.32251 0.9568933
--
truck 84.16139 130.77081 37.315792 97.68258 0.8840759
car -0.30191302 34.512115 162.78258 221.79306 0.65172166
car 333.35684 387.92606 69.567245 110.18143 0.92051506
car 92.80194 172.12898 117.9662 199.35374 0.953483
--
truck 84.57598 131.4961 37.22149 97.75506 0.8747905
car -0.29562414 34.51314 162.68564 221.87152 0.6529498
car 333.34717 387.8434 69.330124 110.16004 0.9092875
car 92.992096 172.05336 117.89627 199.42406 0.95545864
--
truck 84.68339 131.46848 37.395676 97.59371 0.87696815
car -0.2744007 34.482338 162.62764 221.90747 0.626249
car 333.16034 387.84125 69.42841 110.3522 0.8997816
car 93.125496 171.95726 117.86012 199.44295 0.95586824
--
truck 84.98016 131.4222 37.441383 97.57899 0.84944534
car -0.2603191 34.463367 162.56924 221.9477 0.62713593
car 333.2628 387.59695 69.3596 110.283295 0.9105536
car 93.20021 171.93874 117.816666 199.53348 0.9567028
--
truck 84.628944 131.76772 36.974354 98.11134 0.8562328
car -0.2549404 34.458588 162.6058 221.90741 0.6337067
car 333.20505 387.48788 69.267685 110.319984 0.88745314
car 93.209694 171.98001 117.79927 199.59352 0.95441055
--
truck 84.62135 131.79669 36.93824 98.10825 0.850235
car -0.24209797 34.453156 162.62708 221.92041 0.6295746
car 333.3012 387.447 69.14973 110.264626 0.89219636
car 93.231514 172.02045 117.80241 199.53601 0.95179427
--
truck 84.58977 131.87753 36.699966 98.30341 0.86986285
car -0.32656074 34.560646 162.7234 221.68698 0.64877427
car 333.08517 387.53955 69.36138 110.22943 0.8831615
car 93.3308 172.08556 117.728676 199.44983 0.95474565
--
truck 84.58913 132.08488 36.4179 98.651344 0.8706841
car -0.30525684 34.5394 162.74464 221.68874 0.6449891
car 333.11346 387.4098 69.41233 110.35404 0.8733958
car 93.38635 172.21019 117.74883 199.48035 0.95696753
--
truck 84.5942 132.02058 36.5201 98.596664 0.86824346
car -0.3075385 34.532677 162.71213 221.71022 0.6546928
car 333.07623 387.27722 69.24425 110.45689 0.8562643
car 93.53296 172.09268 117.7864 199.36948 0.9556406
--
truck 85.122574 133.2773 40.966393 101.59832 0.87014973
car -0.35519242 34.57197 162.19328 222.32013 0.69319373
car 332.77637 387.2968 69.18772 110.71827 0.92055076
car 92.62756 172.25496 117.29887 199.81676 0.9648838
--
truck 85.120514 133.28246 40.97395 101.61695 0.87050974
car -0.35915673 34.575134 162.17188 222.29688 0.6892079
car 332.7619 387.3413 69.21205 110.72175 0.92213994
car 92.635475 172.32492 117.28746 199.78093 0.96478456
--
truck 85.23016 133.35246 41.110466 101.77161 0.8552118
car -0.3966093 34.589947 162.07253 222.41231 0.699908
car 332.76993 387.3338 69.217415 110.69153 0.91846204
car 92.64304 172.26714 117.26605 199.76938 0.9679155
--
truck 85.41465 133.06017 41.151695 102.04917 0.8588071
car -0.40525675 34.58925 162.0626 222.52882 0.70083576
car 332.74924 387.2812 69.224304 110.618195 0.9119829
car 92.766754 172.21498 117.309 199.72389 0.96677643
--
truck 85.480545 133.03815 41.21014 102.02231 0.8526483
car -0.42236924 34.614403 162.05322 222.50601 0.69562733
car 332.71484 387.37424 69.349556 110.60478 0.8981184
car 92.71545 172.23708 117.32532 199.71323 0.96725553
--
truck 85.698296 132.74712 41.421833 102.2566 0.8459112
car -0.43150306 34.62098 162.01515 222.54424 0.6971509
car 332.72076 387.39154 69.26568 110.61576 0.8963496
car 92.712105 172.2672 117.31138 199.71428 0.96813107
--
truck 85.53442 133.01297 41.347664 102.376335 0.84435064
car -0.4064387 34.611126 161.99336 222.58936 0.69359833
car 332.663 387.3655 69.28893 110.61582 0.90691376
car 92.715546 172.23744 117.31098 199.67409 0.9675693
--
truck 85.659645 132.90802 41.44508 102.45831 0.84781307
car -0.42194903 34.629528 161.96552 222.62305 0.69282657
car 332.64752 387.2793 69.38913 110.65897 0.9188577
car 92.56194 172.34836 117.28976 199.67343 0.9678466
--
truck 85.72245 132.88135 41.56711 102.818825 0.85368717
car -0.40882945 34.618877 161.90228 222.74521 0.69129294
car 332.60675 387.2467 69.40727 110.63792 0.9241179
car 92.53631 172.30266 117.3363 199.63763 0.9669692
--
truck 85.82666 132.8308 41.80171 103.067055 0.8673462
car -0.42035937 34.626724 161.92865 222.79437 0.6893167
car 332.61224 387.2275 69.455444 110.61708 0.9266983
car 92.36728 172.35716 117.29078 199.68553 0.96508324
--
truck 85.928314 132.79887 41.855297 103.11384 0.86769176
car -0.4226768 34.62408 161.87067 222.85556 0.6873311
car 332.60388 387.24924 69.45239 110.62604 0.92540437
car 92.27806 172.33675 117.2716 199.71805 0.9632739
--
truck 85.853264 132.87186 41.824615 103.30704 0.8512232
car -0.4305339 34.630325 161.90666 222.7952 0.6884786
car 332.60788 387.24576 69.45393 110.622025 0.92440593
car 92.25968 172.30351 117.22713 199.76762 0.9639854
--
truck 85.494804 133.18394 41.761684 103.42453 0.8630111
car -0.61178684 34.884975 161.90752 222.53775 0.6893793
car 332.74612 387.33936 69.57851 110.60908 0.92966604
car 93.38884 171.71417 117.6939 199.08282 0.9617263
--
truck 85.888306 133.07259 42.31559 103.31694 0.87994254
car -0.583663 34.957817 162.2047 222.8285 0.6864028
car 332.61435 387.21255 69.62657 110.476685 0.92199534
car 92.97515 171.8611 117.63428 199.34692 0.96580446
--
truck 86.113976 133.0092 42.182373 103.27587 0.8661966
car -0.5953485 34.94362 162.15077 222.91994 0.6932621
car 332.6441 387.05417 69.64524 110.43102 0.9261024
car 92.88639 171.77382 117.70087 199.34134 0.9635617
--
truck 85.93932 133.03352 42.11137 103.32444 0.8749489
car -0.58229685 34.923954 162.06334 222.9866 0.68792343
car 332.62964 387.05948 69.56249 110.43869 0.91660535
car 92.8312 171.73523 117.6425 199.42625 0.96292317
--
truck 85.90286 133.07556 41.954887 103.306496 0.8699995
car -0.5900341 34.92533 162.1631 222.92126 0.6910301
car 332.65247 387.04077 69.42844 110.57781 0.9176077
car 92.800995 171.72841 117.62235 199.22717 0.9636172
--
truck 85.7881 133.40755 42.13661 103.74654 0.8654678
car -0.5917704 34.901714 162.02872 223.19254 0.6877807
car 332.60864 386.96207 69.48126 110.54925 0.9219717
car 92.79047 171.75327 117.67924 199.24092 0.96859515
--
truck 85.7866 133.37968 42.11535 103.6526 0.86478156
car -0.5693418 34.874847 161.9429 223.2233 0.6805309
car 332.64383 386.93735 69.431725 110.53291 0.92766786
car 92.8088 171.71802 117.69521 199.223 0.9699149
--
truck 86.02252 133.37187 42.318256 103.645836 0.84351766
car -0.570783 34.82227 162.03055 222.62393 0.6670079
car 332.7496 386.94684 69.3736 110.67556 0.9344651
car 93.453926 171.495 117.65082 198.81001 0.96822435
--
truck 85.87542 133.6379 42.273422 103.97287 0.8407041
car -0.51577985 34.735615 162.19899 222.65855 0.6748559
car 332.6954 387.1188 69.18291 110.6277 0.9348786
car 93.66972 171.17673 117.67604 198.6707 0.97141594
--
truck 85.79127 133.63835 42.14251 104.05817 0.8371103
car -0.49476027 34.67408 162.12125 222.59258 0.6727846
car 332.6115 387.16138 69.21809 110.58337 0.92931116
car 93.68783 171.15475 117.601715 198.7542 0.97244835
--
truck 85.55342 134.12767 42.046925 104.177536 0.8286086
car -0.4953611 34.642437 161.82755 222.73491 0.6690494
car 332.56665 387.1751 69.20621 110.5686 0.9308745
car 93.68281 171.20729 117.39023 198.95009 0.9696074
--
truck 90.97697 135.67036 41.14641 105.419014 0.8292267
car -0.47800004 34.594273 161.74225 223.07004 0.6611023
car 332.55856 387.20947 69.197685 110.61632 0.9261403
car 93.7245 171.03275 117.40918 198.97719 0.9716186
--
truck 92.224174 135.0213 41.994755 105.099594 0.869451
car -0.53498626 34.735638 162.52705 222.33328 0.674167
car 332.6454 387.2201 68.72954 110.37204 0.96406174
car 93.41377 172.06427 118.12337 198.36638 0.98274696
--
truck 91.72402 135.10095 41.91216 105.05747 0.8800886
car -0.54754615 34.735302 162.52634 222.42953 0.68040496
car 332.6896 387.17792 68.80309 110.33992 0.962876
car 93.37846 172.00813 118.26394 198.20158 0.98250735
--
truck 91.82092 134.9577 41.876507 105.00408 0.8734132
car -0.5144495 34.688496 162.69025 222.31184 0.68228215
car 332.671 387.17188 68.84497 110.31461 0.9614517
car 93.41814 172.07256 118.22336 198.31812 0.9812866
--
truck 91.774704 135.53142 42.745995 104.93411 0.8564748
car -0.5112505 34.691406 162.77599 222.32791 0.7029785
car 332.6514 387.15216 68.886024 110.30437 0.96233964
car 93.238495 172.05 118.32647 198.26283 0.98177654
--
truck 92.04845 135.65518 43.624527 104.838905 0.83866817
car -0.5194706 34.689983 162.72057 222.43091 0.70072263
car 332.73154 387.08392 68.93703 110.24387 0.9608114
car 93.14052 172.08939 118.395905 198.12515 0.9806956
--
truck 92.77313 135.81929 44.298523 104.70044 0.83421665
car -0.4742968 34.65558 162.78662 222.1472 0.6997573
car 332.73965 387.23712 68.86683 110.25072 0.960745
car 93.14479 171.9661 118.41087 198.05438 0.98116004
--
truck 92.647285 136.16252 44.501923 104.69831 0.8269926
car -0.48047125 34.649284 162.75008 222.22723 0.70398426
car 332.78958 387.21808 68.8914 110.23585 0.96047246
car 92.85656 172.12166 118.42839 198.14604 0.98013484
--
truck 92.15442 136.43582 44.17832 104.86542 0.8391777
car -0.48480034 34.64406 162.70389 222.15675 0.70538324
car 332.78592 387.2214 68.88222 110.25338 0.9613889
car 92.89697 171.99461 118.31745 198.13626 0.9801318
--
truck 92.13339 136.55507 44.154613 104.81665 0.8340291
car -0.4616493 34.62253 162.65073 222.29851 0.6988077
car 332.7653 387.16302 68.9061 110.2473 0.96093047
car 92.90923 172.01581 118.34224 198.11028 0.979247
--
truck 92.24998 137.07652 44.12245 104.8006 0.8445209
car -0.39117873 34.584526 162.53036 222.44923 0.6846249
car 332.77213 387.15292 69.00686 110.261665 0.96307963
car 92.92378 172.02042 118.3545 198.09766 0.9777565
--
truck 92.35438 137.03023 44.214806 104.75275 0.8393934
car -0.3771615 34.536224 162.60475 222.36777 0.69657826
car 332.81586 387.1292 68.93861 110.32072 0.9644705
car 93.014305 172.00755 118.35406 198.02704 0.97779953
--
truck 92.57993 137.37863 44.413628 104.875015 0.8458319
car -0.3446567 34.489643 162.6622 222.30603 0.6918928
car 332.7921 387.15112 68.93578 110.30902 0.96544325
car 92.984634 172.08997 118.36327 198.1228 0.97869873
--
truck 90.414764 138.66714 44.64449 105.519966 0.83336824
car -0.33662796 34.407036 162.663 222.32574 0.6481853
car 332.9042 387.5325 68.96317 110.24965 0.9652152
car 92.46663 172.37386 118.1476 198.3574 0.9704015
--
truck 90.44476 138.65741 44.657948 105.52456 0.8319168
car -0.29963315 34.347424 162.64484 222.36296 0.64722264
car 332.89868 387.53415 68.95634 110.22672 0.9686266
car 92.45451 172.412 118.12949 198.43654 0.97042805
--
truck 90.474884 138.75568 44.791477 105.606125 0.82690656
car -0.30349195 34.333565 162.61176 222.45639 0.6543122
car 332.9164 387.5089 68.94921 110.21171 0.9690893
car 92.38969 172.39682 118.20985 198.45433 0.9709397
--
truck 90.7815 139.20891 44.998188 106.05264 0.8365045
car -0.28819084 34.317833 162.80606 222.23582 0.64890844
car 332.92468 387.5304 69.01847 110.15798 0.9681963
car 92.46979 172.35136 118.17163 198.38557 0.96941376
--
truck 90.85731 139.24948 44.98697 106.046326 0.8366411
car -0.25984168 34.27713 162.8284 222.17444 0.6425502
car 332.8988 387.50757 69.04841 110.177 0.966902
car 92.4988 172.3876 118.1724 198.34636 0.97051036
--
truck 91.29501 139.12897 45.231594 106.06207 0.81911725
car 0.87280333 32.027843 167.97086 239.65567 0.6409262
car 332.8773 387.54596 69.03943 110.18061 0.9669585
car 92.53194 172.4183 118.03887 198.3591 0.97073746
--
truck 91.504715 139.24152 45.49446 106.50838 0.84797406
car -0.29442966 34.3241 162.81676 222.24623 0.63932866
car 332.86295 387.50687 69.010216 110.19001 0.9667776
car 92.58818 172.42285 118.021 198.42467 0.96991575
--
truck 91.60915 139.2634 45.47227 106.29899 0.8448991
car -0.29673278 34.363445 163.07785 222.0471 0.6459506
car 332.8645 387.61572 68.883675 110.24572 0.9638269
car 92.70062 172.28284 118.14319 198.02972 0.9737793
--
truck 91.39295 139.96666 45.731277 106.599174 0.8415982
car -0.31797945 34.413692 163.11313 221.86815 0.6363394
car 332.8603 387.41873 68.91054 110.22435 0.96350694
car 92.47806 172.36292 118.03061 198.33768 0.9740705
--
truck 91.87471 140.34334 45.5177 106.35582 0.80047995
car 0.90390086 32.103836 167.78836 240.1465 0.6357441
car 332.87805 387.47998 68.98278 110.21371 0.9613755
car 92.42147 172.27434 117.99692 198.45248 0.9746536
--
truck 91.73613 140.32248 45.496143 106.29489 0.79592705
car 0.8181864 32.198166 167.83861 240.09161 0.6481802
car 332.817 387.4669 68.95533 110.21921 0.9581232
car 92.41827 172.4717 117.971146 198.3619 0.97449267
--
truck 91.35072 139.97203 45.78672 106.492584 0.8139169
car 0.7592529 32.233837 167.60715 240.43115 0.6567893
car 332.83228 387.40976 68.99559 110.20043 0.957997
car 92.51404 172.46046 117.994 198.149 0.97445273
--
truck 92.094604 140.42159 45.400265 106.51874 0.80879974
car 0.7203913 32.36084 166.99677 241.14989 0.6483751
car 333.14606 387.3798 68.42249 110.493576 0.9596692
car 92.72986 172.48817 118.05868 197.47107 0.9754808
--
truck 91.96054 140.41489 45.54163 106.87296 0.79710287
car 0.69427013 32.42056 167.00533 241.15094 0.64818424
car 333.17566 387.34552 68.40337 110.46682 0.9608272
car 92.76099 172.45747 117.93051 197.49783 0.97464305
--
truck 92.06274 140.68845 45.634342 107.20345 0.80368847
car 0.68532944 32.42784 167.09973 241.03317 0.65185183
car 333.15048 387.30878 68.41182 110.46568 0.96079075
car 92.623985 172.45311 118.184395 197.50319 0.97604907
--
truck 92.15179 140.66408 45.698597 107.17607 0.8076287
car 0.70405483 32.417324 167.11128 240.91284 0.66087955
car 333.16055 387.28452 68.36869 110.48813 0.96074706
car 92.52441 172.54985 118.18358 197.50525 0.9762313
--
truck 92.97795 141.22957 45.972656 107.16506 0.777493
car 0.69625676 32.38996 167.06635 240.94562 0.67289734
car 333.15408 387.29504 68.35542 110.4965 0.96287155
car 92.62954 172.43262 118.19868 197.48364 0.9776503
--
truck 92.84291 140.97241 45.84966 107.38296 0.8058694
car 0.67209184 32.411636 166.98828 241.04099 0.68410563
car 333.15314 387.2678 68.331764 110.505005 0.96465707
car 92.67076 172.38702 118.22309 197.5438 0.9755449
--
truck 92.77494 140.76886 45.946175 107.24407 0.7902076
car 0.6601113 32.427277 166.98393 241.04019 0.68172276
car 333.13766 387.2609 68.39327 110.46945 0.9618065
car 92.68298 172.35217 118.184204 197.49176 0.9740201
--
truck 92.15611 140.71802 45.533512 107.666405 0.77801406
car 0.6334233 32.446613 166.95148 241.21198 0.68133014
car 333.10617 387.31415 68.360985 110.475235 0.9609024
car 92.809616 172.34004 118.184006 197.48236 0.9749975
--
truck 92.074066 140.65706 45.500484 107.62664 0.789341
car 0.58066607 32.466072 166.82504 241.29097 0.68301183
car 333.13742 387.30283 68.38434 110.47006 0.9606116
car 92.69274 172.30247 118.17483 197.51839 0.9747692
--
truck 92.38747 140.56946 45.963284 107.56637 0.78576845
car 0.59218526 32.481396 166.85243 241.28632 0.6847259
car 333.15598 387.27188 68.38676 110.46523 0.96007276
car 92.57468 172.27081 118.20264 197.61717 0.9739106
--
truck 91.998665 140.09772 45.846107 107.52404 0.76411563
car 0.58885217 32.510975 166.89586 241.27661 0.68126017
car 333.1695 387.271 68.43716 110.45403 0.96261054
car 92.65632 172.21086 118.22395 197.51642 0.97425425
--
truck 92.33588 140.22275 46.080975 107.46032 0.7565461
car 0.5951482 32.510113 166.91469 241.2996 0.6839346
car 333.16617 387.28885 68.43851 110.43169 0.9598201
car 92.765594 172.168 118.24145 197.41562 0.9756053
--
truck 92.990685 140.68327 45.961857 107.763626 0.7078072
car 0.82046986 32.054558 168.37202 239.47687 0.66257507
car 333.09213 387.53513 69.18968 110.32767 0.92914456
car 92.5933 172.90364 118.512 197.67322 0.9600032
--
truck 92.538734 140.88403 45.691715 108.22857 0.6772142
car 0.8390415 32.029 168.47482 239.33578 0.66168207
car 333.0846 387.56967 69.20537 110.31913 0.9323057
car 92.44188 173.09009 118.43959 197.72949 0.9607163
--
truck 92.58121 140.94373 45.684467 108.217545 0.67622244
car 0.82782984 32.041435 168.4222 239.38548 0.67425054
car 333.09436 387.53912 69.21576 110.30263 0.93293417
car 92.4352 173.0849 118.44341 197.7447 0.96124524
--
truck 93.08383 141.6911 45.711224 108.47394 0.6774622
car 0.8377862 31.984406 168.47987 239.35712 0.6743728
car 333.0935 387.51978 69.225204 110.291214 0.934819
car 92.41693 173.10347 118.480865 197.8907 0.9551105
--
truck 92.35475 141.54506 45.101463 108.4386 0.71041507
car 0.79346 32.08849 168.3037 239.59508 0.6711263
car 333.14072 387.55945 69.23019 110.23801 0.9320952
car 92.41194 173.06487 118.40043 198.06027 0.9529606
--
truck 92.473526 141.67311 45.050533 108.428276 0.67854947
car 0.840801 32.053955 168.47086 239.33229 0.6615001
car 333.1186 387.58304 69.18166 110.27941 0.9300127
car 92.47746 173.053 118.35943 198.05916 0.95831054
--
truck 92.56866 142.1913 45.103733 108.90586 0.66410613
car 450.7121 479.5429 282.3602 359.8439 0.40844804
car 0.87970555 31.993181 168.48227 239.35016 0.6516838
car 333.11154 387.53912 69.08954 110.32304 0.919874
car 92.50537 173.0776 118.46871 197.9339 0.95693266
--
truck 92.63835 142.42671 44.960213 109.02206 0.6615203
car 0.8710635 32.041466 168.49373 239.3455 0.65071905
car 333.0553 387.49643 69.02958 110.367805 0.92571896
car 92.56658 173.00876 118.35045 197.91115 0.9598848
--
truck 92.74684 142.68765 44.86404 109.144196 0.6439828
car 0.86223185 32.060085 168.48463 239.35988 0.6510284
car 333.01328 387.4995 69.03432 110.35619 0.92144036
car 92.576355 173.14702 118.42768 197.78017 0.9674927
--
truck 92.97597 142.52115 44.84364 108.78265 0.5932068
car 0.84035397 32.08604 168.41019 239.49286 0.6591186
car 333.08334 387.48022 68.999596 110.37378 0.91766495
car 92.62387 172.97685 118.29751 197.90506 0.96235436
--
truck 93.06617 142.43608 44.981796 108.87229 0.6092724
car 0.81820965 32.11345 168.32661 239.57411 0.6666476
car 333.0523 387.44946 69.002594 110.39611 0.9239506
car 92.702255 173.01303 118.290184 197.7996 0.9631267
--
truck 93.592155 142.30919 45.268982 108.7782 0.6362879
car 0.7321143 32.172672 168.268 239.65434 0.6889874
car 333.13058 387.41992 69.00713 110.376686 0.9283571
car 92.75455 172.98116 118.32626 197.82335 0.96083987
--
truck 93.75137 142.12543 45.375935 108.516556 0.6604422
car 0.75378835 32.36355 167.69458 239.6125 0.6583047
car 332.63333 387.42514 69.04402 110.41167 0.9444107
car 92.32644 172.65715 118.12537 198.40848 0.950743
--
truck 93.73346 142.10387 45.37006 108.514786 0.6589806
car 0.7584518 32.344208 167.72145 239.57787 0.6561905
car 332.6153 387.4452 69.04807 110.409424 0.9436946
car 92.35354 172.62236 118.12225 198.33073 0.9504353
--
truck 93.554436 142.26031 45.237267 108.645775 0.67565817
car 0.74343145 32.367012 167.71407 239.5795 0.65663296
car 332.65292 387.4351 69.06847 110.44688 0.941987
car 92.327644 172.6306 118.13148 198.38846 0.9502168
--
truck 93.719315 142.8721 44.973557 108.75367 0.61431265
car 409.79608 480.3343 272.81354 360.60678 0.3280868
car -0.5616671 34.804573 163.18834 222.04858 0.6458555
car 332.62244 387.5 69.04512 110.47343 0.93552953
car 92.34568 172.67583 118.23717 198.37823 0.95256835
--
truck 93.818405 142.93246 44.987537 108.87 0.6138212
car 409.8727 480.32227 273.05957 360.45294 0.36064157
car -0.56097686 34.781364 163.16902 221.90477 0.6468526
car 332.6126 387.5297 69.08997 110.46429 0.9342639
car 92.409836 172.61006 118.21901 198.29251 0.95388377
--
truck 93.58423 142.65363 44.763374 108.86616 0.6553701
car 403.07224 477.96707 269.44205 361.55392 0.4039628
car -0.58790267 34.814217 163.15399 222.06934 0.66262627
car 332.63998 387.51224 69.07042 110.47044 0.93643606
car 92.376144 172.58269 118.201355 198.3397 0.9522041
--
truck 93.8764 142.65349 44.68301 108.910736 0.66388464
car -0.5714178 34.79761 163.23259 222.08214 0.65214264
car 399.81055 479.769 268.1136 361.57053 0.8115239
car 332.6343 387.5128 69.06043 110.49305 0.93646526
car 92.439255 172.57605 118.230644 198.14615 0.95304173
--
truck 93.89551 142.79088 44.537403 108.96901 0.6467862
car -0.55898666 34.78944 163.29361 221.90332 0.6511821
car 399.78287 479.88568 268.09113 361.90454 0.82766944
car 332.69754 387.50833 69.014206 110.45737 0.9361254
car 92.34953 172.64479 118.18572 198.1915 0.951897
--
truck 93.81017 143.09996 44.483902 108.89741 0.61786103
car -0.56131124 34.808643 163.3173 221.87723 0.65591985
car 387.90842 478.1216 267.758 358.31726 0.9042098
car 332.7022 387.54904 69.07823 110.44221 0.9327235
car 92.48713 172.55305 118.14938 198.2443 0.95480907
--
truck 93.38704 143.13725 44.429924 109.110855 0.60940474
car 0.6719631 32.408367 167.5786 239.5681 0.6576707
car 332.6881 387.53918 69.1719 110.42911 0.9270953
car 92.54439 172.50484 118.07875 198.05865 0.9611109
car 386.07538 478.1092 266.17624 359.72647 0.97000813
--
truck 93.27909 143.18135 44.36032 109.120255 0.59893036
car 0.6745988 32.36507 167.65968 239.4121 0.64671355
car 332.67447 387.49307 69.18262 110.44167 0.92834544
car 92.50345 172.502 118.06439 197.97531 0.9609102
car 382.3514 479.62988 253.78148 355.05466 0.9707244
--
truck 93.50776 143.1334 44.45438 109.24567 0.627345
car -0.5545771 34.72469 163.20467 222.31563 0.641327
car 332.6892 387.46786 69.2464 110.463524 0.9248851
car 92.39123 172.51476 118.0829 197.99376 0.9601157
car 378.6444 479.58405 249.99823 357.3041 0.98133665
--
truck 93.83248 143.12181 44.71632 109.10498 0.6007013
car 0.7034254 32.285107 168.09918 238.97757 0.68653774
car 93.072815 172.18126 118.06048 198.10176 0.9354137
car 333.22946 387.22437 68.95526 110.34315 0.9601872
car 377.98563 479.4899 248.27394 358.10306 0.98363817
--
truck 93.7534 143.50711 44.67245 109.11209 0.6040548
car 0.7264048 32.248272 168.15076 238.92459 0.6867054
car 374.11838 478.76425 245.63173 358.1969 0.93783677
car 92.910034 172.20964 118.13044 198.25426 0.9385472
car 333.21164 387.24527 68.99628 110.34454 0.9570343
--
truck 93.586075 143.88498 44.459164 108.7577 0.6235725
car 0.7095319 32.292 168.08974 239.01929 0.6884925
car 369.66595 480.28702 251.18883 355.9225 0.87463266
car 92.93219 172.20934 118.084755 198.25578 0.9389371
car 333.1515 387.238 68.95158 110.41669 0.9574175
--
truck 93.52661 143.8436 44.45346 108.80273 0.6265343
car 0.71382344 32.31684 168.05878 238.95836 0.7020446
car 369.7225 480.50034 251.01382 356.03033 0.87470996
car 92.953575 172.22668 118.11536 198.23541 0.9400754
car 333.18018 387.2139 68.96012 110.426956 0.9564019
--
truck 93.758766 144.29817 44.089165 109.61355 0.6351935
car 0.7419294 32.26302 168.12056 238.9498 0.6914429
car 93.0027 172.19376 118.0543 198.32384 0.9393893
car 333.14108 387.29843 68.97356 110.47442 0.95088595
car 363.27246 481.67072 246.33022 356.94708 0.9681242
--
truck 93.81875 144.29297 44.062283 109.6736 0.66503
car 0.75653493 32.248035 168.08429 238.98088 0.6938075
car 93.04233 172.30594 118.12421 198.16315 0.9332799
car 358.548 481.91504 244.46494 357.9706 0.933479
car 333.07275 387.26038 68.937805 110.47532 0.9486724
--
truck 93.84936 144.5137 44.374146 108.83516 0.65616816
car 0.7675624 32.243607 168.01724 238.99815 0.68630797
car 93.052574 172.3181 118.110504 198.22205 0.93435943
car 358.76825 481.75186 244.38315 358.01526 0.9394343
car 333.0901 387.2564 68.93723 110.468796 0.9483611
--
truck 94.293564 144.3908 44.053944 109.78398 0.6550199
car 0.7779014 32.230667 168.09727 238.8754 0.6931281
car 93.079704 172.34291 118.05478 198.10886 0.932463
car 333.10867 387.28528 68.944176 110.494125 0.9459105
car 352.99805 481.0883 240.43997 359.5288 0.980411
--
truck 94.25217 144.6802 44.47145 108.80907 0.6273933
car 0.7412213 32.298626 168.10904 238.80405 0.684511
car 93.11867 172.26782 117.9978 198.09729 0.93063635
car 333.09503 387.29092 69.02807 110.45547 0.9456279
car 350.8737 480.69775 239.5332 356.15625 0.9688328
--
truck 94.33868 144.48186 44.082176 109.69844 0.6266489
car -0.6043607 34.76135 163.67583 221.78307 0.6881371
car 93.09873 172.26115 118.06343 197.9729 0.93405414
car 333.02396 387.3548 69.033195 110.5055 0.9428915
car 350.62872 480.49548 239.47481 356.11566 0.9667811
--
truck 94.211945 144.76761 44.76119 108.83798 0.5541835
car -0.66424906 34.822227 163.50267 221.95161 0.69463146
car 92.76054 172.38167 117.95851 198.42958 0.93663263
car 333.10608 387.33087 69.0905 110.512024 0.94912153
car 345.28772 481.31436 233.15456 357.56873 0.992024
--
truck 94.258156 144.76796 44.70892 108.79488 0.55008084
car 0.75074136 32.292038 167.86757 239.06198 0.6961963
car 92.92035 172.30962 117.99787 198.28061 0.93167067
car 333.09015 387.34598 69.08793 110.52632 0.9488161
car 345.3861 481.4234 233.48619 357.5422 0.9920027
--
truck 94.194046 144.76523 44.840305 108.55696 0.5424339
car -0.3689164 34.50303 163.20413 221.14273 0.64960486
car 333.1021 387.49124 69.21807 110.2392 0.93360186
car 92.769844 172.6147 118.16681 198.14513 0.9580214
car 343.4931 478.24008 231.13602 356.22202 0.9764027
--
truck 94.419365 145.12738 44.63526 108.83524 0.5626357
car -0.38548887 34.519867 163.22852 221.12491 0.65155596
car 332.51483 475.80505 228.9976 355.32925 0.91547287
car 333.16577 387.46057 69.217636 110.25629 0.9352538
car 92.79874 172.39714 118.20505 198.14964 0.9552407
--
truck 94.42932 145.0764 44.75484 108.77624 0.5559195
car -0.395692 34.56594 163.2263 221.1403 0.65156627
car 332.5207 475.8052 229.12076 355.6009 0.9058521
car 333.19308 387.4424 69.222336 110.2679 0.93373585
car 92.79501 172.36613 118.21501 198.16188 0.9531575
--
truck 94.81178 145.12158 44.146435 109.97182 0.5878047
car -0.3886503 34.56298 163.15369 221.13824 0.6550067
car 333.1753 387.49222 69.176956 110.31681 0.93595785
car 330.80817 476.09326 225.59776 356.2438 0.94160557
car 92.89224 172.21481 118.19111 198.03871 0.9477675
--
truck 94.89101 145.01453 44.044945 109.853004 0.62293893
car -0.43200374 34.65117 163.15968 221.30615 0.6528892
car 328.3902 477.93115 223.8739 356.02725 0.8545508
car 333.21292 387.37094 69.159706 110.34917 0.93897134
car 92.867874 172.21637 118.19042 198.13004 0.95472485
--
truck 94.91465 144.94484 44.056423 110.04142 0.6283882
car -0.43305874 34.66268 163.12187 221.32185 0.65030247
car 328.50104 477.82 223.96106 356.10812 0.8399849
car 333.25165 387.39105 69.17563 110.35796 0.93866354
car 92.8321 172.26088 118.21104 198.10034 0.9559792
--
truck 94.83366 145.00142 44.08846 109.78159 0.68501276
car -0.451414 34.689888 162.98836 221.45425 0.6297791
car 326.18814 477.74295 222.52698 355.60876 0.87340677
car 333.33594 387.27747 69.13353 110.41423 0.9421768
car 92.87504 172.23987 118.20846 198.18452 0.9564474
--
truck 95.0981 145.14755 44.09609 110.04541 0.67804927
car -0.4543519 34.70369 163.03609 221.36462 0.63440853
car 323.89453 477.9059 220.13084 353.67142 0.90189886
car 333.27295 387.29913 69.17671 110.43906 0.942494
car 92.926544 172.2511 118.14648 198.16002 0.95690495
--
truck 95.00688 145.13942 44.131313 110.038185 0.66684705
car -0.38580537 34.619522 163.18045 221.23354 0.63105077
car 323.88525 477.85236 220.32216 353.61194 0.89887285
car 333.20807 387.30618 69.182915 110.45351 0.9434512
car 92.85804 172.27904 118.1171 198.22243 0.95558155
--
truck 95.08159 145.39752 44.225285 109.85359 0.60980344
car -0.37590265 34.579334 163.07811 221.37128 0.6378865
car 324.34937 476.95062 216.09454 351.1836 0.88556105
car 333.25125 387.26266 69.05209 110.5213 0.9485263
car 93.030365 172.05954 118.20891 198.15735 0.95583016
--
truck 94.905525 145.52174 44.330097 110.165215 0.6572101
car -0.37686825 34.567112 163.12003 221.3205 0.6337944
car 324.6044 474.78864 212.52556 351.05774 0.8941593
car 333.30545 387.39206 69.11115 110.55143 0.94588715
car 93.28993 172.05971 118.28647 197.89482 0.9597422
--
truck 94.840004 145.47833 44.295593 110.11646 0.65313125
car -0.39187253 34.610874 163.01039 221.47272 0.62790745
car 324.49133 474.87848 212.8091 351.13712 0.8849271
car 333.3053 387.4177 69.12212 110.54337 0.9467554
car 93.32126 171.99785 118.30849 197.84818 0.9617264
--
truck 94.83623 145.67332 44.157856 110.717896 0.63686466
car -0.62823415 34.92359 163.59349 221.52324 0.59967756
car 333.76947 388.37338 63.73324 109.56805 0.91219634
car 319.98486 471.69943 198.8708 333.00757 0.9271169
car 93.36887 172.09436 118.15239 197.9185 0.9678559
--
truck 94.66883 145.78725 44.936275 109.60059 0.63422024
car -0.65933704 34.950474 163.60117 221.4241 0.6135991
car 333.75244 388.4564 63.76749 109.54874 0.91086626
car 319.92163 471.6582 198.8661 332.93686 0.93070006
car 93.484985 172.12907 118.22024 197.9196 0.96807957
--
truck 94.946075 145.84547 44.2124 110.81883 0.65193796
car -0.6409496 34.90257 163.57315 221.4483 0.61694074
car 333.2475 387.15088 68.68452 110.34949 0.91591537
car 317.82025 468.88324 198.46284 332.0629 0.9447908
car 93.37127 172.0888 118.18704 197.93939 0.97019124
--
truck 95.11232 145.81648 44.078922 110.779076 0.643481
car -0.64437747 34.90884 163.5899 221.43764 0.61507934
car 309.34378 471.08932 188.39938 345.32565 0.9054877
car 333.2127 387.16815 68.61789 110.444336 0.90831757
car 93.561905 171.95299 118.0402 198.06331 0.97014743
--
truck 95.155 145.85849 44.08414 110.827835 0.6506721
car -0.6071359 34.87567 163.63426 221.36505 0.6092409
car 333.20587 387.24286 68.57841 110.43085 0.90646136
car 313.91757 468.63092 197.3931 333.8063 0.9200673
car 93.44158 172.06567 117.980515 198.07722 0.97069013
--
truck 94.91973 146.2139 45.096592 110.23796 0.6214715
car -0.6099415 34.887398 163.65355 221.37666 0.61059433
car 333.13672 387.21307 68.60521 110.50622 0.8955481
car 93.47588 172.10718 118.065254 197.95909 0.96833163
car 307.82596 458.51288 197.54237 330.32336 0.9732149
--
truck 94.98196 146.54738 44.90357 110.17011 0.59655726
car -0.58941543 34.85965 163.63599 221.43489 0.60452425
car 333.30444 387.06244 68.56633 110.50548 0.905321
car 93.32475 172.02634 118.031876 197.95938 0.9641347
car 307.21652 456.1025 195.80515 330.4427 0.9698991
--
truck 94.98852 146.61003 44.86792 110.273026 0.6043461
car -0.59208333 34.86059 163.5719 221.51825 0.5949619
car 333.2772 387.09897 68.53182 110.575485 0.90397626
car 93.43859 172.0044 117.931046 197.9186 0.96610874
car 307.318 456.1957 195.72589 330.5467 0.9700392
--
truck 95.12221 146.86049 44.8201 110.61968 0.65910923
car -0.5700427 34.850414 163.66855 221.52512 0.6087535
car 333.2652 387.1328 68.42955 110.59513 0.9011132
car 304.18384 455.4933 194.21674 329.42047 0.95517635
car 93.34209 172.0066 117.85624 197.87907 0.96496665
--
truck 95.6699 146.9237 45.15721 110.47149 0.68889016
car -0.60227036 34.92034 163.54349 221.52895 0.6004073
car 333.28293 387.1468 68.38768 110.6071 0.8966241
car 298.40027 461.6511 185.83188 337.20575 0.9260333
car 93.419464 171.9359 117.700554 197.8829 0.9680016
--
truck 95.67707 146.8448 45.29349 110.37393 0.68249017
car -0.6145477 34.94591 163.547 221.63213 0.6021502
car 333.26135 387.07455 68.40025 110.62863 0.89695495
car 298.35825 461.68692 185.83278 337.1112 0.9373203
car 93.386246 171.91406 117.69878 197.9233 0.96523464
--
truck 95.787025 147.12616 45.191822 110.50714 0.6702423
car -0.58923304 34.918655 163.61237 221.58838 0.6233734
car 333.09503 387.1133 68.421974 110.643394 0.902452
car 298.80347 452.68314 192.68239 325.4354 0.96578187
car 93.59674 171.86063 117.707 197.88913 0.968619
--
truck 95.67781 147.11458 44.443867 110.41099 0.6532103
car 0.5830926 32.622593 167.36559 240.26576 0.6389292
car 333.00314 387.3545 68.90375 110.570946 0.92562056
car 298.6346 452.69525 192.62624 324.5623 0.94932485
car 92.74568 172.04236 117.72284 198.24126 0.95755017
--
truck 95.66362 147.13731 44.328835 110.49256 0.6780539
car 0.57255864 32.65428 167.37775 240.29314 0.63707185
car 332.98492 387.39627 68.81163 110.616196 0.92900354
car 92.7051 172.22543 117.83666 198.21 0.9553965
car 297.13348 448.84677 191.00565 324.1807 0.95837456
--
truck 96.172874 147.42555 43.51161 111.108284 0.65216136
car 0.5610305 32.6866 167.43068 240.4038 0.63511145
car 333.00238 387.4297 68.784935 110.59826 0.9337501
car 92.641914 172.23602 117.88103 198.2831 0.9575801
car 293.3407 440.70355 190.43156 323.08658 0.95852005
--
truck 96.3269 147.4219 43.5889 111.015 0.652052
car 0.55155516 32.695766 167.44952 240.37018 0.62745094
car 332.98227 387.38452 68.82076 110.616394 0.9365787
car 92.61802 172.24446 117.88077 198.24188 0.9572146
car 293.26093 440.82367 190.12639 323.11053 0.9604977
--
truck 95.95381 147.71638 44.23912 110.663124 0.7074065
car 0.5880636 32.645565 167.56854 240.271 0.6283993
car 292.7525 438.88745 186.87401 323.31528 0.92768824
car 332.95984 387.37256 68.863686 110.587746 0.93557644
car 92.75177 172.2717 117.94334 198.22446 0.9575302
--
truck 96.27924 148.03255 44.168236 110.69436 0.67501116
car 0.5971813 32.662235 167.66736 240.19077 0.6338857
car 332.93176 387.35806 68.81185 110.619286 0.93548465
car 92.59825 172.34692 117.83994 198.24448 0.9589784
car 291.2836 435.70868 184.45004 322.28894 0.9677027
--
truck 96.291504 148.00223 44.229904 110.78656 0.6853441
car 0.59433997 32.651466 167.7242 240.12462 0.6243991
car 332.94327 387.3635 68.8108 110.62842 0.93279374
car 92.55934 172.40569 117.802704 198.30139 0.95858324
car 291.3867 435.73468 184.41318 322.24414 0.9649207
--
truck 96.30176 148.18034 44.20491 110.836105 0.68694705
car 0.5582857 32.687096 167.64589 240.13564 0.63684475
car 332.96313 387.2817 68.89878 110.617676 0.93329346
car 92.49955 172.42632 117.92567 198.20613 0.95670384
car 290.58096 433.162 183.20148 318.31146 0.96580565
--
truck 96.63906 148.25647 43.505318 111.6459 0.727678
car 0.5847573 32.60202 167.68753 240.04842 0.63005495
car 333.0299 387.34756 68.79976 110.66121 0.9349686
car 92.736626 172.3207 117.95192 198.0816 0.9528383
car 289.5939 431.50717 181.18994 315.8687 0.9834652
--
truck 96.55419 148.307 43.407383 111.67697 0.711646
car 0.5790138 32.613895 167.71355 240.02307 0.6324256
car 333.0101 387.33023 68.852356 110.66496 0.9336173
car 92.80249 172.18712 117.9607 197.90428 0.96117985
car 289.6429 431.81723 181.3061 315.59872 0.9831433
--
truck 96.91225 148.31021 43.692192 111.25889 0.63837576
car 0.6033629 32.582165 167.71281 240.07779 0.6339919
car 332.96698 387.34793 68.95775 110.623856 0.9235479
car 92.87354 172.11147 117.99046 197.98488 0.95719683
car 289.19397 428.8712 179.63158 314.0346 0.9825528
--
truck 96.928635 148.39246 43.625027 111.42254 0.6366657
car 0.6103045 32.563805 167.69504 240.09236 0.6311117
car 332.94278 387.39728 69.01941 110.629745 0.9247148
car 92.88385 172.16002 118.01769 197.92703 0.9573995
car 289.18762 428.85413 179.71219 313.73575 0.9827284
--
truck 97.01716 148.30548 44.50682 110.57733 0.6609314
car -0.52229583 34.768555 162.85388 222.67242 0.6311559
car 332.96823 387.48547 68.755646 110.81339 0.9419352
car 93.22496 171.8517 117.696266 198.0865 0.9643404
car 287.76895 425.7673 178.20152 310.80594 0.9752145
--
truck 97.00091 148.65926 44.301716 111.04582 0.68173885
car -0.53538144 34.783688 162.97023 222.62964 0.633646
car 284.09415 424.0012 177.29706 306.33957 0.939188
car 332.9637 387.49625 68.70444 110.82269 0.9412975
car 93.16204 171.82787 117.78455 198.06912 0.96753603
--
truck 96.92522 148.6786 44.26776 111.04109 0.68292975
car -0.5479932 34.81305 163.0332 222.6027 0.631988
car 332.95755 387.52762 68.678734 110.829346 0.9402451
car 284.0984 423.94186 177.43915 306.22168 0.94328403
car 93.14003 171.91281 117.74024 198.09041 0.96770954
--
truck 96.95131 148.8582 44.3816 111.13823 0.70450246
car -0.53881824 34.798565 162.93059 222.67073 0.630848
car 332.93118 387.5796 68.69105 110.80287 0.9396301
car 93.24986 171.96542 117.83109 198.0715 0.96644604
car 280.0162 422.45825 167.61063 298.11783 0.9702733
--
truck 97.162186 148.7412 44.56524 111.16811 0.7157113
car 0.6216717 32.39941 167.4013 240.20206 0.62950176
car 332.9553 387.5119 68.67525 110.795586 0.93910533
car 93.14518 171.9187 117.74179 198.08575 0.96626145
car 281.54767 422.24625 175.23553 303.01572 0.96782005
--
truck 97.1676 148.75937 44.529625 111.246376 0.707514
car 0.60695887 32.451927 167.32422 240.17139 0.63821185
car 332.9473 387.47986 68.68854 110.7957 0.94042426
car 93.18854 171.90381 117.82077 198.0249 0.96735483
car 281.57062 422.34897 175.25352 302.98288 0.9686846
--
truck 97.06222 148.77046 44.33607 111.13437 0.6960336
car 0.6419617 32.413216 167.4089 240.0874 0.63987005
car 332.86914 387.51205 68.69369 110.82274 0.93948406
car 93.26649 171.80663 117.67737 198.14767 0.97021216
car 277.27142 419.5466 169.78084 293.9672 0.97032267
--
truck 97.47957 148.7598 43.90652 112.06919 0.70803136
car 0.6296003 32.453693 167.38728 240.21059 0.6526474
car 332.83575 387.5189 68.762115 110.76028 0.93656087
car 93.46067 171.71301 117.75516 198.07198 0.96870047
car 275.786 416.399 170.27199 292.72186 0.97027814
--
truck 97.65794 148.81421 44.27639 111.97845 0.69614655
car 0.61433315 32.484436 167.44644 240.13156 0.6516644
car 332.84778 387.5727 68.75007 110.77704 0.9351041
car 93.38179 171.74257 117.78678 197.97717 0.96686184
car 275.9699 416.3006 170.37448 292.67307 0.9732412
--
truck 97.772766 148.52266 44.38964 112.00192 0.7470038
car 0.63404024 32.44803 167.49515 240.04453 0.64645094
car 332.88214 387.5072 68.84216 110.69318 0.9299797
car 273.93726 412.84912 171.00609 291.9016 0.9566218
car 93.42278 171.64175 117.65845 197.9311 0.96418065
--
truck 98.0301 148.66771 44.176582 112.24164 0.7443565
car 0.63222885 32.45467 167.51306 240.01013 0.64752734
car 332.85034 387.55667 68.85523 110.69521 0.92537385
car 272.0948 409.92062 170.56258 290.9356 0.94027114
car 93.58859 171.56369 117.484314 197.9504 0.9668001
--
truck 98.12668 148.6088 44.365253 112.08653 0.7295727
car -0.51884115 34.73435 162.83034 222.86737 0.64697045
car 332.80203 387.51773 68.8827 110.700584 0.92895454
car 272.10056 409.4878 170.55089 290.98654 0.93931305
car 93.61258 171.51575 117.50037 197.83582 0.9665716
--
truck 98.5132 149.02301 44.138477 112.182816 0.74643826
car 0.4375702 32.663776 166.5877 240.89825 0.616807
car 332.81238 387.32043 68.9756 110.74148 0.9457747
car 269.84845 407.60202 168.54018 291.85422 0.9489655
car 93.346466 172.00778 117.60786 197.79364 0.97263646
--
truck 98.50562 149.04654 44.103027 112.22032 0.7482489
car 0.46269357 32.629715 166.66301 240.78745 0.59823143
car 332.81168 387.3022 68.962585 110.72145 0.94737124
car 270.13156 407.42734 168.4096 291.88135 0.949131
car 93.32822 172.02588 117.6134 197.7809 0.97185117
--
truck 98.465744 149.07336 44.09946 112.57583 0.75142795
car 0.46247184 32.63053 166.65123 240.81927 0.5947668
car 332.78778 387.34097 69.005844 110.67687 0.9491685
car 269.8064 405.53195 168.38881 289.5792 0.95385647
car 93.26449 172.04901 117.67316 197.82504 0.9713828
--
truck 98.412766 149.18797 44.226303 112.46876 0.76648486
car 0.48722863 32.63651 166.8452 240.73529 0.6288176
car 269.38312 403.91132 168.38162 288.53955 0.9156358
car 332.84344 387.3361 69.03267 110.69236 0.9469632
car 93.31795 172.03687 117.65527 197.85606 0.971036
--
truck 98.428024 149.21954 44.15956 112.59071 0.77938026
car 0.5026907 32.62358 166.88585 240.70844 0.6265301
car 269.30045 403.98483 168.48415 288.51468 0.9205768
car 332.82654 387.3647 68.98514 110.71789 0.94579536
car 93.29108 172.07558 117.693726 197.86234 0.9714821
--
truck 98.64401 149.24266 44.436493 112.55794 0.7888299
car 0.52010894 32.624004 166.92184 240.57149 0.59446895
car 332.79523 387.3663 68.962906 110.64222 0.9466955
car 268.78326 402.47983 167.9837 287.5834 0.9516393
car 93.216644 172.13202 117.57169 197.81107 0.9722075
--
truck 98.68365 149.4748 44.162167 113.03509 0.80541897
car 0.5147588 32.640182 166.93091 240.64636 0.59522736
car 332.77692 387.41614 68.958496 110.63209 0.94676846
car 267.52142 401.82117 167.60408 284.33218 0.94758356
car 93.26402 172.10878 117.659904 197.72131 0.971398
--
truck 98.67724 149.54265 44.07964 112.94381 0.78665096
car 0.5820483 32.563812 166.86584 240.7011 0.57551825
car 332.80704 387.47214 68.922195 110.58505 0.94718814
car 267.5603 401.79175 167.55522 284.29822 0.9475386
car 93.30385 172.03262 117.6215 197.68715 0.9719385
--
truck 98.79546 149.80463 43.944416 113.368324 0.7825879
car 0.587613 32.512814 166.90598 240.6414 0.59120464
car 332.78976 387.36612 68.89571 110.60018 0.94876224
car 93.272865 171.95676 117.72283 197.76468 0.9747881
car 265.85434 402.01926 165.86354 281.54144 0.9840764
--
truck 98.82449 150.03821 43.959328 113.71232 0.7597889
car 0.5770916 32.522514 166.873 240.5968 0.5975326
car 332.82895 387.32297 68.99609 110.580505 0.9451561
car 266.01074 401.6105 163.82959 278.67236 0.9649141
car 93.205536 171.92883 117.78156 197.8013 0.98011863
--
truck 98.96883 149.97021 44.036476 113.657135 0.77255327
car 0.5564314 32.547012 166.90901 240.49338 0.6039544
car 332.81952 387.3335 68.946304 110.578026 0.9455915
car 266.01 401.6098 163.77376 278.89313 0.9664418
car 93.213936 171.93506 117.724 197.81406 0.9796777
--
truck 99.14867 149.91472 43.95371 113.76544 0.7857378
car 0.55940866 32.539207 166.90257 240.4594 0.60454136
car 332.8052 387.33694 68.96961 110.57814 0.9431656
car 266.49954 401.0983 163.03267 278.12433 0.9654418
car 93.2129 171.89447 117.81358 197.79631 0.97719866
--
truck 98.063545 152.63164 44.80775 113.02759 0.78650874
car -0.46549916 34.65803 162.42099 223.0212 0.6623217
car 332.60532 387.3206 68.73874 110.69496 0.8887294
car 266.08743 401.4333 162.67426 278.45938 0.9780892
car 93.61886 171.67181 117.585815 197.93513 0.9793106
--
truck 97.95857 152.6112 44.8416 113.16403 0.80230266
car -0.43159425 34.60192 162.50787 222.77098 0.65929306
car 332.64767 387.29608 68.8802 110.64453 0.8872295
car 263.42883 392.66467 161.17839 280.28915 0.9719339
car 93.57621 171.75526 117.50869 197.90234 0.97952026
--
truck 98.23405 152.72156 44.63245 113.33713 0.76299584
car -0.42897642 34.592422 162.47807 222.86378 0.6621277
car 332.75922 387.3036 68.939095 110.63631 0.88566315
car 262.14255 392.31158 160.52534 278.26047 0.9527419
car 93.590355 171.72713 117.51777 197.9534 0.9795052
--
truck 98.33072 152.80873 44.60823 113.35902 0.7719356
car -0.44084072 34.61033 162.57375 222.77162 0.6720044
car 332.76807 387.28772 68.91454 110.61148 0.8819336
car 262.18927 392.47562 160.56917 278.1039 0.9505323
car 93.60115 171.7662 117.54172 197.97571 0.9787091
--
truck 98.496025 153.30402 44.65293 113.288155 0.79759204
car -0.4452592 34.61886 162.54343 222.81636 0.6694546
car 267.2315 400.63678 158.7545 276.80475 0.8531829
car 332.79382 387.27325 68.94352 110.6001 0.8914838
car 93.55399 171.74986 117.77229 198.07854 0.97978723
--
truck 98.589226 153.27388 44.750267 113.454895 0.79361105
car -0.42629242 34.584957 162.57346 222.74008 0.6648792
car 332.74283 387.25687 68.88221 110.64832 0.8928894
car 260.93118 390.33344 158.88329 277.2838 0.93754905
car 93.60159 171.81914 117.70232 197.98764 0.9789159
