--
car 449.38693 479.612 91.42523 129.8085 0.31796178
car 432.4777 469.81268 63.677746 101.37492 0.48875645
car 99.19887 111.48304 21.337261 33.116375 0.9166887
--
car 432.33447 469.973 63.755665 101.2163 0.47373313
car 99.059204 111.39565 21.380846 32.939457 0.8940442
--
car 449.4332 479.10757 82.47083 138.87122 0.43670088
car 433.66064 474.15585 63.77364 99.69458 0.51786953
car 99.18459 111.43932 21.477858 33.03948 0.91046757
--
car 449.21875 478.78937 81.853714 139.05054 0.40964594
car 435.52362 475.1029 64.46554 98.19807 0.69896924
car 99.262184 111.391174 21.595133 33.148014 0.9168539
--
car 449.28802 478.7121 81.480316 139.42303 0.3610055
car 435.51868 475.15814 64.55174 98.334335 0.6120243
car 99.26814 111.374344 21.602764 33.13665 0.90971345
--
car 448.98956 478.78467 81.780754 138.66394 0.3961003
car 437.68735 476.28513 63.63287 97.52389 0.57905376
car 99.219444 111.35369 21.512266 33.096813 0.9065717
--
car 440.6547 476.38425 64.11183 96.83945 0.3805808
car 99.20554 111.32974 21.444044 33.108997 0.89886165
--
car 440.60397 476.4681 63.89782 96.91059 0.42055807
car 99.202835 111.31831 21.377878 33.105812 0.91332465
--
car 441.99622 475.6008 63.636482 96.41733 0.31513903
car 99.20901 111.31819 21.381262 33.11835 0.9087564
--
car 99.21129 111.257744 21.395695 33.12297 0.90844506
--
car 99.19527 111.250046 21.423635 33.13597 0.9090756
--
car 99.189255 111.263985 21.451439 33.095024 0.9064748
--
car 452.2174 479.41107 90.59366 129.4309 0.5229306
car 98.86316 111.418144 21.320492 33.10624 0.9224178
--
car 452.1708 479.3734 90.56454 129.4642 0.49442098
car 98.86565 111.41702 21.328867 33.098648 0.92462975
--
car 452.10956 479.34882 90.75999 129.3607 0.4756306
car 98.899055 111.3717 21.292936 33.056633 0.9276244
--
car 452.00137 479.11374 90.71926 129.25299 0.49368238
car 98.88159 111.33176 21.282434 33.01834 0.93650633
--
car 451.9914 479.11697 90.823204 129.27231 0.49697587
car 98.89163 111.33174 21.246645 33.02237 0.93581253
--
car 452.00067 479.1466 90.73909 129.28654 0.4860656
car 98.88419 111.33249 21.23824 33.02621 0.93479925
--
car 451.8745 478.9681 90.8268 129.27122 0.39882043
car 98.79609 111.37549 21.157545 33.00222 0.9253602
--
car 451.91364 478.9756 90.85351 129.27298 0.40649658
car 98.79777 111.35437 21.182198 33.01751 0.92410564
--
car 450.1492 479.1578 63.076897 131.4599 0.41060966
car 98.83569 111.31362 21.151114 32.976208 0.9245669
--
car 449.85733 479.19052 65.776505 130.58235 0.44753447
car 98.75613 111.32324 21.12093 32.92072 0.9241098
--
car 449.8851 479.19766 65.90393 130.54594 0.4475593
car 98.74511 111.345856 21.058016 32.98634 0.922616
--
car 449.78818 479.33508 67.558846 130.80447 0.49396765
car 98.72426 111.2996 21.000732 32.967022 0.9228739
--
car 449.66904 479.781 91.79049 129.77736 0.510624
car 98.87307 111.543655 21.053492 32.97713 0.90797776
--
car 449.6905 479.75104 91.74934 129.95511 0.49976793
car 98.86787 111.54971 21.068174 32.980816 0.903992
--
car 449.76312 479.78162 91.59709 129.70255 0.44211644
car 98.94784 111.399994 21.235323 33.002666 0.9231767
--
car 449.72543 479.793 91.50199 129.68228 0.48980808
car 98.92973 111.43715 21.222185 33.057503 0.92394024
--
car 449.70792 479.8028 91.550964 129.66777 0.49031004
car 98.94235 111.39435 21.20345 33.024353 0.9216835
--
car 449.2905 479.3239 81.5257 140.37193 0.50118536
car 98.98351 111.37174 21.303308 32.974293 0.9345507
--
car 449.49423 479.2405 81.50366 139.69095 0.63757735
car 98.96553 111.34545 21.281199 33.00634 0.92514485
--
car 449.4984 479.206 81.132324 140.21927 0.6048947
car 98.93552 111.421295 21.343931 32.944813 0.92014176
--
car 449.35223 479.2831 81.16044 139.38263 0.65934837
car 98.90717 111.4395 21.308252 32.970604 0.9228354
--
car 449.12494 479.3828 82.06146 138.16318 0.7014871
car 98.92273 111.4272 21.438353 33.057602 0.95545197
--
car 449.09857 479.37015 82.09431 138.16292 0.70526475
car 98.92106 111.42499 21.404106 33.07441 0.956938
--
car 446.5875 469.80444 54.082863 78.04885 0.40387872
car 448.9619 479.46606 82.33889 137.77031 0.6791085
car 98.99553 111.456726 21.47305 33.091568 0.96128637
--
car 78.58271 93.18952 39.64677 58.296967 0.4293357
car 444.2812 468.04886 53.43403 78.57695 0.55923295
car 449.13052 479.36972 82.0311 138.09344 0.6447662
car 98.74765 111.37055 21.699265 33.12375 0.9752256
--
car 78.58799 93.17813 39.635395 58.31698 0.4383357
car 444.1546 468.0029 53.45502 78.590324 0.5136471
car 449.12686 479.38306 81.93878 138.21745 0.643496
car 98.75437 111.35392 21.714449 33.12816 0.9759796
--
car 78.95667 93.07572 39.3594 58.90238 0.5849768
car 449.28775 479.2092 81.24379 138.7617 0.6405893
car 442.29474 467.2372 52.69256 80.153984 0.8031831
car 98.743454 111.342926 21.711071 33.1272 0.9781915
--
car 449.04663 479.2973 81.762505 138.10654 0.65034205
car 440.36536 468.06326 52.912506 81.01524 0.80197763
car 98.70371 111.315 21.684021 33.12517 0.9765713
--
car 449.07578 479.29663 81.69126 138.24893 0.6481343
car 440.35376 468.06387 52.873108 81.05773 0.7956789
car 98.71046 111.335304 21.697676 33.116238 0.9753766
--
car 78.995766 94.24429 42.299267 62.611176 0.5559574
car 449.0232 479.24863 81.52975 138.33415 0.6590239
car 437.0615 465.67468 52.685364 83.40042 0.9248587
car 98.70036 111.236664 21.7593 33.117443 0.98116195
--
car 448.68097 478.9163 81.90154 137.56744 0.6583618
car 78.39491 95.42708 40.497192 62.89367 0.8210554
car 433.41513 464.5528 57.15683 83.42314 0.93204784
car 98.69019 111.17815 21.775867 33.12585 0.9842026
--
car 448.77133 478.94968 81.87012 137.74187 0.6468806
car 78.39891 95.37064 40.46689 62.92715 0.8182338
car 433.40042 464.52722 57.137413 83.451775 0.9320977
car 98.67269 111.15114 21.797264 33.09567 0.9840401
--
car 448.29105 478.84305 82.529015 136.7662 0.6950301
car 79.197334 95.9315 40.607723 63.903835 0.85129076
car 430.08334 464.1164 56.692677 84.45163 0.9300123
car 98.69447 111.09475 21.893 33.131184 0.9837123
--
car 447.84976 478.80072 83.48828 135.15755 0.7622787
car 79.30492 96.271385 41.549908 64.31777 0.92761713
car 426.22656 458.54056 58.01837 84.39074 0.9502265
car 98.68254 111.0384 21.971464 33.128094 0.98667747
--
car 447.8585 478.80573 83.461555 135.1495 0.7666512
car 79.31 96.2607 41.597736 64.34166 0.93057066
car 426.16022 458.59656 57.93862 84.41001 0.95157003
car 98.68038 111.02319 21.95543 33.093872 0.9866823
--
car 447.84912 478.80777 83.468864 135.12486 0.76994896
car 79.504395 96.32509 41.575 64.30401 0.9229944
car 426.155 458.60016 57.933395 84.41498 0.95204407
car 98.68588 110.99984 21.98599 33.07533 0.98676014
--
car 449.6074 479.9421 90.61114 128.79039 0.6930175
car 79.666916 96.90831 42.370586 66.12258 0.8890589
car 421.1944 458.3023 55.95391 85.70378 0.95823365
car 98.669975 110.85633 21.832045 33.08449 0.981401
--
car 449.84613 479.77512 90.846054 128.74794 0.7310414
car 79.76012 97.33677 42.51153 67.87705 0.8750165
car 419.0767 455.3349 56.128555 86.51135 0.94228125
car 98.63699 110.933556 21.828005 33.104126 0.977459
--
car 449.81406 479.79868 90.84436 128.79216 0.7215301
car 79.7751 97.33718 42.58997 67.93182 0.8847551
car 419.0599 455.36096 56.06429 86.543 0.94462913
car 98.62605 110.93631 21.826698 33.094658 0.977598
--
car 449.86456 479.63293 90.85438 129.00865 0.801338
car 81.38815 98.81244 44.11408 69.08775 0.932077
car 413.36734 452.57297 56.896454 88.429436 0.9751024
car 98.608986 110.9314 21.92364 33.07093 0.9794187
--
car 440.53165 469.4287 38.917747 65.742195 0.3799944
car 449.72815 479.73108 90.74894 129.03375 0.8098901
car 81.75814 99.53542 45.015396 70.48782 0.958561
car 98.669304 110.90267 22.023664 33.16962 0.98276484
car 410.7257 450.66586 57.687523 88.93041 0.99412066
--
car 440.5031 469.3018 38.94907 65.62198 0.3764748
car 449.73553 479.71594 90.68736 129.06766 0.81615126
car 81.76303 99.56491 44.813763 70.47165 0.95883423
car 98.67288 110.91373 21.98018 33.185093 0.98314536
car 410.7725 450.6555 57.649384 88.92929 0.9940948
--
car 441.18744 469.2129 36.34788 63.07328 0.33352607
car 449.8199 479.6122 90.82928 129.05054 0.86113614
car 82.252594 99.55184 45.163383 70.98035 0.9348297
car 98.70775 110.94169 21.94709 33.076035 0.9809907
car 407.02032 447.19678 58.861645 91.17944 0.99458545
--
car 441.13513 469.5991 35.845047 63.462433 0.30618164
car 449.748 479.77686 90.80026 129.12967 0.8128279
car 82.50593 100.48582 45.53726 72.28976 0.932809
car 98.70625 110.94537 21.945955 33.0413 0.9818021
car 401.90277 444.7016 59.52947 93.97549 0.9945394
--
car 441.13617 469.7004 35.866 63.41689 0.30865175
car 449.74017 479.7789 90.78813 129.11374 0.8092341
car 82.43632 100.51966 45.565422 72.3625 0.9330605
car 98.69914 110.96608 21.91386 33.03612 0.981768
car 401.8887 444.6797 59.541874 93.9682 0.9943145
--
car 449.69217 479.79214 90.81341 129.19438 0.7751821
car 82.79682 102.78173 48.040787 73.74169 0.8732516
car 98.74199 110.96717 21.887867 32.991364 0.97818685
car 397.81128 440.77997 59.750217 94.23819 0.9967509
--
car 449.6912 479.70822 90.792786 129.40454 0.8209839
car 82.6815 103.05238 48.469643 75.22618 0.9065329
car 98.74151 110.942924 21.873634 33.05811 0.979751
car 395.62442 437.03757 59.19031 95.84089 0.99310356
--
car 449.6762 479.6816 90.80544 129.44235 0.82088906
car 82.64084 103.078384 48.612164 75.21912 0.9111085
car 98.76705 110.931595 21.901897 33.05143 0.9796138
car 395.6238 437.03705 59.18463 95.8437 0.9932556
--
car 441.14404 470.39154 39.010498 65.49076 0.5202898
car 449.74945 479.57483 90.74662 129.31451 0.82527816
car 82.66303 103.79258 48.807873 77.35214 0.9446943
car 98.85639 110.933426 21.795372 32.98658 0.9805636
car 388.9842 435.38474 62.061043 96.67029 0.9947254
--
car 441.19196 470.37698 39.125565 65.36955 0.5419461
car 449.767 479.53183 90.76511 129.16196 0.8237361
car 82.92954 104.46525 50.63901 78.59136 0.94176984
car 98.93119 110.9366 21.75411 32.863106 0.9782951
car 384.51666 430.6799 63.299892 97.65322 0.9938662
--
car 441.1814 470.38678 39.119198 65.38316 0.54653555
car 449.7715 479.52222 90.74387 129.14961 0.83236206
car 83.015305 104.45122 50.64157 78.57021 0.9391017
car 98.94725 110.90169 21.73703 32.898186 0.9783759
car 384.49863 430.70273 63.35286 97.61619 0.9938515
--
car 441.21594 470.2974 39.166374 65.183655 0.46976343
car 449.78784 479.53546 90.788025 129.07877 0.82647496
car 83.315094 105.5267 51.011593 80.00507 0.9132602
car 98.94298 110.98774 21.741137 32.82447 0.97175217
car 377.61194 427.67963 65.458015 98.20724 0.99541646
--
car 441.22223 470.3051 39.0475 65.33794 0.53709745
car 84.01041 106.42742 50.798798 81.652954 0.6525175
car 449.88354 479.50974 90.84013 128.96123 0.8491405
car 98.9729 111.01427 21.716967 32.87924 0.9649528
car 373.35193 423.27457 64.76568 101.42548 0.99137795
--
car 441.22357 470.3079 39.016003 65.3603 0.5180155
car 83.95996 106.42828 51.00973 81.57362 0.66335416
car 449.86926 479.52228 90.80819 128.97989 0.8432802
car 98.97455 110.96275 21.740889 32.86504 0.96667284
car 373.3446 423.26053 64.7654 101.45204 0.9912716
--
car 84.73272 107.378174 51.611794 83.44966 0.4083564
car 441.25034 470.3241 38.980892 65.368065 0.5128963
car 450.01874 479.45908 90.88569 129.03052 0.8632014
car 98.93842 111.047485 21.663687 32.826458 0.95887214
car 365.3254 420.87665 67.45726 104.301796 0.99775976
--
car 441.2675 470.24136 38.965015 65.32081 0.47542703
car 85.539566 109.35226 56.522682 87.100464 0.6087221
car 449.96344 479.5028 90.88868 128.9575 0.85836256
car 98.88699 111.10093 21.63134 32.833252 0.95827556
car 360.19745 413.6689 70.06422 102.80681 0.9935936
--
car 441.26605 470.2129 38.96221 65.27553 0.46191165
car 85.521324 109.40759 56.498352 87.09544 0.609512
car 449.96216 479.5042 90.859604 128.97176 0.8542241
car 98.865715 111.0796 21.615793 32.84182 0.9609821
car 360.14008 413.70673 70.029045 102.827644 0.99368167
--
car 441.30615 470.24976 38.974186 65.34138 0.46454155
car 85.64033 110.20752 56.131268 89.04574 0.6227858
car 449.9403 479.55402 90.89412 129.07033 0.84596413
car 98.907486 111.13126 21.764528 32.804123 0.9596113
car 355.2455 409.91934 69.943085 107.471436 0.99608564
--
car 441.2875 470.27814 38.97066 65.27172 0.4415232
car 86.14296 111.405426 57.451866 91.24214 0.7214462
car 449.9202 479.542 90.811966 129.07036 0.84743005
car 98.84544 111.189445 21.824356 32.97638 0.96693635
car 348.20883 404.6656 70.8025 108.42623 0.99626344
--
car 441.2843 470.30847 38.964844 65.277336 0.44894442
car 86.077065 111.3091 57.521877 91.14973 0.6962099
car 449.9117 479.53983 90.795235 129.05605 0.8476039
car 98.820496 111.220345 21.814476 32.961426 0.9657071
car 348.22946 404.7072 70.77504 108.51694 0.99646974
--
car 441.65268 470.79645 36.0322 63.018463 0.38957313
car 86.06557 113.40198 58.41139 94.16802 0.8016174
car 449.87393 479.6775 90.68438 129.05638 0.8132815
car 98.86563 111.18562 21.852873 32.899654 0.96871096
car 340.7351 400.40533 69.12218 110.2 0.98504364
--
car 441.661 470.8379 36.1046 62.97547 0.35873815
car 86.294014 113.97864 59.23637 95.301186 0.76052576
car 448.53638 478.78754 83.03323 136.39943 0.7980546
car 98.85598 111.17453 21.915867 32.96609 0.9683948
car 333.96213 395.14734 71.2397 114.77924 0.9933445
--
car 441.63782 470.79843 36.0988 62.997986 0.3657194
car 86.31698 113.96579 59.175148 95.37316 0.76254517
car 448.5354 478.8306 83.00266 136.47504 0.797161
car 98.86372 111.208664 21.912653 32.961224 0.96770334
car 333.90237 395.2089 71.20323 114.81943 0.99372256
--
car 441.69406 470.80713 36.01796 63.032265 0.34406582
car 88.548294 115.49138 61.82968 98.90471 0.70595896
car 448.5476 478.79617 83.20016 136.32985 0.8164812
car 98.82735 111.19852 21.989143 33.05342 0.9704384
car 326.37 389.69952 71.814575 118.06041 0.98802376
--
car 441.75693 470.98505 36.01254 63.053368 0.3220885
car 87.55802 117.27339 62.821648 100.23583 0.76176196
car 448.5209 478.7652 83.16753 136.7522 0.7951286
car 98.7877 111.12616 21.968336 33.123783 0.9734091
car 318.5406 384.9739 74.18488 119.57033 0.9905781
--
car 441.69016 470.91275 36.01524 63.123924 0.32701474
car 87.60667 117.214096 62.908928 100.30935 0.7657488
car 448.53275 478.75415 83.14257 136.72939 0.79477614
car 98.79736 111.16089 21.934807 33.09291 0.9719751
car 318.48535 385.03568 74.24888 119.558235 0.9904931
--
car 441.74112 471.0168 35.983906 63.152622 0.3240375
car 448.45227 478.85294 83.25585 136.36916 0.8094023
car 89.21474 118.77864 65.73939 105.17572 0.846338
car 98.786095 111.12257 21.95374 33.15713 0.969837
car 302.7743 372.08923 77.28502 127.473656 0.9938437
--
car 441.8141 471.0285 36.029938 63.112362 0.31620216
car 449.8457 479.73474 90.729034 129.02917 0.7928016
car 91.59633 120.60754 67.158295 105.71044 0.915519
car 98.786896 111.14414 21.975128 33.186108 0.96998954
car 294.47427 366.81958 80.58177 128.53358 0.9888804
--
car 441.72122 470.83682 36.190353 63.073315 0.30505416
car 449.855 479.75766 90.730095 129.06854 0.7879384
car 91.62428 120.607864 67.09899 105.75155 0.92158645
car 98.8252 111.15289 21.938717 33.17181 0.9715281
car 294.40463 366.9019 80.64085 128.48575 0.98919463
--
car 449.79352 479.80096 90.67795 129.06439 0.7629923
car 93.08482 122.18465 71.36467 110.87085 0.77324504
car 98.816765 111.170944 21.925018 33.130062 0.96776116
car 282.2798 360.6892 81.87106 133.0392 0.9835464
--
car 451.83038 479.36166 90.41978 129.06985 0.77769953
car 94.041466 123.2281 71.82295 115.006256 0.94616187
car 98.740616 111.188354 21.958832 33.141266 0.9784101
car 275.28754 355.34634 81.54942 137.10612 0.99309474
--
car 451.8307 479.34393 90.43263 129.10309 0.7663513
car 93.9197 123.22194 71.86292 115.11773 0.9539145
car 98.743645 111.19456 21.932129 33.12846 0.9784971
car 275.20102 355.33286 81.59458 137.15099 0.99388206
--
car 441.80682 470.69785 36.203503 63.17765 0.30717456
car 448.3187 478.78757 83.28601 135.73627 0.81326944
car 94.21978 123.367424 71.81877 114.59677 0.9376535
car 98.82283 111.33487 21.733318 33.120106 0.97930443
car 275.31998 355.2917 81.686554 137.31512 0.99431455
--
car 441.82886 470.76685 36.181896 63.209045 0.33158472
car 449.87427 479.67935 90.83285 128.99017 0.8113798
car 94.079956 124.56353 72.754425 117.42763 0.9493448
car 98.82997 111.34904 21.813322 33.143597 0.9806639
car 264.88702 347.14746 82.62895 139.60301 0.9925677
--
car 441.83365 470.7723 36.172543 63.220467 0.32562405
car 449.86038 479.68298 90.795074 129.00626 0.7999198
car 94.09245 124.560196 72.71176 117.42217 0.9479623
car 98.82095 111.37285 21.806599 33.145382 0.9806148
car 264.97256 347.04947 82.64316 139.64442 0.99285865
--
car 441.84116 470.7828 36.20142 63.18368 0.31985575
car 449.83896 479.74854 90.815865 128.96777 0.7996548
car 94.82271 128.3297 74.86592 120.77035 0.9574571
car 98.8444 111.43911 21.629765 33.126385 0.9794624
car 257.41595 338.27924 83.48958 144.96588 0.9886789
--
car 441.84958 470.71112 36.246243 63.12097 0.31687155
car 448.50677 478.80484 83.02857 135.98987 0.8016973
car 95.201256 129.71886 77.60839 125.76869 0.8830718
car 98.79781 111.500595 21.742718 33.18273 0.9794799
car 248.62692 329.57568 85.99434 149.6091 0.98091394
--
car 441.9072 470.66235 36.301376 63.08859 0.34398663
car 448.46652 478.81155 83.02302 135.94609 0.79945946
car 95.16693 129.65475 77.490486 125.78556 0.9178818
car 98.790924 111.53247 21.708603 33.216644 0.98001367
car 248.63496 329.5914 85.901566 149.55647 0.98008496
--
car 441.8862 470.61533 36.292496 63.09884 0.33163816
car 448.55716 478.7857 82.85146 136.2454 0.8012773
car 98.83796 111.48528 21.829311 33.285233 0.97901714
car 96.44341 131.54926 82.194374 133.48419 0.9871507
car 241.16272 323.7913 87.78425 156.20009 0.9944793
--
car 441.8528 470.52176 36.285957 63.07617 0.31105602
car 449.8661 479.68372 90.92932 128.80544 0.8010969
car 229.0749 316.4834 93.419174 158.62843 0.9761932
car 98.78819 111.600525 21.807112 33.252934 0.9775628
car 96.951225 135.21729 86.07996 134.97223 0.99199176
--
car 441.8263 470.44492 36.315353 63.045708 0.30772778
car 451.8435 479.27933 90.28052 129.1421 0.80129224
car 229.09366 316.4851 93.379005 158.66562 0.9755046
car 98.78544 111.56345 21.761927 33.25593 0.9779958
car 96.99693 135.15045 86.04064 134.99153 0.9929098
--
car 441.52988 470.52646 38.800674 65.44441 0.3035006
car 451.8665 479.1687 90.33034 129.11253 0.78341675
car 220.95248 306.14526 93.05665 163.16985 0.97106874
car 98.761406 111.56962 21.656689 33.184948 0.9741228
car 97.600296 137.89644 89.2706 141.1869 0.9843334
--
car 441.53485 470.5981 38.831734 65.526054 0.3438416
car 451.88776 479.16653 90.45589 129.09236 0.78337127
car 98.8056 111.570305 21.717945 33.26111 0.97383004
car 98.46166 141.26721 91.283104 146.84195 0.9856767
car 211.16231 301.87518 96.46065 165.30772 0.9870804
--
car 441.53854 470.60007 38.83658 65.51481 0.34206054
car 451.8893 479.1434 90.456085 129.09354 0.78452146
car 98.81696 111.56076 21.694351 33.260437 0.97395635
car 98.50179 141.26738 91.16243 146.83455 0.9859385
car 211.24275 301.74487 96.450165 165.34018 0.98726666
--
car 451.9118 479.1426 90.72948 129.163 0.78489935
car 203.14595 291.9019 99.67331 170.28622 0.9654302
car 98.64126 111.33783 21.90154 33.348778 0.97681546
car 101.23418 143.51248 92.00373 151.39458 0.97888505
--
car 451.89536 479.15375 90.78993 129.16174 0.8039037
car 194.77501 287.91635 102.1746 175.06308 0.9730809
car 98.63454 111.3327 21.805244 33.23413 0.9762645
car 101.614815 148.6226 98.07129 161.71149 0.99104846
--
car 451.91248 479.17157 90.796844 129.217 0.8110745
car 194.76288 287.86218 102.189865 175.09756 0.97297806
car 98.6426 111.33585 21.799168 33.25181 0.97641635
car 101.626465 148.46497 97.569084 161.71336 0.9900791
--
car 451.75574 479.09897 90.9857 129.45667 0.8213553
car 98.613884 111.28328 21.814442 33.145454 0.97240907
car 185.95413 279.99207 108.16435 180.91597 0.97310746
car 100.75102 152.45483 97.10985 170.41718 0.9926765
--
car 451.8203 478.99963 91.06922 129.46077 0.76038605
car 176.59395 271.58688 109.038704 183.62944 0.9580848
car 98.65579 111.34709 21.756145 33.115498 0.97220814
car 98.61843 153.51134 101.38192 174.97382 0.9873816
--
car 451.83255 479.02188 91.157745 129.48463 0.7499128
car 176.82658 271.42465 109.08867 183.65656 0.95876676
car 98.6524 111.43885 21.747068 33.125393 0.9724375
car 98.64097 153.42906 101.4399 174.99962 0.9874148
--
car 451.94156 479.0664 91.1959 129.30907 0.7105587
car 168.42989 265.92325 114.72705 185.87717 0.9663956
car 98.650024 111.39478 21.684027 33.044754 0.9701379
car 103.13275 157.96521 105.597015 184.17244 0.9910432
--
car 451.89984 479.03064 91.180176 129.3881 0.6706891
car 165.00696 255.50586 112.8091 196.7222 0.9612767
car 98.706894 111.30919 21.718613 33.02419 0.965666
car 104.042755 159.02782 108.58029 187.64798 0.9939847
--
car 451.87576 478.99347 91.19485 129.26414 0.67702454
car 165.204 255.3653 113.136856 196.34981 0.96234447
car 98.708015 111.26629 21.716047 33.052418 0.9668038
car 103.96283 159.00293 108.34812 187.68001 0.99470115
--
car 451.85608 478.87915 91.21988 129.26775 0.69970226
car 155.39615 251.57596 117.8534 198.85007 0.94976777
car 98.67303 111.24821 21.838858 33.098568 0.96670145
car 108.23052 159.19461 113.922615 194.11127 0.98301005
--
car 451.81482 478.95288 91.01417 129.24736 0.7443496
car 152.5557 248.61093 118.53382 201.55162 0.9516843
car 98.64422 111.20352 21.882523 33.11242 0.9654383
car 108.77838 158.42926 113.52472 206.48001 0.9841954
--
car 451.84976 478.82355 91.01071 129.32182 0.724393
car 98.63006 111.13449 21.911882 33.11599 0.96278816
car 148.12065 238.2088 121.70588 215.81805 0.9772975
car 107.44254 155.76514 118.859 210.60739 0.9959602
--
car 451.99777 478.8265 91.08181 129.43231 0.6882226
car 99.17245 111.234406 21.688938 33.23721 0.9475168
car 143.41595 243.99814 125.88401 214.91017 0.9782325
car 107.07625 156.00328 118.29683 211.08662 0.99469167
--
car 451.97208 478.78513 91.14277 129.44 0.63024646
car 99.18155 111.31117 21.709387 33.234673 0.9506387
car 146.45659 232.94435 131.97827 229.77704 0.9947711
car 105.65164 155.01135 125.5232 225.70392 0.9950327
--
car 451.95248 478.74875 91.2118 129.44946 0.58283657
car 99.16066 111.29991 21.649662 33.368355 0.9437882
car 98.83813 154.34912 132.61038 231.95238 0.9845046
car 146.5606 227.51987 131.01868 232.05595 0.9908068
--
car 451.94406 478.74905 91.23095 129.46901 0.5883468
car 99.177284 111.30088 21.683043 33.37274 0.9433853
car 98.97455 154.28056 132.43736 232.3726 0.98505193
car 146.46298 227.71613 131.05167 232.16647 0.99052835
--
car 452.0154 478.83887 91.08307 129.46387 0.6108929
car 99.195946 111.24783 21.673212 33.30511 0.9492441
car 96.15071 156.20267 133.12985 241.62233 0.9919476
car 148.98831 222.07475 133.3529 233.22722 0.99562335
--
car 452.02325 478.98898 90.90502 129.37395 0.724969
car 99.217026 111.23999 21.67559 33.300327 0.94768167
car 95.29689 153.73384 136.75735 249.00536 0.9690798
car 147.88742 214.01064 136.56561 242.89856 0.99617994
--
car 452.01895 478.99002 90.898346 129.42036 0.70991015
car 99.22338 111.25256 21.682629 33.30565 0.9464752
car 95.300385 153.74957 136.73882 248.97682 0.9718468
car 147.83165 214.07692 136.57208 242.75417 0.9962468
--
car 452.17374 478.89548 90.983734 129.33864 0.6981105
car 99.30576 111.24942 21.423313 33.192616 0.93586993
car 95.32595 153.3889 136.66345 248.97865 0.9642182
car 147.46051 213.71872 136.68974 243.01453 0.9957776
--
car 452.1107 478.99365 90.904526 129.32129 0.73132384
car 90.2664 151.85081 145.12299 256.7515 0.82400703
car 99.36271 111.28969 21.424475 33.229607 0.94128054
car 147.74225 209.70157 140.74504 248.76321 0.99479765
--
car 452.10693 479.0339 90.87022 129.33707 0.7375157
car 90.3697 151.72685 145.21555 256.66537 0.80738294
car 99.294334 111.297325 21.58034 33.275383 0.9430764
car 147.83978 209.89546 140.60753 248.53954 0.99414593
--
car 446.83755 470.3494 54.427013 76.96787 0.31553578
car 452.0663 479.10126 90.76148 129.36545 0.7357548
car 89.601265 149.79901 146.87439 262.79797 0.84273916
car 99.31846 111.25025 21.546204 33.298103 0.9458804
car 148.087 206.73997 138.34872 254.95593 0.9824738
--
car 84.77011 149.67233 150.46098 271.25623 0.67340547
car 452.0763 479.0479 91.02711 129.47614 0.7265047
car 99.30737 111.28844 21.62779 33.299637 0.9495065
car 144.64606 202.8027 145.36905 263.67734 0.9806439
--
car 452.07278 479.11014 90.98547 129.63449 0.7263784
car 84.35685 152.03511 150.48601 272.43076 0.8750407
car 99.17965 111.09475 21.771042 33.290737 0.9324368
car 144.86896 203.11995 145.1096 263.5749 0.98685545
--
car 444.12335 471.3195 52.254948 78.07509 0.36447257
car 452.14117 479.11484 90.721214 129.50186 0.7402208
car 99.15797 111.088905 21.808098 33.27475 0.9276652
car 81.900314 148.31544 160.07005 281.36108 0.9753459
car 144.91624 202.17502 147.12392 269.7547 0.9899088
--
car 81.28676 146.92735 160.90822 291.25085 0.71121484
car 452.10306 479.1722 90.62839 129.4233 0.7657195
car 99.17697 111.03853 21.838911 33.265377 0.9241651
car 143.76756 202.40079 150.38327 276.2748 0.9464215
--
car 81.24005 146.93034 161.2496 291.6906 0.7602205
car 452.10275 479.1728 90.57406 129.4379 0.76432395
car 99.15625 111.04667 21.798552 33.253166 0.921152
car 143.75159 202.3695 150.06796 276.67462 0.9437111
--
car 78.28383 147.90631 165.30083 294.2431 0.73084223
car 452.11786 479.27747 90.61655 129.35583 0.73553634
car 99.1845 111.05912 21.831518 33.28513 0.9190265
car 144.02316 202.91515 155.22916 287.3047 0.9647577
--
car 438.48825 471.00034 50.942627 80.10013 0.32522655
car 451.97693 479.2747 90.59835 129.49733 0.7566204
car 74.71519 152.33498 170.23067 314.05457 0.795066
car 99.12831 111.10032 21.84269 33.29831 0.918706
car 144.38763 206.20009 159.09598 293.1667 0.98611975
--
car 438.4485 470.98105 51.093098 80.21446 0.33778772
car 452.00195 479.26453 90.56629 129.47505 0.7546124
car 74.836784 152.26671 170.54358 313.8863 0.77952975
car 99.142044 111.09494 21.815435 33.28428 0.9195923
car 144.30815 206.18283 158.84645 293.1892 0.9861423
--
car 436.59305 465.8076 52.206013 80.92205 0.58150345
car 451.85843 479.241 90.76416 129.65744 0.7577937
car 99.10952 111.05459 21.832682 33.225746 0.9124576
car 71.836914 145.60057 176.95265 319.89008 0.9320044
car 145.76965 207.29085 160.18304 297.94064 0.9923279
--
car 435.6874 465.8811 50.045483 81.90292 0.464176
car 451.7744 479.18677 90.71972 129.56978 0.7416791
car 69.18725 144.61108 178.54433 324.37946 0.8722953
car 99.09799 111.03876 21.673565 33.214493 0.90464324
car 146.59457 209.01807 162.88513 303.14896 0.9885584
--
car 435.67725 465.8975 50.051735 81.85327 0.46838033
car 451.8093 479.20523 90.75956 129.60803 0.7396128
car 69.133575 144.42523 179.11514 323.76273 0.8766054
car 99.09283 111.0514 21.661842 33.207718 0.9043754
car 146.71606 209.37999 167.99348 308.11655 0.9888203
--
car 433.9727 465.84573 50.004734 82.50372 0.4935089
car 451.70728 479.25403 90.56242 129.6689 0.72972
car 99.05571 111.025345 21.74367 33.177616 0.9022709
car 65.133194 144.58302 191.18103 341.3899 0.9033478
car 146.25949 210.61386 167.49254 314.86835 0.98799103
--
car 63.3387 145.74097 194.22475 344.08002 0.43355906
car 451.82513 479.12643 90.710625 129.60182 0.6871268
car 430.65356 464.57678 49.614933 82.868454 0.745313
car 99.13777 110.99323 21.657492 33.20739 0.9020783
car 149.54994 222.00784 170.69632 322.94876 0.9482562
--
car 62.427834 146.31499 195.16182 343.53882 0.36632794
car 451.98737 479.15637 90.664566 129.46924 0.60555977
car 430.7019 464.51468 49.589527 82.524704 0.6084264
car 98.77435 111.42857 21.697443 33.11733 0.9007877
car 149.27112 222.40157 170.61423 322.9096 0.94369847
--
car 57.32015 146.05179 196.19524 342.56082 0.35640588
car 429.64337 462.79593 49.939278 83.81939 0.5903596
car 451.9673 479.18353 90.73242 129.39673 0.6413129
car 98.76488 111.42402 21.756311 33.10209 0.90085673
car 148.2603 223.59412 173.66203 325.88055 0.94184864
--
car 428.72818 461.71252 50.023205 83.84862 0.38851762
car 55.83481 144.90254 199.76093 334.09952 0.6128608
car 448.66452 479.26678 82.50266 137.89395 0.6390541
car 98.795334 111.438156 21.729053 33.080063 0.89595145
car 147.07639 224.86868 184.02455 331.47314 0.9764655
--
car 428.72168 461.509 49.979496 83.91684 0.44245625
car 55.77911 145.15938 199.80408 334.19186 0.58244145
car 448.65305 479.24924 82.50241 137.87796 0.6353264
car 98.81475 111.42399 21.729065 33.09057 0.89998156
car 147.00403 225.00311 183.78098 331.39395 0.97364366
--
car 427.4887 461.30124 49.481197 84.47725 0.46982506
car 448.5404 479.1805 82.48546 137.53267 0.6752678
car 50.658546 144.91252 211.73624 360.36752 0.85740554
car 98.776634 111.385864 21.659353 33.007088 0.89283764
car 145.73901 227.6802 186.19058 336.0118 0.9864866
--
car 424.98938 459.0024 52.341095 83.43188 0.5965056
car 49.000748 143.18347 214.41667 356.19717 0.66902804
car 448.43668 479.15457 82.2405 137.9249 0.67124677
car 98.88268 111.410286 21.688223 33.004025 0.90729654
car 143.70271 230.82825 191.06683 341.4655 0.9510308
--
car 425.03528 458.9464 52.42619 83.35722 0.5749492
car 49.115192 143.18188 214.38467 356.34906 0.6655238
car 448.41946 479.13705 82.34263 137.81505 0.6666483
car 98.85852 111.40607 21.688103 32.988796 0.901211
car 143.71797 230.91843 190.70866 341.394 0.94356716
--
car 422.28253 458.9803 56.381493 84.3431 0.53340966
car 48.45323 141.79446 223.04042 351.19534 0.66376877
car 451.84793 479.06793 90.45309 129.26367 0.6771814
car 98.81694 111.36947 21.68021 32.959297 0.89282995
car 141.6698 235.78061 193.1228 345.5981 0.9695927
--
car 419.80167 459.09387 56.17838 84.61037 0.46592787
car 451.8253 478.9126 90.55389 129.23239 0.6515728
car 98.85272 111.3326 21.602774 32.90305 0.879506
car 139.10454 239.66878 190.99948 349.37192 0.95825243
--
car 419.8258 458.90778 56.25957 84.5427 0.43500778
car 451.85056 478.885 90.61902 129.25058 0.6386426
car 98.86165 111.301346 21.589344 32.88885 0.8856109
car 139.02165 239.94592 191.05943 349.2792 0.96690667
--
car 451.75436 478.95804 90.41421 129.25998 0.7219612
car 418.3019 458.01822 55.411304 85.26196 0.7388069
car 98.82551 111.33776 21.524406 32.83353 0.88278353
car 142.05835 241.25241 192.2074 348.5384 0.93558735
--
car 451.87363 479.07486 90.29536 129.29555 0.7298975
car 417.0437 457.11942 55.453857 85.62514 0.7854023
car 98.83549 111.32473 21.650618 32.85257 0.8788452
car 142.31094 250.5284 201.29196 360.18256 0.94730395
--
car 451.56284 478.98856 90.245026 129.23924 0.72587305
car 416.93872 457.40918 55.7155 85.46791 0.7814531
car 99.0864 111.12178 21.844145 33.11463 0.8859229
car 142.63795 250.03905 202.3472 360.57877 0.94734645
--
car 29.963129 140.03482 252.04514 355.01172 0.3246345
car 451.4528 479.07718 90.251686 129.24716 0.7833928
car 144.99197 254.45592 209.54462 357.98816 0.7888471
car 416.29437 455.6157 56.489162 85.606186 0.8528867
car 99.089645 111.12579 21.85332 33.086422 0.88714427
--
car 29.525574 141.45544 251.73004 354.58566 0.3006629
car 451.50052 479.06888 90.264336 129.27296 0.77033794
car 145.0393 254.68106 210.25948 357.659 0.79799473
car 416.27374 455.68976 56.444374 85.583046 0.8532512
car 99.10317 111.1099 21.883902 33.09545 0.8917008
--
car 451.49976 479.07977 90.23164 129.27936 0.7702912
car 144.86902 254.60115 210.23549 357.81354 0.8112238
car 416.2717 455.69922 56.42665 85.593506 0.84893084
car 99.09493 111.116264 21.87146 33.093586 0.891238
--
car 412.07135 453.95392 55.20226 86.198685 0.678497
car 451.45538 479.13422 90.373085 129.3749 0.7937388
car 144.95486 253.47333 206.67105 361.1734 0.8363536
car 99.076805 111.09958 22.027554 33.116848 0.8857317
--
car 451.57013 478.9117 90.65567 129.3398 0.8117645
car 148.79524 259.62073 217.94467 355.26898 0.8200699
car 411.57803 452.65115 55.517433 85.89475 0.84193736
car 99.05191 111.13819 21.891752 33.095497 0.89488447
--
car 451.5663 478.92102 90.62564 129.33498 0.81218624
car 148.91066 259.4557 217.92174 355.33105 0.8350702
car 411.57007 452.68604 55.462097 85.94906 0.85476166
car 99.041954 111.12855 21.888653 33.087463 0.895184
--
car 451.6876 478.96304 90.47163 129.57283 0.79630727
car 149.92134 262.55008 220.26654 355.77115 0.81006646
car 99.08125 111.16025 21.858671 33.06788 0.894909
car 411.2271 451.60745 57.049255 85.77848 0.95031935
--
car 151.38953 266.1143 226.80313 352.96643 0.6036859
car 451.6474 478.91907 90.55821 129.75488 0.797399
car 99.03273 111.1438 21.8053 33.057194 0.8883223
car 409.32684 449.70914 57.384586 86.141785 0.9614135
--
car 151.67795 266.27573 226.7536 353.14496 0.5998967
car 451.73276 478.94412 90.58489 129.7229 0.7857214
car 99.05941 111.14965 21.797203 33.05525 0.8872634
car 409.3552 449.64096 57.479073 86.09101 0.95466495
--
car 151.83766 267.21432 231.18391 353.54504 0.3603369
car 440.8411 468.83398 39.815598 64.602585 0.38634512
car 451.70807 478.94418 90.388954 129.72444 0.80621064
car 98.97576 111.13728 21.793097 32.999214 0.88913846
car 407.3645 448.56476 56.838856 86.94405 0.96992517
--
car 440.92004 468.8587 39.688503 64.540245 0.58607125
car 154.22432 270.8895 235.74004 356.03098 0.5901882
car 451.65845 478.85635 90.48097 129.49199 0.791791
car 99.02612 111.15889 21.644556 33.007393 0.91543776
car 405.3441 447.6417 56.359306 87.765335 0.9629843
--
car 441.21176 469.8549 36.580242 62.6938 0.4313031
car 153.81348 272.6452 235.03722 355.80365 0.6333917
car 451.62292 478.9105 90.45076 129.51085 0.81058717
car 98.90563 111.316124 21.446163 32.9409 0.86487144
car 405.41898 447.47406 56.434666 87.78576 0.9511014
--
car 441.24188 469.5358 36.72064 62.510303 0.47560433
car 153.45775 275.3713 239.50893 354.50412 0.7858409
car 451.72235 478.8771 90.54128 129.42062 0.8079684
car 98.91967 111.327225 21.452065 32.953045 0.8750366
car 400.79648 446.61404 56.121284 88.392044 0.92969763
--
car 441.5571 470.14484 36.624943 62.715656 0.4954811
car 451.76974 478.86316 90.755684 129.52977 0.7845833
car 98.91743 111.29124 21.490124 32.96942 0.88188595
car 400.6157 443.22748 57.762375 88.57358 0.96368855
--
car 441.50626 470.10144 36.674934 62.62919 0.49658528
car 451.77676 478.86383 90.767265 129.5211 0.7813032
car 98.913864 111.264404 21.493057 32.993584 0.8796492
car 400.60526 443.23514 57.75188 88.53597 0.9627482
--
car 166.4826 286.5266 253.4323 353.19223 0.30119303
car 441.4945 470.27182 36.464317 62.864426 0.43751526
car 451.8292 478.89447 90.894775 129.46889 0.7711185
car 98.95643 111.202736 21.62819 32.98126 0.8792509
car 398.45197 442.20114 58.330784 89.13612 0.9746616
--
car 441.38837 470.3738 36.322342 63.10539 0.37129655
car 451.9413 478.93295 91.019196 129.46663 0.72096646
car 98.966736 111.17759 21.6176 33.00398 0.87760544
car 395.6678 441.48715 58.642673 90.11647 0.9499084
--
car 441.45398 470.45486 36.34397 63.101044 0.34128225
car 451.94745 478.92053 91.02653 129.48007 0.73066264
car 98.96747 111.19373 21.632105 33.017982 0.8901781
car 395.67654 441.46912 58.65174 90.26462 0.9643737
--
car 441.52133 470.71588 36.251896 63.247143 0.3277241
car 451.89542 478.8958 90.96126 129.53255 0.7396636
car 98.96377 111.178604 21.701876 33.052826 0.89928204
car 392.7507 440.888 59.1424 91.380455 0.98216826
--
car 441.60043 470.55377 36.157322 63.364243 0.31910872
car 451.73938 478.8185 91.19268 129.43268 0.7367647
car 99.02616 111.2159 21.746832 33.06306 0.90696865
car 390.53168 438.15552 58.517277 91.47983 0.9649173
--
car 451.65894 478.81995 91.31101 129.41544 0.7029673
car 99.08919 111.25342 21.695917 33.11084 0.91429573
car 389.7623 437.73718 59.471924 92.18215 0.97393316
--
car 441.5416 470.66055 35.982296 63.528584 0.32191
car 451.65955 478.8333 91.230835 129.44148 0.72657305
car 99.062 111.273384 21.704182 33.081417 0.9097474
car 389.78696 437.73376 59.416542 92.1699 0.9752
--
car 441.52573 470.5491 35.97502 63.575134 0.33044317
car 451.72775 478.809 91.37842 129.43285 0.71005166
car 99.06732 111.25368 21.718536 33.069294 0.9030867
car 388.2956 437.09314 59.42728 92.30415 0.9777843
--
car 441.35168 470.04022 39.13562 65.68965 0.32262504
car 451.85495 478.96432 90.951584 129.57097 0.7841931
car 99.51575 111.07109 21.513884 32.848515 0.8829767
car 385.74094 436.18375 59.456062 92.720146 0.9845294
--
car 441.3555 470.0313 39.136814 65.67475 0.32496583
car 451.84418 478.976 90.95077 129.5569 0.78520167
car 99.49811 111.07132 21.52283 32.85601 0.89020944
car 385.75195 436.18716 59.438637 92.71383 0.98469377
--
car 441.3591 470.09802 39.184772 65.65447 0.4043672
car 451.7182 478.93954 90.783806 129.53627 0.8116595
car 99.52145 111.04036 21.589012 32.830063 0.88864315
car 382.16003 435.87778 60.120014 93.42859 0.9875206
--
car 441.42767 470.1277 39.20358 65.6288 0.4232643
car 451.5771 478.88147 90.643616 129.59686 0.7978052
car 99.52257 111.0289 21.588621 32.820427 0.8939059
car 380.76517 433.54828 59.93028 93.80582 0.9872483
--
car 441.42145 470.14355 39.139404 65.66362 0.4349464
car 451.58646 478.8851 90.623215 129.60524 0.8018036
car 99.5238 111.0294 21.61857 32.843178 0.8994943
car 380.7853 433.54218 59.954582 93.76006 0.9871564
--
car 441.50092 470.10092 39.219524 65.51537 0.4370552
car 451.57324 478.82724 90.67552 129.5727 0.7827682
car 99.49823 111.0315 21.65136 32.803997 0.9003252
car 377.7929 432.2284 60.462307 93.92624 0.9863262
--
car 441.62036 469.99197 39.426594 65.345276 0.3827519
car 451.68417 478.8524 90.75658 129.50793 0.7631195
car 99.50015 111.000626 21.56616 32.791832 0.89190733
car 376.77808 430.74005 60.270107 94.044266 0.9808991
--
car 441.5898 469.99228 39.312542 65.48534 0.40874228
car 451.66653 478.83282 90.69562 129.51105 0.7681176
car 99.41312 110.98138 21.627056 32.764965 0.8930828
car 376.72437 430.81046 60.24423 94.052055 0.9814265
--
car 441.5521 470.07867 39.26207 65.509155 0.42546156
car 451.6712 478.8326 90.59365 129.51953 0.7980624
car 99.46515 110.97633 21.732567 32.826714 0.879718
car 375.5138 428.1221 60.440655 94.10477 0.96524984
--
car 441.468 470.1711 39.235535 65.53421 0.5346447
car 451.55222 478.85678 90.431404 129.41666 0.82808006
car 99.37194 110.98093 21.740833 32.80759 0.8851988
car 373.01996 426.99802 61.65982 96.96854 0.976558
--
car 441.4061 470.13608 39.214775 65.61448 0.5228881
car 451.5467 478.85614 90.382385 129.35481 0.8349708
car 99.292915 110.99293 21.730865 32.76398 0.8870784
car 372.98123 427.022 61.7056 96.90033 0.978258
--
car 441.45255 470.1022 39.32834 65.461555 0.5006966
car 451.5178 478.8769 90.429756 129.45366 0.83712256
car 99.332344 110.98474 21.75886 32.81314 0.87826437
car 370.92148 426.2092 61.808834 97.33082 0.97905517
--
car 441.4939 470.16833 39.174522 65.38481 0.5034988
car 451.83542 478.90158 90.50314 129.50108 0.8033394
car 99.046 111.394516 21.851267 33.32439 0.903283
car 370.94443 426.1705 61.924583 97.013824 0.98498267
--
car 441.4606 470.12872 39.166916 65.410545 0.5053387
car 451.82883 478.89758 90.50331 129.53505 0.79735994
car 99.04811 111.388794 21.854912 33.31012 0.90304184
car 370.92545 426.23187 61.918427 96.99507 0.9842598
--
car 441.47467 470.02585 39.09782 65.410164 0.5452214
car 451.82175 478.9118 90.45231 129.52892 0.8065504
car 99.04024 111.39358 21.859474 33.30744 0.90813583
car 369.4165 422.0542 61.962044 97.61921 0.9897643
--
car 441.48813 469.96063 39.076077 65.51217 0.5029649
car 451.87448 478.91077 90.41084 129.53355 0.8033759
car 99.0725 111.38185 21.874128 33.34897 0.9046277
car 368.88373 420.90988 62.93596 97.76873 0.9908778
--
car 441.52753 470.03284 39.072304 65.482086 0.4734046
car 451.91656 478.912 90.37571 129.52435 0.79594564
car 99.07178 111.36427 21.880684 33.328335 0.90090024
car 368.83917 420.96338 62.869114 97.74542 0.99092466
--
car 441.84525 470.26013 36.47398 63.03653 0.47653
car 451.83612 478.8948 90.293335 129.66959 0.80618614
car 99.08226 111.405045 21.866198 33.336197 0.9040741
car 365.26834 421.71106 60.479416 100.39107 0.9924356
--
car 441.56046 469.9559 39.071087 65.372765 0.48618826
car 451.84595 478.91028 90.307304 129.57896 0.8169513
car 99.0372 111.40629 21.863749 33.328346 0.91131604
car 363.6685 418.36517 62.222656 100.66905 0.99553627
--
car 441.84506 470.1807 36.506847 63.007698 0.48515022
car 451.81784 478.89163 90.35716 129.60149 0.8213478
car 99.036896 111.41322 21.858839 33.321014 0.91271013
car 363.63657 418.34305 62.24864 100.73422 0.99566925
--
car 441.82623 470.21838 36.3153 63.140347 0.4481817
car 451.86612 478.90652 90.370476 129.60394 0.79956275
car 99.0132 111.397095 21.98005 33.286907 0.91163254
car 361.807 417.467 62.318695 99.508316 0.9962306
--
car 441.7919 470.2146 36.19816 63.222767 0.38761604
car 451.85956 478.8922 90.49283 129.5513 0.80293787
car 98.96721 111.45299 21.90819 33.26072 0.9138567
car 359.69012 413.67624 63.28486 100.23891 0.9923335
--
car 441.7971 470.21057 36.26 63.16863 0.4022332
car 451.88058 478.92847 90.45889 129.54176 0.8002756
car 98.95073 111.42372 21.918797 33.27041 0.9141379
car 359.71753 413.6672 63.426678 100.2636 0.99288976
--
car 441.80762 470.26575 36.157944 63.238544 0.4062181
car 451.8786 478.98972 90.337296 129.50066 0.8061557
car 98.960014 111.41395 21.948687 33.257942 0.91389626
car 358.86813 412.9235 63.56552 101.064 0.9980808
--
car 441.51553 469.70084 38.98962 65.29988 0.31904936
car 451.8059 478.89087 90.64079 129.45499 0.76632774
car 99.037926 111.26036 21.911179 33.195557 0.889056
car 358.72253 411.84106 65.30333 101.83579 0.99664235
--
car 441.52924 469.6667 39.009785 65.31038 0.3182475
car 451.828 478.87537 90.66721 129.47443 0.752983
car 99.05538 111.25364 21.925192 33.197994 0.8937509
car 358.76196 411.8424 65.3812 101.83498 0.9963505
--
car 451.7672 478.87445 90.726524 129.42917 0.7495466
car 99.05582 111.25532 21.90167 33.180595 0.89645624
car 357.05206 410.83997 66.341515 102.12078 0.99763185
--
car 451.80435 478.87714 90.782646 129.38998 0.7404378
car 99.03332 111.27417 22.032207 33.171173 0.8999185
car 354.38406 409.28372 66.03256 102.663826 0.99616426
--
car 441.54706 469.71616 39.121845 65.27349 0.30473247
car 451.83755 478.8681 90.77049 129.40776 0.7411719
car 99.02187 111.29383 22.042871 33.178223 0.89785373
car 354.39056 409.29486 66.16717 102.64281 0.9963316
--
car 451.78296 478.8772 90.84128 129.45612 0.7605054
car 99.024315 111.28834 22.008821 33.164062 0.9018447
car 351.63812 406.76163 66.44745 103.563866 0.9940365
--
car 451.75815 478.8259 90.823746 129.49167 0.73082405
car 99.02031 111.2715 22.007946 33.12265 0.89698786
car 349.34235 404.3998 66.39265 104.02339 0.9961266
--
car 451.77332 478.8422 90.8071 129.50328 0.72644883
car 99.0214 111.2629 22.002365 33.12696 0.900702
car 349.44687 404.33267 66.44859 104.04612 0.99568325
--
car 451.76117 478.84256 90.815186 129.61664 0.7314231
car 99.02337 111.24174 22.019892 33.170242 0.902107
car 347.26462 401.25018 67.06404 105.1145 0.9942558
--
car 451.81958 478.93842 90.72264 129.66446 0.70703053
car 99.07678 111.20759 22.02725 33.214855 0.90485144
car 345.9874 399.4396 67.0319 105.521255 0.9942639
--
car 451.82062 478.95364 90.75111 129.6994 0.7222284
car 99.06851 111.20623 22.020521 33.20213 0.90318954
car 345.81522 399.6428 67.013145 105.41914 0.9952196
--
car 451.84216 478.9132 90.79168 129.66238 0.68261534
car 99.07465 111.21472 22.0501 33.1925 0.90705913
car 344.1292 397.62778 65.84396 106.349 0.99146646
--
car 451.75452 478.7172 90.83937 129.86884 0.6782831
car 98.9208 111.232956 21.758854 33.123123 0.8785213
car 343.4912 397.01254 65.44855 107.12665 0.98827946
--
car 451.74576 478.68658 90.87358 129.8675 0.6637612
car 98.91813 111.22682 21.76475 33.144394 0.8766753
car 343.3521 397.123 65.44315 107.12251 0.9855099
