--
car 421.02618 455.07175 51.586445 78.38214 0.33036453
car 118.96643 181.3487 107.24733 184.19392 0.9560137
car 158.06958 219.02621 64.00828 108.11057 0.9651871
--
car 402.91742 454.54166 76.91444 123.834145 0.3506577
car 421.364 455.06973 51.40741 78.35003 0.37068787
car 120.146484 180.884 107.399025 184.62477 0.95798
car 157.34753 219.32301 63.95502 107.35385 0.9855834
--
car 419.7833 455.2871 51.749157 79.45352 0.36112592
car 120.793106 185.74805 110.29381 190.97652 0.96327186
car 157.33966 217.09769 61.894302 107.89663 0.97869444
--
car 404.4404 454.86874 76.73792 123.048454 0.36120477
car 418.3004 455.23972 51.719086 79.84528 0.5416745
car 121.82891 191.12856 114.77575 195.20868 0.98238856
car 154.38066 211.94798 61.97723 106.6283 0.98421645
--
car 153.52649 209.94067 59.586063 107.373375 0.9669641
car 125.86564 196.46542 116.85611 209.51837 0.98453295
--
car 153.48169 209.92467 59.549416 107.38938 0.9652709
car 125.901215 196.3274 116.93307 209.41739 0.98574144
--
car 153.35677 209.94011 59.447105 107.38538 0.96436816
car 125.928185 196.277 116.92867 209.4298 0.9860523
--
car 150.87767 207.01979 57.47603 105.24237 0.91964597
car 129.65991 204.26842 122.38747 214.8776 0.98599887
--
car 150.90584 206.96164 57.520153 105.22502 0.9108492
car 129.46953 204.43921 122.55421 214.8752 0.9843176
--
car 148.93942 205.29245 56.56708 103.16884 0.9148673
car 128.17976 210.35172 126.333206 221.83774 0.99048483
--
car 411.2873 448.09476 51.56935 77.95489 0.42178467
car 148.5005 202.99974 56.96307 102.40189 0.94677067
car 132.68314 216.97661 127.57065 237.2466 0.97595996
--
car 411.46072 448.25217 51.378517 77.89512 0.42605513
car 148.37537 202.73183 57.088554 102.37806 0.94708395
car 132.4541 216.9643 127.402855 237.3143 0.97425246
--
car 411.3438 446.6978 51.598305 78.35071 0.4927531
car 147.18045 199.62715 56.36381 101.85277 0.9396247
car 139.05542 222.3462 133.55519 244.11336 0.99220335
--
car 411.24182 445.42413 52.01142 78.88836 0.49637008
car 147.1191 198.29375 56.312603 101.68173 0.95327914
car 137.8724 235.23251 140.51187 260.98135 0.9732475
--
car 411.22275 445.36786 52.04612 78.89472 0.44199932
car 147.08841 198.23013 56.32726 101.74137 0.954605
car 137.58691 235.42337 140.33134 261.2304 0.97247833
--
car 410.41388 443.67413 52.3976 80.116005 0.36380985
car 143.10445 197.9383 59.418022 94.83037 0.96942943
car 142.65826 243.18169 144.64572 271.18793 0.99124014
--
car 409.60156 442.26877 52.602695 79.14475 0.43414545
car 149.53838 250.77246 149.60692 275.6498 0.9640987
car 143.80803 193.93858 58.013424 95.65516 0.96582067
--
car 409.5976 442.18207 52.627483 79.196266 0.43043017
car 149.45024 250.70677 149.43483 275.02347 0.96436477
car 143.84108 193.85893 58.00487 95.64079 0.966213
--
car 408.64584 438.0006 54.564404 80.17708 0.38461056
car 143.37471 192.45302 57.083458 95.35594 0.9353167
car 150.84203 262.5274 157.46938 295.99643 0.97879606
--
car 405.98465 438.6776 53.40955 81.81862 0.63547623
car 137.73933 191.30711 58.07579 94.56442 0.9605715
car 162.90982 270.99042 168.03989 312.87164 0.9930871
--
car 406.04608 438.8045 53.3901 81.87065 0.6257039
car 137.76283 191.29185 58.060867 94.47824 0.96013373
car 162.95009 271.08832 168.08966 312.7857 0.99357057
--
car 414.53064 456.56708 68.434235 121.13597 0.40948594
car 403.8456 438.74054 53.157433 82.28663 0.7947364
car 163.04437 277.86752 169.28355 328.9276 0.951794
car 139.27354 188.02814 56.56363 93.60165 0.9684359
--
car 412.66476 459.48672 75.62096 111.27159 0.48315746
car 174.30383 294.1047 182.04646 348.75864 0.7678832
car 402.64136 438.345 52.93373 82.22446 0.78238887
car 139.98773 185.65953 56.165718 93.925575 0.98063576
--
car 412.70312 459.48315 75.59625 111.35626 0.49470958
car 402.6687 438.2572 52.982323 82.166504 0.75589806
car 174.05199 293.9626 182.30838 348.44025 0.7900857
car 139.87721 185.65596 56.204113 93.847046 0.9791835
--
car 413.30646 459.17792 75.33698 112.794075 0.4746843
car 182.50583 306.18723 186.51247 348.96167 0.6091939
car 398.68506 439.0343 53.340115 87.16206 0.8981595
car 140.37726 182.93953 55.722603 91.93811 0.9841401
--
truck 189.07614 318.9926 194.38321 340.56702 0.34644926
car 414.2658 459.46585 75.58884 111.95196 0.42566773
car 397.89926 437.1205 54.019283 87.56133 0.7240775
car 139.89865 180.87926 54.817207 89.95663 0.9591654
--
car 184.50027 325.99207 197.27843 359.7483 0.39999986
car 414.3066 459.46957 75.56619 111.929375 0.43777907
car 397.95795 437.06458 54.147793 87.545456 0.69794583
car 139.86276 180.85213 54.867546 89.948425 0.95858103
--
bus 189.76025 340.50504 205.24675 359.67117 0.37871194
car 394.8553 430.93967 57.29819 86.621315 0.5842872
car 138.74101 179.42305 54.66496 89.45704 0.9530014
--
car 206.25082 363.8493 232.45326 355.0202 0.3619441
car 392.49756 432.8722 53.317417 88.664375 0.911339
car 138.94946 177.0144 49.36762 86.634575 0.94525975
--
car 206.04417 364.23837 232.29024 354.9968 0.37545165
car 392.48645 432.79913 53.226624 88.7216 0.9027271
car 138.87457 177.0877 49.345413 86.62608 0.94826865
--
car 418.2511 460.7162 74.42405 110.838554 0.33925086
car 215.62605 366.3912 242.61926 358.2063 0.56123257
car 391.20047 431.55902 53.658802 88.6252 0.95457345
car 137.31323 174.35023 49.45135 86.26408 0.97534144
--
car 419.05237 461.0618 73.92275 110.83576 0.4487154
car 389.10696 429.92496 54.52549 88.9339 0.9584285
car 135.8361 173.68936 49.573627 85.504 0.99123555
--
car 419.03815 461.00433 73.922516 110.926895 0.47208714
car 389.12497 429.922 54.38235 88.94832 0.9607048
car 135.90991 173.7219 49.55066 85.51615 0.9915885
--
car 419.11282 461.3389 74.12946 110.21254 0.30418342
car 388.08255 427.19037 55.677586 89.66293 0.9169017
car 134.27007 172.53168 49.826576 84.27701 0.9936738
--
car 419.52377 461.4705 74.166306 111.05168 0.30141833
car 384.5863 425.55142 54.310944 91.06816 0.9780519
car 133.60968 171.15042 49.312218 83.37986 0.98937124
--
car 419.61212 461.30707 74.14417 111.09476 0.31612635
car 384.56665 425.61255 54.23357 91.06306 0.9757432
car 133.6038 171.14958 49.357758 83.45216 0.98836976
--
car 420.48285 460.58563 72.77821 110.61518 0.35097328
car 132.3468 170.27095 49.045467 81.84633 0.98520416
car 383.11188 424.62717 54.49945 90.89333 0.99132836
--
car 361.03934 389.70993 60.43744 82.212944 0.3755702
car 421.2229 460.60367 72.79771 110.661766 0.48460153
car 131.33763 169.54176 47.784317 80.25047 0.97048396
car 381.49124 422.90475 55.83986 90.178055 0.9916779
--
car 361.02216 389.73688 60.399582 82.20153 0.35351434
car 421.28955 460.63818 72.807236 110.78407 0.50465995
car 131.38976 169.57858 47.805206 80.26048 0.96884817
car 381.50897 422.9216 55.937572 90.2722 0.99140036
--
car 421.8949 461.0149 71.91779 109.98591 0.30998832
car 130.72437 168.825 48.169308 79.156944 0.95842725
car 379.42902 420.87167 55.722824 90.25646 0.9841511
--
car 422.72964 460.70697 71.905945 109.8998 0.32856783
car 129.27087 170.0446 47.24725 79.69216 0.9444048
car 378.30704 419.3963 55.65571 90.33302 0.9833267
--
car 422.80566 460.49393 71.96903 110.00014 0.31728068
car 129.26215 170.07501 47.278404 79.71574 0.9440429
car 378.3529 419.26953 55.72217 90.275116 0.9824448
--
car 466.6623 480.33795 79.75927 124.42685 0.3020258
car 423.41013 464.75302 71.75334 110.09983 0.31901062
car 128.3414 165.1769 47.603394 78.128265 0.9379045
car 370.8532 419.1257 56.050156 91.82663 0.9770527
--
car 466.67752 480.3207 79.82006 124.40646 0.30796647
car 423.2827 460.80164 71.43595 109.687004 0.32394212
car 127.920784 170.50362 46.750217 79.3003 0.94094604
car 370.98047 419.14474 56.15635 91.95406 0.98085
--
car 466.67474 480.29773 79.78435 124.39309 0.3119113
car 423.3339 464.76797 71.695404 110.53025 0.37673694
car 128.26918 165.27887 47.496365 78.16807 0.9466225
car 370.73785 419.23132 56.182064 91.84403 0.9808723
--
car 423.66562 464.49564 71.45053 110.87819 0.37192923
car 466.90524 480.35724 79.83961 124.06422 0.40351945
car 127.75878 165.63371 46.464195 78.03122 0.5595615
car 368.73618 419.5326 58.45811 93.00222 0.99217707
--
car 423.2113 469.7876 67.24175 115.17631 0.37253016
car 466.66922 480.18683 79.46612 124.363655 0.3824977
car 127.196304 171.37704 46.31627 79.187744 0.39137015
car 366.47113 417.94516 59.976295 93.15418 0.9946941
--
car 423.1103 469.77197 67.228065 115.2568 0.3383226
car 466.73816 480.22116 79.47973 124.3665 0.3604918
car 127.002014 172.09128 46.2511 79.15981 0.3822219
car 366.3308 418.19568 60.2301 93.088486 0.99493736
--
car 126.41273 163.51767 45.051037 71.341705 0.7294966
car 366.0458 416.05832 58.79677 94.24776 0.9899229
--
car 125.87312 162.6973 44.285374 71.844955 0.7288083
car 367.26627 411.3129 59.323994 95.64232 0.9870243
--
car 125.79084 162.64397 44.566673 71.61953 0.7645386
car 367.48026 411.15802 59.28038 95.63314 0.98661095
--
car 125.57134 159.79355 43.40384 71.42786 0.5998004
car 359.66135 411.7495 59.79378 95.33899 0.98018104
--
car 125.75618 156.58324 42.963173 69.8886 0.8046766
car 357.5251 409.40396 59.03144 96.170334 0.983067
--
car 125.86318 156.43004 42.87709 69.79296 0.84116924
car 357.26334 409.33374 59.05489 96.11587 0.9811601
--
car 80.202065 99.57103 44.112286 68.90512 0.4932921
car 125.36502 154.93707 43.087234 70.18115 0.8699202
car 354.34003 404.9687 61.35032 98.91789 0.9002621
--
car 80.77269 100.03386 44.75724 70.03523 0.7150084
car 123.09358 151.43353 42.277626 69.513885 0.9499602
car 347.0295 402.0309 58.238323 102.26309 0.97092927
--
car 81.55557 100.53861 44.833443 71.015686 0.839594
car 344.10086 398.1148 59.723717 101.68144 0.9281106
car 121.66572 150.59186 42.130608 68.96164 0.9516318
--
car 81.55852 100.52445 44.809547 71.049355 0.8362972
car 343.99234 398.14133 60.10809 101.91367 0.92546904
car 122.09248 150.47295 42.056427 68.90369 0.95313805
--
car 86.6414 125.03091 27.220774 48.022003 0.30668393
car 151.84482 164.84988 30.903206 42.702995 0.30974522
car 82.13294 103.760376 48.845924 73.318214 0.93869686
car 337.4446 396.4452 65.1213 103.35227 0.9723133
car 120.68895 147.73766 42.456684 68.39871 0.9831323
--
car 87.03025 125.40467 27.051332 48.521076 0.32062072
car 82.42232 104.12731 49.47754 73.65276 0.9500525
car 119.654724 146.74191 42.72821 67.76587 0.9718346
car 333.9402 395.30716 62.619045 104.99087 0.9770339
--
car 87.79146 124.85968 27.33046 48.2706 0.40117452
car 336.79938 396.273 65.603386 104.17023 0.93072
car 82.31418 104.05135 49.20166 74.07943 0.94030756
car 123.35593 147.62509 41.480564 67.112335 0.974259
--
car 87.79523 124.70045 27.495647 48.217335 0.32473138
car 83.01823 104.82393 50.305523 74.7316 0.9535765
car 332.0368 393.30307 64.22245 106.34905 0.9595275
car 122.63953 147.05553 41.385696 65.93633 0.9775714
--
car 87.977165 123.76677 27.715973 48.377068 0.5113783
car 329.819 391.01047 59.520718 107.2807 0.9446896
car 83.643295 106.30353 50.782864 75.99965 0.96530336
car 118.90417 145.14429 40.724598 66.35535 0.9834911
--
car 87.9942 123.69066 27.712345 48.346516 0.5021623
car 329.9131 390.9035 59.485172 107.297844 0.9536528
car 83.64673 106.28921 50.799747 76.00411 0.9651803
car 118.861015 145.18329 40.70605 66.38241 0.9832794
--
car 83.92235 107.06738 50.803368 76.98577 0.950655
car 118.2562 144.38107 39.022053 65.93165 0.9535715
car 328.7921 386.62592 61.69544 109.12823 0.9796732
--
car 118.45584 143.47664 38.555843 65.24625 0.96188855
car 84.64591 107.93173 51.75803 78.33355 0.968793
car 325.8685 384.96198 61.296684 109.868195 0.9789339
--
car 118.551765 143.40305 38.70925 65.08858 0.96280146
car 84.603226 107.90158 51.692936 78.3403 0.9672862
car 325.98425 384.77444 61.340233 109.850914 0.9795528
--
car 85.497086 108.483086 52.32949 79.69466 0.9662094
car 118.743324 143.81918 37.520794 62.405567 0.9691236
car 321.5371 383.71875 67.19989 112.219666 0.98525643
--
car 88.50392 123.548996 27.159443 48.699924 0.33373442
car 86.26305 109.85497 52.152336 81.304115 0.93791366
car 118.68181 143.3736 37.511684 61.33246 0.9518754
car 316.98856 375.90018 67.338455 113.15668 0.98643976
--
car 88.47669 123.52998 27.19595 48.673946 0.33265188
car 86.2389 109.850105 52.135857 81.32201 0.93853724
car 118.66156 143.41264 37.589275 61.300926 0.95381516
car 317.08093 375.87897 67.2711 113.180275 0.98595744
--
car 118.13133 143.95253 37.870483 60.57371 0.8395504
car 86.71499 110.582214 52.37601 82.78032 0.8833428
car 311.9376 374.81223 67.07839 116.0403 0.98299915
--
car 117.927765 144.02554 37.94156 60.64996 0.8086935
car 86.67025 110.58003 52.46638 82.75669 0.87891215
car 311.9074 374.73392 66.86343 116.105286 0.98308283
--
car 119.03882 143.05487 42.36672 61.26564 0.78432924
car 86.24029 110.12784 56.182125 85.5888 0.87462723
car 311.4837 376.601 67.396126 116.02174 0.96922517
--
car 110.52403 142.86003 41.407986 62.200085 0.43760794
car 86.571175 111.52551 56.287487 87.03079 0.9290909
car 307.66336 365.70203 65.59437 117.53464 0.96859777
--
car 108.3674 141.38863 36.469646 60.92591 0.37051728
car 87.113495 113.10128 56.61343 89.1387 0.9524752
car 303.54504 363.37738 67.853645 120.70042 0.9597323
--
car 108.47827 141.42467 36.284424 61.17879 0.44152984
car 87.08486 113.159065 56.587524 89.16756 0.9520027
car 303.5074 363.37714 67.792755 120.56859 0.9628987
--
car 86.6252 114.4712 56.383926 90.37468 0.93595487
car 297.85617 359.58502 70.52441 122.02196 0.94820994
--
car 106.94025 142.01904 35.600266 61.199577 0.43289298
car 89.7481 115.744125 57.93754 89.87619 0.9460529
car 292.1885 354.14792 70.16931 123.198906 0.9672805
--
car 105.83041 141.92577 35.97686 60.782307 0.41587606
car 89.775246 115.7819 57.829247 89.91058 0.94248676
car 292.1649 354.2173 70.04408 123.246284 0.9617757
--
car 107.52538 140.88094 36.143852 59.392143 0.30648312
car 90.14874 116.84555 58.614185 91.79849 0.9602387
car 285.09662 351.138 71.326195 124.674194 0.9863231
--
car 90.2455 117.790596 58.533375 94.52847 0.8887935
car 277.98273 346.8432 74.562225 125.59329 0.99149966
--
car 90.29105 117.76557 58.530087 94.43142 0.8913054
car 278.11545 346.7891 74.60076 125.69996 0.99077266
--
car 89.85159 119.82989 60.683014 99.19418 0.7725844
car 271.16306 344.84946 72.54492 128.05641 0.9689452
--
car 91.081024 120.63258 62.334244 99.40494 0.87680525
car 266.88342 337.21448 76.42036 130.2574 0.98458934
--
car 91.00027 120.358055 61.655594 99.42658 0.82858896
car 266.96835 337.16275 76.395805 130.68326 0.9841956
--
car 111.20569 141.96907 34.956596 57.966022 0.3300117
car 92.008316 121.453514 64.30964 100.28267 0.924181
car 262.95435 333.412 76.48486 130.18948 0.99447185
--
car 94.101295 123.08307 65.15528 101.95315 0.95301527
car 255.01341 331.26752 76.229225 132.45374 0.98412716
--
car 94.09116 123.1492 65.15959 102.044975 0.9548284
car 255.0055 331.28802 76.12334 132.64238 0.9830625
--
car 95.00377 124.481476 65.293625 104.975494 0.95425206
car 246.41006 324.32687 82.02834 136.8614 0.9875445
--
car 109.67417 141.88065 34.723217 56.805943 0.46370742
car 95.060616 127.71538 67.244804 111.24109 0.9264753
car 242.4682 317.77496 81.17829 140.98169 0.979814
--
car 109.775925 141.93982 34.81344 56.907288 0.4863577
car 95.00004 127.75416 67.30922 111.188 0.9271621
car 242.55167 317.6578 81.42666 140.85992 0.97732157
--
car 235.3736 313.20193 84.472244 142.05713 0.95189524
car 96.154335 127.47121 67.666504 112.00116 0.9759962
--
car 227.60275 304.77347 83.788925 146.5573 0.90051
car 96.58876 129.03496 68.629745 112.528885 0.9783614
--
car 227.5464 305.5801 82.813736 147.27104 0.9488242
car 96.71578 128.91347 68.49844 112.62349 0.98219156
--
car 99.098045 132.28743 70.61519 116.01867 0.98817915
car 222.48178 299.50293 82.081 149.93947 0.99588186
--
car 213.887 292.18454 86.20254 149.32114 0.9852193
car 98.941414 134.11598 72.30834 119.53114 0.99141127
--
car 213.32388 292.9301 86.14447 149.67651 0.9819424
car 99.23186 134.03308 72.01712 118.652405 0.9883342
--
car 99.450134 136.52374 72.21974 122.84311 0.99098724
car 206.88686 288.78845 84.96361 157.57298 0.99233043
--
car 100.4533 138.68008 74.862 126.97148 0.98160493
car 200.96393 282.98538 87.11867 157.96887 0.99249935
--
car 100.44001 138.72366 74.88632 127.03904 0.98274773
car 200.90874 282.98047 87.197845 157.98282 0.99300003
--
car 187.19833 276.47598 94.08388 161.78838 0.9848304
car 101.26223 143.62082 73.21479 133.38736 0.985355
--
car 101.873405 146.06975 79.37121 138.6597 0.9773291
car 184.42247 268.00363 93.27878 165.46724 0.9870921
--
car 101.865944 146.01193 79.39461 138.5413 0.97626686
car 184.24913 267.99866 93.15524 165.69449 0.98635656
--
car 101.88416 146.02597 79.36626 138.58203 0.9743844
car 184.3014 267.8962 93.134224 165.69 0.98654705
--
car 171.62363 260.44772 96.12689 169.54497 0.9794426
car 102.64343 148.55922 80.99861 140.51794 0.98333853
--
car 171.75041 260.2781 96.13159 169.50415 0.97711277
car 102.6111 148.52037 80.942505 140.4705 0.98085564
--
car 103.56291 150.34695 81.40436 144.542 0.99165785
car 166.06122 251.79071 97.567154 172.9971 0.9952205
--
car 102.8061 152.46773 84.31021 148.59644 0.99301547
car 156.21097 244.39307 101.14123 174.20851 0.99789804
--
car 150.36897 235.59018 102.18417 178.63914 0.9917097
car 105.28702 155.4823 86.16455 150.80531 0.9953012
--
car 150.41101 235.59749 102.17412 178.74275 0.99198055
car 105.32639 155.45877 86.17268 150.8724 0.995225
--
car 109.40014 156.59402 91.65569 148.53522 0.798647
car 111.05381 220.95732 108.25224 184.49765 0.9292801
--
car 113.83 155.57896 92.811874 145.30011 0.74438995
car 116.08583 210.11902 110.49974 188.08994 0.982745
--
car 113.93464 155.52055 92.66815 144.95682 0.7319723
car 115.718185 210.29883 110.44215 187.76173 0.9805277
--
car 106.34705 206.72993 109.27614 196.04755 0.9762708
--
car 105.78997 199.24283 99.01536 203.78682 0.99627423
--
car 105.85223 199.35669 98.6436 204.10344 0.99599534
--
car 93.917816 196.83006 122.88974 210.2211 0.98471165
--
car 87.65608 193.03917 120.347725 212.28848 0.9932827
--
car 87.30824 192.95874 119.97881 212.6532 0.993909
--
car 76.7106 189.63747 123.885796 214.57033 0.9946953
--
car 120.08124 153.5884 102.44208 138.94836 0.66471547
car 69.41431 182.62714 123.0188 222.30136 0.9924812
--
car 120.088165 153.56339 102.43469 138.95457 0.66972816
car 69.371765 182.49867 122.73137 222.27165 0.99250853
--
car 119.16385 154.12381 102.901405 138.64658 0.8838361
car 62.95058 176.2435 129.10042 224.16019 0.996206
--
car 119.18162 153.58997 102.99944 139.66216 0.84210855
car 57.464664 168.89937 134.65193 224.16959 0.99302965
--
car 119.09128 153.61734 102.94324 139.84198 0.87570786
car 57.769897 168.3904 135.96834 223.68361 0.9932698
--
car 437.7321 464.10117 48.394627 73.5031 0.6028196
car 115.7871 161.40553 104.71313 164.54349 0.9758865
car 53.006897 160.59605 141.14685 229.94763 0.997103
--
car 437.42746 464.06824 48.16639 73.8959 0.70836115
car 117.38756 161.10027 103.94571 173.73871 0.98147136
car 48.65896 153.81111 142.81778 231.07112 0.9958402
--
car 437.42517 464.10953 48.28328 73.872475 0.7104218
car 117.31327 161.06984 103.77567 173.82616 0.9817739
car 48.85514 153.73926 142.917 231.0449 0.99556655
--
car 436.84064 464.2433 47.90914 74.11513 0.64834535
car 118.02814 159.26283 103.82218 172.61089 0.97402203
car 39.320717 148.99312 149.77551 237.30865 0.9933713
--
car 435.66852 463.7173 47.777206 74.59536 0.6039862
car 114.96228 158.39667 106.05049 188.3834 0.96503437
car 35.673546 135.52039 152.87567 237.83171 0.9927068
--
car 435.75003 463.72733 47.893066 74.69533 0.58938706
car 114.89321 158.38866 106.14045 188.32292 0.96644676
car 35.736294 135.56845 152.90752 237.77972 0.9926169
--
car 435.19547 463.77692 46.92188 75.75264 0.45049527
car 116.05071 158.90698 102.329 177.28069 0.9053207
car 30.160553 129.37692 161.82292 248.6075 0.99603826
--
car 433.48694 463.40616 46.434074 76.549576 0.3974625
car 113.24352 159.28265 105.46989 189.24643 0.96890306
car 28.57983 131.17462 164.48587 249.41626 0.9931285
--
car 433.53458 463.45813 46.385124 76.60122 0.39949787
car 113.28409 159.29784 105.48023 189.16382 0.9678924
car 28.571184 131.19112 164.43163 249.26578 0.9929055
--
car 432.2646 462.8932 46.46176 76.59822 0.41173923
car 113.015 159.32323 105.174255 188.80017 0.9687936
car 27.323967 114.50342 170.14392 244.52832 0.99166805
--
car 431.16315 462.1518 46.749966 76.69557 0.4222815
car 112.1905 159.97546 105.63241 187.95158 0.9603338
car 24.839443 106.417755 171.98412 245.08075 0.9949486
--
car 431.1806 462.30078 46.838097 76.67175 0.43753847
car 112.128426 159.94336 105.29403 187.98766 0.9631728
car 24.829527 106.192604 171.97559 244.95856 0.99521494
--
car 431.17792 462.16898 46.84374 76.66926 0.42521337
car 112.15601 159.9679 105.41878 187.91095 0.96465325
car 24.775126 106.216965 171.99135 244.8859 0.99525195
--
car 430.51062 461.2474 47.14886 77.01791 0.43720177
car 115.27801 159.92535 102.79113 176.02048 0.9636056
car 20.033594 104.24074 172.82697 245.21326 0.9892263
--
car 430.4785 461.40408 47.16382 77.072136 0.43416837
car 115.26367 160.19884 103.05196 175.5391 0.96296823
car 20.291712 104.13335 172.71437 245.07002 0.9877128
--
car 429.76297 461.93192 47.405846 76.95848 0.37350655
car 111.98846 159.03767 106.37008 188.66742 0.93022764
car 19.881874 97.96517 172.16591 246.52322 0.99432725
--
car 429.15958 462.32327 48.327316 76.94006 0.43454427
car 115.76933 158.94237 102.9635 172.65703 0.8979046
car 15.837497 98.13005 167.4898 257.91382 0.98638105
--
car 429.15173 462.41513 48.309433 76.947586 0.41979918
car 115.77521 159.00542 102.93434 172.90187 0.9133517
car 15.751723 98.22686 167.46408 258.41693 0.986963
--
car 427.70032 462.42346 48.947266 77.26215 0.32094106
car 116.152756 159.0461 103.133026 170.31964 0.9408957
car 14.536561 90.0238 163.6132 261.0514 0.9867302
--
car 115.815025 158.82469 102.68593 171.83018 0.9453835
car 12.55395 85.859085 164.3672 260.36588 0.98509973
--
car 115.88964 158.82782 102.739914 171.7412 0.94370866
car 12.509733 85.8216 164.3037 260.40106 0.98471284
--
car 423.05573 460.08325 48.100063 77.290535 0.31909317
car 115.25284 159.16608 102.32127 173.44276 0.92771405
car 9.902691 82.334816 166.30373 260.60995 0.97127706
--
car 422.48428 459.60675 48.00468 77.73391 0.43772376
car 115.0043 159.31311 102.71279 174.07286 0.91564167
car 7.131468 82.95575 173.09071 248.50392 0.95517284
--
car 422.48532 459.51907 48.053074 77.78233 0.44156525
car 115.051636 159.42535 102.70682 174.29877 0.91002154
car 7.0422688 82.81661 173.11407 248.61777 0.9523888
--
car 419.67685 458.07132 47.287575 78.25932 0.73858994
car 114.641235 159.5621 102.81336 174.92955 0.94270474
car 4.2840776 80.446785 166.34575 260.9497 0.9682594
--
car 89.88331 109.577 25.398746 40.942112 0.3475433
car 419.14673 456.45047 47.5274 78.80897 0.5272877
car 114.79801 159.76129 103.3038 174.1042 0.9529429
car 3.7085903 79.03955 167.06738 261.42267 0.9721026
--
car 89.55324 109.543365 25.517109 40.973454 0.3717254
car 419.17297 456.51 47.49653 78.798584 0.53196377
car 114.72142 159.79245 103.19276 174.72748 0.9551009
car 3.6280847 79.11308 167.13672 261.45514 0.9750646
--
car 418.21674 455.63422 47.731136 79.08317 0.3751686
car 113.70952 159.83858 103.243385 174.95276 0.9510571
car 2.8258967 77.79601 167.04973 260.45712 0.9774782
--
car 417.29022 455.02933 47.779568 79.58265 0.3187595
car 113.52632 160.23776 103.21814 174.49109 0.9538034
car 2.2200572 77.280975 165.93364 259.52676 0.9680866
--
car 417.21173 454.94498 47.66569 79.54821 0.3507593
car 113.635475 160.26476 103.142624 174.56839 0.94606096
car 2.181927 77.288376 165.89357 259.50317 0.9665024
--
car 89.60423 109.035614 24.142414 37.1953 0.33891615
car 416.6039 454.37576 48.6967 79.82566 0.46717563
car 113.83325 160.23515 103.06662 173.93764 0.9497128
car 1.9970119 77.278244 165.57454 259.4571 0.9694268
--
car 89.83676 107.78093 24.050253 36.248543 0.30964586
car 413.5161 452.31845 48.865376 80.40328 0.4929423
car 79.51723 98.91439 34.17395 55.93791 0.5944721
car 114.67087 159.40015 103.13135 174.53214 0.964159
car 2.8943467 75.64688 171.06958 245.28625 0.97674537
--
car 89.74828 108.06333 23.927547 36.142853 0.36363742
car 413.80914 451.81522 48.827103 80.36917 0.47500598
car 79.57484 99.35065 34.74996 56.415047 0.6470369
car 114.667946 159.33804 103.252205 174.10928 0.9643049
car 2.9550433 75.89705 171.07486 244.98729 0.976501
--
car 89.827126 107.960526 23.995329 36.11063 0.35396144
car 413.7514 451.9209 48.75478 80.312035 0.45523876
car 79.53143 99.34745 34.74807 56.417553 0.6502813
car 114.53776 159.3827 103.22973 174.29793 0.9662462
car 3.005755 75.90703 170.93877 244.98624 0.9763491
--
car 89.60994 108.14688 24.117207 36.234943 0.30414072
car 413.60947 451.06467 49.58801 80.28455 0.39810354
car 79.65122 99.48156 34.86604 57.001667 0.68277216
car 114.84557 159.41357 103.49794 173.89859 0.963401
car 3.1456017 75.46143 170.9974 245.30011 0.97345316
--
car 89.76638 108.01292 24.104137 36.045723 0.35863495
car 412.5599 450.75336 49.188072 80.60207 0.38016024
car 80.152 99.95824 36.17122 57.632626 0.7450085
car 114.901474 159.43587 103.56283 173.97076 0.9626121
car 2.9406917 75.67095 171.31279 245.52411 0.97193795
--
car 90.00469 107.7551 24.072876 35.990124 0.3509497
car 412.6348 450.94412 49.070366 80.618065 0.4210958
car 80.17181 99.85569 36.29267 57.728004 0.7537408
car 114.647545 159.54321 103.24259 174.40802 0.9720288
car 2.9433703 75.88268 171.65854 245.05992 0.97407347
--
car 79.97166 100.11712 35.88197 58.05139 0.60324395
car 412.1853 449.7815 48.96564 80.3997 0.62626565
car 114.45349 159.44585 103.076706 173.89479 0.96672577
car 2.9628325 75.72189 170.88309 245.38931 0.97845036
--
car 411.24512 448.91296 49.059128 80.36337 0.51593685
car 80.01416 100.16201 36.64845 58.74807 0.67373663
car 114.7875 159.51743 103.23246 173.91016 0.9675374
car 2.947898 75.799614 170.68147 245.21501 0.9721869
--
car 411.24863 448.9509 49.025463 80.440895 0.45156267
car 79.991615 100.20311 36.685196 58.743683 0.7000944
car 114.77167 159.53108 103.24396 173.8932 0.96848524
car 2.9315794 75.77702 170.60178 245.00702 0.9727792
--
car 410.2636 448.09964 48.710094 80.57112 0.32346877
car 80.02807 100.63891 37.182907 59.35815 0.76621175
car 114.71376 159.50574 103.06682 174.54971 0.9630377
car 1.5359902 76.949615 163.11392 259.6809 0.9639269
--
car 410.11945 447.6701 48.767067 81.16604 0.44095838
car 79.58413 100.703674 37.77858 59.77027 0.77204543
car 114.71774 159.45337 102.851845 174.68416 0.9576478
car 1.6788948 76.76162 163.45522 260.2091 0.96310264
--
car 410.11795 447.65622 48.676785 81.0489 0.43766403
car 79.520325 100.66357 37.794975 59.7704 0.75948584
car 114.65417 159.50081 102.72566 174.97455 0.9537263
car 1.5600979 76.8983 163.4198 260.15976 0.96440417
--
car 80.259895 100.674995 37.54131 60.73858 0.45050603
car 409.83597 447.8658 48.92364 81.55658 0.57058406
car 114.69151 160.30112 102.43349 175.36406 0.96628493
car 1.4597154 77.13702 164.26846 259.4536 0.96932644
--
car 409.90717 447.15796 48.769394 81.54505 0.8049145
car 1.4604092 77.396255 163.50568 259.60696 0.96171856
car 114.41667 160.17244 102.34243 175.307 0.9618284
--
car 409.927 447.0483 48.861298 81.58262 0.78704333
car 1.4125764 77.45679 163.74197 259.73206 0.96099
car 114.40521 160.08054 102.282005 175.32448 0.96100146
--
car 409.82983 446.85684 48.959076 81.353226 0.85331494
car 114.36025 160.04532 102.33509 175.7516 0.9553637
car 1.3696754 77.44766 163.8663 259.3912 0.95782495
--
car 409.96478 446.80258 49.079548 81.318275 0.8551787
car 114.59191 159.92462 102.294014 175.78932 0.95195735
car 1.3453352 77.42423 163.81058 259.34863 0.95647216
--
car 409.86124 446.7866 49.00869 81.2928 0.83268714
car 114.470505 159.55893 102.083244 175.82611 0.94836456
car 1.3081348 77.55066 163.93556 259.1819 0.9502612
--
car 80.4895 101.89031 40.706367 63.047764 0.32351828
car 409.0774 446.005 48.779526 81.47636 0.83862984
car 114.29346 159.60117 102.13585 175.56161 0.94770503
car 1.3908792 77.47115 164.09438 258.70493 0.95523566
--
car 82.47832 104.61392 41.646736 63.0712 0.35474834
car 408.52017 445.2585 48.895695 81.648094 0.93831015
car 114.420105 159.4407 102.03861 175.49068 0.9459325
car 1.3263988 77.43828 163.60458 258.96384 0.9529986
--
car 82.467896 104.53991 41.75075 63.07371 0.37931174
car 408.5303 445.27362 48.903236 81.747894 0.9242471
car 114.41885 159.4667 102.04859 175.73169 0.94571626
car 1.4031243 77.37618 163.63799 258.9463 0.95502245
--
car 82.986465 104.70413 41.46965 63.58134 0.62728554
car 407.7776 444.04547 49.553467 82.22239 0.841545
car 114.7679 159.34357 102.360916 174.118 0.9350885
car 1.4716744 77.18064 163.83928 259.3849 0.95721406
--
car 83.00365 105.05028 41.69294 64.2576 0.45640427
car 407.49493 443.6987 49.84307 82.302025 0.8823041
car 1.4998949 77.10557 163.97888 259.39017 0.95353556
car 114.67438 159.38524 102.36014 174.05074 0.95467985
--
car 83.01207 105.068665 41.75639 64.249695 0.4393445
car 407.45276 443.72302 49.837654 82.40716 0.8986046
car 1.4945269 77.05117 163.9563 259.38083 0.9525281
car 114.79733 159.35013 102.35511 174.02507 0.95777905
--
car 83.07338 105.04725 41.830936 64.267624 0.7084529
car 405.02084 442.66968 50.47222 82.274925 0.8047811
car 114.97268 159.43028 101.81481 173.09497 0.9315864
car 2.688979 76.888535 170.71489 245.84079 0.96278256
--
car 82.971695 104.76139 41.435513 64.41057 0.8374508
car 404.0352 443.01245 50.179184 82.727295 0.87113327
car 115.15752 159.34149 101.92993 172.90208 0.9195684
car 2.6442003 76.88442 170.7456 245.91444 0.9595076
--
car 82.91604 104.82137 41.43411 64.43056 0.8186975
car 404.0493 442.99536 50.19297 82.71738 0.8710448
car 115.04646 159.48276 101.867165 173.00175 0.9238934
car 2.6424623 76.87105 170.6539 245.79375 0.9583666
--
car 83.18164 104.51281 41.45639 64.76836 0.8437499
car 115.13235 159.50348 102.03362 172.8438 0.9209527
car 403.70978 442.81937 50.18198 82.293205 0.9239923
car 1.2549663 77.49399 164.54053 258.70862 0.95578307
--
car 83.65899 104.69719 41.531857 65.087845 0.8145079
car 114.91176 159.49828 101.983795 173.30893 0.92276794
car 2.830528 76.66752 170.8122 245.81676 0.95448774
car 401.53363 443.17456 49.845634 82.71002 0.9590169
--
car 83.685104 104.72632 41.56364 65.13609 0.7969092
car 114.828705 159.40543 101.92191 173.38277 0.9176949
car 2.9069424 76.66414 170.73235 245.77974 0.95188797
car 401.50787 443.18433 49.8641 82.65915 0.95776457
--
car 84.53153 105.018616 41.818443 65.946945 0.88705975
car 114.95775 159.39853 101.98448 173.4492 0.90299684
car 2.8223991 76.83524 170.83629 245.92282 0.9582706
car 400.69025 442.6558 49.953407 82.57029 0.95957094
--
car 115.03871 159.32175 102.25211 173.67268 0.8928049
car 400.66754 442.55884 50.03367 82.87481 0.9242594
car 84.67796 105.45638 42.175312 66.64838 0.9298959
car 2.866609 76.73903 170.95654 245.9972 0.9538821
--
car 115.22013 159.35828 102.28351 173.44618 0.8734591
car 84.68942 105.45734 42.13397 66.65126 0.9300279
car 400.76645 442.29575 49.781883 82.80064 0.94589937
car 2.8205037 76.77752 170.87497 245.85962 0.9533802
--
car 115.166405 159.3173 102.20081 173.5729 0.8790968
car 84.929184 106.299675 42.005074 67.34646 0.91886914
car 400.10168 442.19727 49.93911 83.41354 0.9330506
car 1.192553 77.51289 164.7403 259.0686 0.95562047
--
car 115.11445 159.44368 102.1747 174.00726 0.87068284
car 85.40202 107.00592 42.511257 67.69344 0.92784584
car 1.2040079 77.55262 164.90034 259.03073 0.95613176
car 399.4788 442.02295 49.841263 83.67215 0.96422446
--
car 115.20397 159.44844 102.25115 173.72232 0.87368405
car 85.37526 107.060036 42.479355 67.791214 0.9337295
car 1.1633813 77.55275 164.67525 259.52472 0.958139
car 399.45023 442.02325 49.848576 83.73436 0.9629185
--
car 85.48151 127.56496 31.598051 60.461113 0.4482579
car 85.66422 107.02286 42.48816 68.35599 0.8489839
car 115.09303 158.94434 102.12503 175.6298 0.87887514
car 1.1700618 77.43802 164.99918 259.58356 0.96800786
car 398.67615 441.31644 50.11056 83.98409 0.9707352
--
car 85.717316 107.70312 42.627155 69.034 0.71061283
car 115.03799 158.91151 102.09339 175.60197 0.8952262
car 397.96326 441.15848 49.87668 83.680885 0.92992723
car 1.2031817 77.39847 164.88503 259.6466 0.96758896
--
car 85.71525 107.70145 42.546947 68.995094 0.70967907
car 114.98604 158.94586 101.989914 175.69978 0.90280724
car 398.03925 441.21054 49.84959 83.67653 0.9246867
car 1.2086248 77.35774 165.06403 259.45895 0.9687342
--
car 85.91622 108.6251 42.657616 69.35967 0.5901334
car 114.98863 158.92673 101.897964 175.8005 0.89965343
car 397.84308 439.79184 49.92631 83.43756 0.923628
car 1.212405 77.34906 165.07011 259.3472 0.96818614
--
car 86.28997 127.16406 31.054976 62.248905 0.32324436
car 85.88363 108.91329 42.868797 69.65098 0.65633184
car 396.79672 439.6549 50.531593 82.93954 0.8239472
car 115.07727 158.90471 101.935425 175.81573 0.9006474
car 1.186527 77.345535 165.2256 259.48215 0.9694017
--
car 86.19206 127.11533 31.158443 62.30842 0.31165516
car 85.88478 108.979515 42.717014 69.66011 0.62802076
car 396.8133 439.57233 50.53715 82.92259 0.8029043
car 115.04977 158.90251 101.93568 175.85901 0.90337414
car 1.221174 77.323524 165.16457 259.46216 0.96959174
--
car 86.11354 109.84786 42.849514 70.04743 0.5962194
car 396.5792 438.9266 50.71936 82.70834 0.7978609
car 115.066666 158.82812 101.90506 175.76276 0.9050509
car 1.1714315 77.32996 165.56242 259.3827 0.9723676
--
car 86.16013 109.84692 42.90601 70.08875 0.5723534
car 396.6295 438.78046 50.649334 82.73494 0.8333278
car 115.071014 158.71678 101.79625 175.92506 0.9121227
car 1.1690712 77.30779 165.66713 259.3714 0.9723239
--
car 86.1376 109.84713 43.012978 70.095856 0.59198105
car 396.6693 438.787 50.575863 82.728035 0.838265
car 115.0835 158.70071 101.77142 175.8897 0.90890676
car 1.159637 77.307976 165.70154 259.36282 0.972098
--
car 396.54062 438.0123 50.475323 83.52358 0.86511785
car 115.10381 158.75047 101.87916 175.81453 0.90815467
car 86.099144 109.37261 44.851456 70.75544 0.9335447
car 1.210295 77.31381 165.62477 259.5902 0.9741294
--
car 395.91058 437.6751 50.429188 84.23876 0.77215266
car 115.183495 158.792 101.96068 175.62459 0.90168035
car 86.50401 109.17499 45.252804 71.439415 0.9425112
car 1.1459148 77.38936 165.47255 259.6829 0.9730296
--
car 395.69296 437.96942 50.652218 84.17701 0.8224977
car 115.226585 158.78157 101.92857 175.65474 0.90108496
car 86.56152 109.27036 45.378654 71.41583 0.9419164
car 1.1649728 77.37324 165.50395 259.7201 0.97292346
--
car 395.08435 434.00446 50.998455 84.89908 0.84404004
car 115.10518 158.83116 102.33856 174.26349 0.87327325
car 1.1548197 77.29127 165.27881 259.6462 0.964308
car 87.081215 109.391884 45.746986 71.638405 0.9682496
--
car 115.14131 158.79434 102.510445 174.06734 0.8673384
car 394.70193 433.89944 50.55258 85.633514 0.9505379
car 1.1846638 77.29242 165.20706 259.71082 0.9652948
car 87.37293 109.43134 45.98275 71.85183 0.9686685
--
car 115.17304 158.7508 102.48699 174.18178 0.8698304
car 394.67627 433.95166 50.52417 85.67852 0.9489774
car 1.2059212 77.27347 165.33496 259.68573 0.96532345
car 87.387505 109.414536 46.020775 71.86641 0.96856606
--
car 115.2301 158.81 102.606155 174.13069 0.8572453
car 393.9948 433.71594 50.355633 85.554756 0.95378935
car 88.33129 109.29289 48.279236 73.55354 0.9567831
car 1.2141216 77.26451 165.37404 259.5989 0.96380293
--
car 115.1848 158.80183 102.48003 174.40149 0.8457298
car 88.17189 109.795876 48.309658 73.848694 0.9520025
car 392.38202 433.00806 50.37177 85.51467 0.96105707
car 1.187042 77.27376 165.32323 259.5489 0.9648169
--
car 115.187004 158.7831 102.56704 174.40216 0.82739305
car 88.306564 109.75396 47.959057 74.50786 0.9500739
car 1.2322605 77.28782 165.09094 259.26266 0.9633221
car 391.8994 432.42026 50.528324 85.31958 0.98354185
--
car 115.22696 158.70927 102.55941 174.54802 0.82197547
car 88.40215 109.7719 47.967705 74.4371 0.95100856
car 1.220516 77.26334 165.10744 259.2498 0.96300817
car 391.93002 432.3411 50.54417 85.3736 0.98333997
--
car 115.12703 158.71182 102.54794 174.34198 0.829014
car 88.187515 110.12089 47.897633 74.835045 0.96084034
car 1.2035894 77.308754 165.2929 259.10858 0.96355474
car 391.78226 431.8582 50.673656 85.501396 0.9832455
--
car 115.0775 158.73563 102.60053 174.30916 0.8077049
car 1.1996269 77.30763 165.26073 259.14996 0.9645
car 88.364044 110.59574 48.08314 75.01733 0.9679707
car 390.15427 432.59988 52.656654 87.85898 0.9850749
--
car 114.97679 158.79292 102.601555 174.6385 0.8047865
car 1.2142146 77.23984 165.28204 259.19684 0.9642578
car 88.336624 110.50419 48.02355 75.01838 0.96486247
car 390.0688 432.7276 52.609394 87.857796 0.9837219
--
car 115.090515 158.84145 102.64138 174.48778 0.8029795
car 1.2647438 77.19294 165.24953 259.28635 0.9639699
car 88.36473 110.73325 48.60297 75.41517 0.9719079
car 389.69452 431.5893 52.48811 88.16159 0.98960817
--
car 115.23757 158.83925 102.62845 174.40984 0.78739095
car 1.2575519 77.22475 165.28249 259.24933 0.9633427
car 88.349495 111.07988 48.735897 75.75974 0.9741161
car 388.76343 430.61374 52.53496 88.498276 0.98132074
--
car 115.40362 158.57652 102.953285 173.73627 0.7768018
car 1.3199902 77.47213 164.71481 259.2305 0.9612216
car 88.32118 111.02095 49.08245 75.61072 0.9774253
car 388.72876 430.83066 52.345757 88.63038 0.98358035
--
car 115.511246 158.53787 102.89959 173.72409 0.76021904
car 1.3194501 77.46905 164.70552 259.27008 0.9604365
car 88.344795 111.458145 49.135853 76.239296 0.9793483
car 388.55273 429.9915 52.44901 88.61759 0.98646384
--
car 113.78536 157.6728 106.86453 183.92253 0.7459049
car 1.3007462 77.46486 164.67934 259.2372 0.9608985
car 387.83282 428.89716 52.657665 89.052956 0.97094095
car 88.2751 111.60221 49.229458 76.86896 0.9789009
--
car 113.81613 157.69838 106.91062 183.85008 0.73735976
car 1.2995267 77.46756 164.68413 259.23273 0.9607716
car 387.8533 428.90976 52.67761 89.02134 0.9711
car 88.27382 111.61503 49.271717 76.86609 0.97911084
--
car 113.81277 157.68117 106.90367 183.90538 0.7289466
car 1.2976706 77.44951 164.78854 259.19614 0.96177584
car 387.6332 428.3062 52.927532 89.03617 0.97783595
car 88.30421 111.65398 49.64175 77.43067 0.978882
--
car 114.06256 157.59186 107.21565 183.57686 0.70765597
car 387.2131 427.70917 52.995514 89.24557 0.9531154
car 1.3117325 77.45257 164.72855 259.22403 0.96085036
car 88.725525 111.27661 49.949512 77.80232 0.9782932
--
car 113.93935 157.63618 107.02633 183.78467 0.7147712
car 387.21317 427.68228 52.918552 89.276375 0.9490874
car 1.3279009 77.46701 164.77524 259.195 0.96097285
car 88.69181 111.27906 49.900295 77.80435 0.9777162
--
car 113.863335 157.69807 107.06772 183.74501 0.7328068
car 387.383 426.9379 52.936165 89.33956 0.86527187
car 2.563119 77.04125 171.3371 246.64375 0.963185
car 88.54553 111.44493 50.081463 78.65888 0.981303
--
car 115.56097 158.4124 102.92615 173.43414 0.7574619
car 383.43402 426.602 52.3741 90.45589 0.8667766
car 2.5240839 77.05832 171.38652 246.6103 0.9633918
car 88.39793 110.94779 51.724068 79.79788 0.97922635
--
car 113.90209 157.52142 107.29673 183.63776 0.766773
car 383.3926 426.6487 52.22396 90.46011 0.86680436
car 2.5368977 77.03421 171.41884 246.60764 0.96307695
car 88.47555 110.90156 51.729362 79.79793 0.9791429
--
car 115.65113 158.34695 102.94973 173.14476 0.7739827
car 382.83276 426.43448 52.438366 90.34465 0.9552048
car 2.6217484 76.998764 171.40663 246.59329 0.9623022
car 88.46435 110.70481 52.504044 80.10643 0.9776741
--
car 115.71023 158.37672 102.94863 173.1928 0.76692045
car 382.06357 426.16772 53.00147 90.41404 0.95821875
car 2.6519358 76.98718 171.4125 246.58101 0.9623317
car 88.39132 110.10667 52.57741 80.31153 0.9782889
--
car 116.111984 158.7457 103.02131 173.64616 0.8068025
car 88.56318 110.08294 52.419548 80.5695 0.96947575
car 2.7110696 76.90307 171.58893 245.8856 0.97034514
car 382.0548 426.26816 53.055424 89.94649 0.9856254
--
car 116.14282 158.79335 103.205246 173.53809 0.7857743
car 381.97403 425.9297 53.26335 90.171295 0.96254855
car 88.4863 109.629715 52.066135 80.87611 0.9668228
car 2.7248704 76.856705 171.39629 245.80553 0.9710726
--
car 116.1556 158.78859 103.16369 173.72429 0.7997351
car 381.97083 425.88843 53.31773 90.08654 0.96482575
car 2.7837467 76.83204 171.42743 245.9684 0.9687639
car 88.41934 109.69273 52.12871 80.94748 0.9689537
--
car 116.152664 158.78108 103.15229 173.72633 0.7973325
car 381.92828 425.91043 53.23437 90.0763 0.96269906
car 2.7721167 76.842285 171.41985 245.9929 0.96899945
car 88.42751 109.69201 52.18258 80.86197 0.97045285
--
car 116.227936 158.73027 103.19813 173.81645 0.792502
car 2.7563775 76.84749 171.38962 245.93202 0.968954
car 87.78981 109.564186 52.41441 81.11591 0.9735835
car 381.65173 424.49808 54.32982 89.70068 0.98075086
--
car 116.27157 158.7615 103.20012 173.58282 0.83100194
car 2.7721703 76.81085 171.38931 246.12625 0.96800256
car 87.956245 109.34974 52.24576 81.66748 0.9734381
car 380.7337 423.5639 54.6599 89.90021 0.98202163
--
car 116.47154 158.82462 103.09042 173.1714 0.8223972
car 2.795992 76.73536 171.49841 246.24503 0.9655756
car 87.947716 109.341805 52.30116 81.64802 0.97368133
car 380.64 423.61362 54.809547 89.68885 0.97477114
--
car 116.682724 158.74892 103.0035 172.81848 0.8046646
car 2.7292907 76.812515 171.3979 246.12027 0.9650759
car 87.39777 109.38054 52.343933 82.02753 0.9671809
car 379.99387 422.61267 54.891853 89.946526 0.98459035
--
car 116.54121 158.8784 103.0062 173.20682 0.8053044
car 86.91297 109.31266 51.93937 83.37778 0.96023035
car 2.740209 76.77721 171.40582 246.20674 0.965421
car 379.39337 422.06763 54.972996 89.93187 0.96841466
--
car 116.43422 158.87904 102.93273 173.412 0.79667777
car 86.91889 109.30726 51.929886 83.40583 0.95644975
car 2.7314866 76.765236 171.3735 246.20207 0.96296954
car 379.4188 422.01526 55.01836 89.92124 0.97350967
--
car 116.52883 158.87163 102.92507 173.22485 0.77904046
car 85.71684 108.85173 55.130146 86.2718 0.9538756
car 2.7577472 76.784645 171.39325 246.3308 0.9631053
car 378.41412 421.7858 55.27351 90.42076 0.978009
--
car 116.58366 158.8659 102.99923 173.03252 0.75873226
car 2.7365005 76.792946 171.40019 246.30374 0.9652198
car 85.32321 108.894165 54.642647 86.755974 0.9670436
car 377.71173 421.048 55.106876 91.08093 0.96761286
--
car 116.58006 158.5747 103.581345 172.86214 0.7264426
car 377.42822 421.52594 55.333385 90.69454 0.9631384
car 3.127942 76.83246 171.08888 246.91962 0.971818
car 85.666405 108.76315 55.197426 86.70523 0.97851557
--
car 116.54494 158.54173 103.51901 172.93074 0.7161703
car 377.94528 420.28864 55.09513 90.44119 0.9699168
car 3.1183898 76.85666 171.09561 246.94888 0.9709554
car 85.237 108.5263 54.892887 87.260414 0.9757294
--
car 116.57305 158.56625 103.470406 173.21228 0.7012834
car 376.8212 420.21912 55.321453 90.69457 0.95769644
car 3.0737007 76.84639 171.08063 246.99483 0.97111404
car 85.03614 108.39417 55.95081 87.55024 0.9791436
--
car 116.58625 158.5707 103.46599 173.2093 0.69489604
car 376.92825 420.20007 55.367752 90.69197 0.960829
car 3.0714083 76.83716 171.07294 246.99611 0.971735
car 84.954544 108.3811 55.88153 87.59209 0.98017657
--
car 116.538795 158.47807 103.43308 173.29807 0.6590121
car 377.08878 419.643 55.85427 90.30904 0.9684801
car 3.004843 76.87131 171.09976 246.81886 0.972411
car 84.73682 108.38628 55.636406 87.78963 0.97659117
--
car 116.66873 158.44095 103.51973 173.18292 0.66267675
car 3.0163443 76.86097 171.13818 246.80554 0.97222644
car 370.9904 420.0442 55.124813 90.75961 0.9772596
car 84.34671 107.93125 56.389378 87.83974 0.985228
--
car 116.66712 158.42032 103.48194 173.19333 0.66660374
car 3.0059338 76.85664 171.1417 246.82483 0.9721366
car 371.31317 419.89648 55.095383 90.82185 0.9736409
car 84.36732 107.94296 56.357697 87.88021 0.9850391
--
car 116.733 158.40428 103.47529 172.99892 0.7122507
car 3.0259967 76.87651 171.13947 246.8022 0.97311217
car 83.82246 107.79199 56.427486 88.530365 0.9756636
car 370.06104 419.8977 56.493008 90.49797 0.99058974
--
car 116.66415 158.38036 103.3506 173.15637 0.73923105
car 83.492256 107.89144 56.49128 89.05978 0.96528363
car 3.0183148 76.877495 171.13962 246.77135 0.97276974
car 369.25122 420.05835 56.652145 90.89893 0.98852545
--
car 116.64691 158.39255 103.33009 173.1724 0.7357898
car 83.49862 107.901726 56.463947 89.12456 0.96561694
car 3.005737 76.88002 171.15993 246.83861 0.97294146
car 369.19788 420.02304 56.677235 91.01776 0.98836654
--
car 116.60748 158.32777 103.335686 173.22615 0.7577773
car 82.8261 107.3656 56.77868 89.87175 0.9562123
car 3.0116558 76.89461 171.18451 246.78859 0.97309244
car 368.58673 419.46832 57.24186 91.07074 0.9895608
--
car 116.479355 158.35869 103.1681 173.36514 0.74092644
car 81.80057 107.26247 56.5494 90.39282 0.9684611
car 2.9937923 76.88703 171.19789 246.80576 0.9728638
car 368.11694 419.70593 58.029762 91.509766 0.9887507
--
car 116.12984 158.65582 103.04986 172.24203 0.76864666
car 81.898346 107.493034 57.075615 90.02857 0.97335196
car 2.9489493 76.865654 171.21793 246.80374 0.9754606
car 368.23392 419.48456 57.74916 91.14606 0.9871484
--
car 115.98398 158.47621 103.40882 172.35263 0.81939006
car 81.58849 107.36005 57.207325 90.394196 0.96861917
car 2.799586 77.08132 171.27399 246.70311 0.97275615
car 367.67737 419.14996 58.527447 91.64209 0.9874259
--
car 115.996124 158.5109 103.37256 172.38548 0.8249258
car 80.883675 107.31335 57.324215 92.18137 0.9615848
car 2.73713 77.051926 171.23817 246.62837 0.96986324
car 366.9493 418.93112 58.93072 92.125534 0.97604656
--
car 115.98062 158.52603 103.40987 172.21793 0.81995785
car 80.90031 107.25834 57.21536 92.10695 0.9621756
car 2.712711 77.08413 171.26534 246.47108 0.96966827
car 366.82202 418.7954 58.916695 92.21552 0.9737529
--
car 116.05086 158.49765 103.35845 172.30122 0.8277724
car 80.58825 106.76402 56.911705 92.725716 0.94636947
car 366.6002 417.98758 58.897415 92.03525 0.96885866
car 2.7195919 77.10367 171.26895 246.50145 0.9696813
--
car 115.83056 158.52226 103.2832 172.2278 0.8428404
car 80.440994 106.78345 58.04222 92.85182 0.9219241
car 365.68213 417.116 59.098995 92.19098 0.95826626
car 2.7279353 77.05696 171.23932 246.70651 0.9675582
--
car 115.83843 158.49733 103.30692 172.2428 0.84478664
car 80.413086 106.80542 58.048656 92.90435 0.92756116
car 365.7688 416.9609 58.865814 92.09881 0.942085
car 2.66824 77.09235 171.29102 246.44574 0.96895236
--
car 115.99456 158.52232 103.25117 172.31056 0.84208524
car 80.209656 106.51362 58.012028 94.24344 0.9141231
car 365.07208 416.46533 58.95283 92.438286 0.9630726
car 2.632413 77.11613 171.29707 246.58696 0.9662606
--
car 115.91469 158.59775 103.25511 172.44649 0.83375114
car 79.8844 106.70831 57.918312 95.082214 0.8746905
car 364.97656 416.2667 58.581337 91.9795 0.9230599
car 2.7307105 77.0391 171.23064 246.7301 0.9634551
--
car 80.03775 106.3839 57.809784 94.92153 0.84695786
car 115.68713 158.55565 103.030556 172.54604 0.8502931
car 364.48654 415.3446 58.26759 92.41031 0.8773211
car 2.6705933 77.07661 171.24156 246.73656 0.96563417
--
car 80.01089 106.40739 57.82105 94.88529 0.8478096
car 115.72981 158.57251 103.03316 172.48946 0.84976757
car 364.34836 415.43622 58.291656 92.42607 0.88969386
car 2.6772988 77.06973 171.22823 246.73615 0.96812135
--
car 115.73422 158.66064 103.09596 172.46454 0.84146917
car 79.99103 106.42438 57.84002 94.88855 0.8500584
car 364.24747 415.45566 58.34577 92.4492 0.88791555
car 2.6705575 77.069176 171.22826 246.71974 0.9680054
--
car 77.77335 105.072105 56.76545 97.3873 0.8284803
car 366.64316 413.24362 57.34017 92.38569 0.838836
car 115.33653 159.33615 102.66097 172.26915 0.8772409
car 3.1132543 76.77342 171.13733 246.86086 0.96301687
--
car 77.767296 105.065704 56.768036 97.37383 0.8308631
car 366.66653 413.2349 57.340263 92.40891 0.83914196
car 115.36439 159.24893 102.671036 172.12282 0.8784314
car 3.0590522 76.77534 171.14928 246.83054 0.9629853
--
car 115.43577 159.27159 102.66182 171.96828 0.8737184
car 77.425735 104.93939 60.530365 98.93453 0.9002881
car 361.48038 410.8326 58.26825 93.40653 0.90857214
car 3.0921435 76.75747 171.1455 246.92729 0.96123666
--
car 115.351 159.26086 102.43264 172.20587 0.88562584
car 77.28494 104.877846 61.18741 98.89158 0.93276185
car 3.0733788 76.71606 171.13463 246.90253 0.958772
car 360.0527 411.54132 58.990253 93.38658 0.9739292
--
car 115.34479 159.27762 102.4446 172.19742 0.8881975
car 77.28133 104.81143 61.21009 98.84246 0.93241614
car 3.0415785 76.72909 171.12843 246.85097 0.95941037
car 359.93735 411.69696 59.012604 93.416855 0.96941817
--
car 115.32513 159.27446 102.3897 172.27765 0.8601737
car 358.3291 412.56207 59.697895 93.358086 0.9583468
car 3.0920827 76.655876 171.12715 246.90933 0.9595566
car 77.19672 104.83036 61.659576 98.69524 0.96314085
--
car 115.23126 159.3796 102.407845 172.39993 0.86400026
car 357.9474 411.98083 59.497833 93.07332 0.94458044
car 3.1004906 76.66842 171.12779 246.99118 0.9594348
car 77.056145 104.73281 61.94884 98.76149 0.96140456
--
car 115.25701 159.43535 102.41746 172.15152 0.8605462
car 357.91846 412.14835 59.49387 93.16977 0.9494637
car 3.0791652 76.701904 171.11865 246.94598 0.9601389
car 77.05469 104.7669 61.86961 98.84117 0.9627949
--
car 357.59152 410.9251 59.73597 93.410645 0.84628236
car 115.423676 159.39206 102.41236 172.1387 0.8689389
car 3.0669594 76.75523 171.12703 246.96176 0.9601691
car 77.068306 104.62701 62.746933 98.94004 0.96510774
--
car 115.41152 159.35083 102.31979 172.32408 0.85443157
car 357.13614 409.85855 59.8423 93.54046 0.86049163
car 3.1303954 76.68173 171.09088 247.13147 0.95561665
car 76.92702 104.6296 63.27568 99.07164 0.97087884
--
car 357.17322 409.87338 59.81897 93.55973 0.83546156
car 115.425896 159.37973 102.41479 172.31575 0.8575168
car 3.1428158 76.68464 171.07008 247.15822 0.95602906
car 76.92802 104.656204 63.12442 99.12602 0.97058105
--
car 115.483665 159.43748 102.515884 172.34616 0.86965996
car 355.4839 410.15186 60.100273 93.98576 0.9367229
car 3.0903268 76.71485 171.08015 246.99881 0.955195
car 77.02819 104.63934 63.55442 100.022125 0.9753159
--
car 115.30626 159.10861 101.98925 172.19276 0.7729041
car 355.2822 408.77676 59.53782 94.73687 0.786218
car 77.10115 104.50197 63.67399 100.200035 0.959531
car 2.888081 76.764015 171.04324 247.31454 0.9616665
--
car 115.28961 159.09656 101.94275 172.17581 0.7713294
car 355.4088 408.8337 59.513973 94.758736 0.80313903
car 77.098816 104.489655 63.688995 100.19277 0.9590954
car 2.8347802 76.77788 171.03467 247.22592 0.9628576
--
car 355.3496 408.02744 59.18968 94.968704 0.69338536
car 115.3606 159.06567 102.07852 172.10364 0.7500814
car 77.052216 104.6538 63.531044 100.777245 0.95718354
car 2.8221774 76.81427 171.06403 247.20891 0.96464795
--
car 355.81772 407.27957 59.63676 93.61376 0.58194184
car 115.32888 159.13626 102.06938 172.1994 0.7186341
car 77.00649 104.62961 63.940876 100.95429 0.9606393
car 2.8194773 76.83167 171.08067 247.19159 0.9653125
--
car 355.3287 407.287 59.593803 93.82163 0.58917993
car 115.27196 159.16914 102.045296 172.27199 0.724312
car 76.995125 104.6438 64.01297 100.98364 0.96075004
car 2.8263688 76.81663 171.08199 247.20236 0.9641298
--
car 355.13885 406.71304 60.160007 92.767 0.48300117
car 115.379135 159.05035 102.1556 172.11188 0.75294226
car 77.00838 104.09614 65.01379 101.79788 0.9550788
car 2.830671 76.819336 171.0932 247.23267 0.9628071
--
car 342.27756 403.04236 55.009777 99.64024 0.37243128
car 115.44635 159.21039 102.1506 172.1387 0.77567655
car 77.14585 104.13255 64.94748 102.76717 0.93975466
car 2.8271878 76.82159 171.10767 247.19983 0.9634322
--
car 342.4758 402.97095 54.97285 99.748985 0.3197116
car 115.430084 159.21472 102.149666 172.1082 0.7764191
car 77.12935 104.246765 64.96047 102.817764 0.94274384
car 2.8223205 76.827934 171.11073 247.20796 0.96306676
--
car 115.42232 159.20132 102.22768 172.05254 0.8240595
car 76.93813 103.99064 65.07863 103.32554 0.9488511
car 2.769127 76.846306 171.11955 247.12599 0.95693564
--
car 115.34042 159.40273 102.177124 172.13954 0.8258743
car 2.7702498 76.84956 171.10477 247.1808 0.9579192
car 76.83443 103.94582 65.835846 103.54564 0.9686904
--
car 115.243324 159.50778 102.22173 172.44118 0.8202852
car 2.9317153 76.65832 171.14246 247.64076 0.9525357
car 76.860054 103.95963 65.839294 103.55862 0.9700542
--
car 115.21591 159.41927 102.14184 172.60284 0.7829956
car 2.9637623 76.64903 171.1109 247.65163 0.94931513
car 76.928055 103.94252 65.67389 104.06057 0.9605651
--
car 115.93446 159.17067 102.46425 172.97398 0.7798871
car 341.91006 401.07574 56.903194 100.23192 0.80093145
car 3.318261 76.44807 171.05719 247.39142 0.94605577
car 77.110695 103.76961 65.30336 105.366394 0.9550515
--
car 342.01587 400.77698 56.665207 100.35976 0.7488834
car 116.019356 159.10321 102.46962 172.96938 0.7666631
car 3.2961345 76.50742 171.01855 247.34491 0.9445637
car 77.09033 103.80635 65.31172 105.39607 0.9544581
--
car 341.33798 401.5311 56.796963 100.61609 0.59216803
car 116.047615 159.28165 102.56248 173.00652 0.7764822
car 3.2645524 76.496445 171.0704 247.32338 0.95182455
car 77.28701 103.79257 65.10561 105.27841 0.9596549
--
car 336.4574 398.1669 57.140873 100.650986 0.64660543
car 115.99364 159.30821 102.734955 173.14674 0.78845054
car 77.44872 103.64 64.76067 105.634476 0.94764626
car 3.2971144 76.47035 171.0594 247.26917 0.95259994
--
car 336.49667 398.10663 57.041992 100.6077 0.6606601
car 116.0117 159.29463 102.744675 173.05943 0.7854885
car 77.45567 103.63542 64.762024 105.61184 0.9506803
car 3.3006942 76.46537 171.05736 247.22433 0.9528593
--
car 336.1563 398.24103 56.94685 101.219604 0.6324979
car 115.99005 159.35835 102.74401 173.05557 0.7669294
car 77.54144 103.766754 64.41242 106.49974 0.9328221
car 3.3092022 76.48164 171.04628 247.19353 0.9568207
--
car 336.2753 398.03592 56.429245 101.018974 0.6408269
car 116.088974 159.26663 102.74869 173.05124 0.765003
car 77.597145 103.80506 64.3445 106.523865 0.92347133
car 3.31761 76.43553 171.05363 247.17264 0.95790887
--
car 336.29868 398.0462 56.522522 100.98524 0.6654158
car 116.08819 159.31206 102.8145 172.97298 0.7647226
car 77.589325 103.81229 64.37861 106.48808 0.92518395
car 3.346163 76.38441 171.0473 247.19444 0.95784897
--
car 336.6715 397.8111 57.72184 101.36036 0.6883117
car 115.96733 159.33871 102.798096 172.96457 0.76594216
car 77.93552 103.72276 65.16462 105.62428 0.91679275
car 3.308512 76.387695 171.04633 247.20949 0.95881015
--
car 336.18097 397.44876 58.496918 102.82038 0.51522684
car 115.7452 159.40947 102.816284 173.31001 0.750366
car 78.51039 103.80255 67.65761 103.251495 0.8910481
car 3.3356524 76.34347 171.04782 247.19719 0.95411134
--
car 336.19757 397.48413 58.8929 102.77962 0.62117314
car 113.89448 157.95474 108.86033 182.56728 0.73829335
car 78.506226 103.81326 67.5754 103.51549 0.891017
car 3.307575 76.36494 171.05376 247.17819 0.9540331
--
car 113.96558 157.94113 108.84266 182.53635 0.7298509
car 335.79074 397.39404 58.341743 102.667076 0.8585349
car 78.23562 104.13151 67.02347 104.87152 0.9313253
car 3.2314754 76.50435 171.16278 247.05081 0.9593133
--
car 113.89867 158.33345 108.94993 182.42279 0.81573695
car 335.62433 396.48404 57.599644 102.985 0.92725897
car 77.28015 105.28313 69.92854 108.53652 0.9493697
car 3.3206677 76.63551 171.13776 247.64505 0.9510828
--
car 113.92462 158.36772 108.96043 182.44235 0.8246229
car 335.67453 396.4685 57.566643 102.85836 0.9144013
car 77.28141 105.281364 69.938034 108.537506 0.94887275
car 3.2700849 76.614586 171.08218 247.66333 0.9511786
--
car 113.91593 158.34422 108.97999 182.43085 0.8134017
car 3.280592 76.56133 171.04517 247.77594 0.94900656
car 77.28433 105.54596 70.15197 108.84924 0.9505378
car 335.2389 395.33182 58.57221 102.70408 0.9702595
--
car 114.007324 158.34012 109.027466 182.41183 0.8137358
car 77.22012 105.57282 69.783875 109.31447 0.94895947
car 3.260429 76.550385 171.03894 247.72119 0.9515868
car 334.89902 395.42236 59.082016 102.73896 0.951701
