--
car 385.95245 473.50366 93.09495 160.8851 0.6729503
car 423.50308 456.19473 43.695614 66.65872 0.6999529
--
car 423.22266 455.9875 43.420067 66.330734 0.45740157
car 385.95322 473.41257 92.60799 161.39502 0.6502892
--
car 423.19406 456.02805 43.37384 66.216606 0.38247308
car 386.202 473.37955 92.678024 161.53908 0.60436004
--
car 423.12582 456.00406 43.434772 66.24846 0.43023863
car 385.95007 473.83966 92.62645 161.76605 0.62896824
--
car 423.35547 456.00134 43.534775 66.10711 0.47594884
car 386.0112 473.55032 92.56335 161.72104 0.5998607
--
car 423.3446 456.2488 43.423347 66.18985 0.3425854
car 385.7233 474.17334 93.29944 161.24825 0.6428535
--
car 423.3796 456.23767 43.43148 66.16737 0.33953196
car 385.60553 474.1764 93.3134 161.2264 0.6353793
--
car 423.5021 456.17966 43.415813 66.141174 0.37608874
car 385.5217 473.9431 92.96715 161.15044 0.61119246
--
car 423.27917 456.0094 43.19675 66.07777 0.37053975
car 386.12457 474.9548 92.74761 161.45705 0.58133817
--
car 386.27798 475.52307 92.57713 161.63995 0.4997021
--
car 423.4034 456.0323 43.430443 66.59761 0.37150523
car 386.10547 474.25317 92.676895 161.35696 0.5421096
--
car 423.24426 456.0634 43.110466 66.723976 0.53850555
car 385.7962 471.56522 92.0756 161.86398 0.5730926
--
truck 438.18195 475.01334 64.524086 96.28515 0.34719443
car 423.70483 455.78943 43.81756 66.84826 0.40619344
car 385.72638 472.2377 91.97801 161.75914 0.57270885
--
car 439.06906 476.30173 64.11203 95.94487 0.39626303
car 423.57257 455.7351 43.745712 66.95926 0.5591866
car 385.77087 471.14407 91.939255 161.59326 0.60619634
--
car 441.70926 477.25348 64.373184 95.503494 0.3245449
car 423.7867 455.61234 43.88474 66.98927 0.5582593
car 386.01273 470.891 92.13043 161.45926 0.58026356
--
car 441.91962 477.1408 64.74392 95.30866 0.3075404
car 423.863 455.55948 43.924686 66.91911 0.55320394
car 386.0512 470.85605 92.26376 161.39725 0.58856845
--
car 386.20264 471.1545 92.24464 161.32391 0.55385834
car 423.84692 455.8068 43.715332 66.9182 0.6638148
--
car 386.32913 470.3905 92.38277 161.1867 0.5426002
car 424.0264 455.85666 43.854942 66.90204 0.7103081
--
car 386.30032 470.37714 92.28273 161.19458 0.5541208
car 423.98834 455.922 43.728477 66.913826 0.7396762
--
truck 389.58594 471.043 90.451385 155.18993 0.5512547
car 423.9534 455.86935 43.81639 66.9354 0.7135207
--
car 446.392 478.65295 61.394917 92.15141 0.47433972
car 386.29947 470.8471 92.3549 161.10173 0.55380255
car 424.07346 455.9793 44.0509 66.901505 0.7436073
--
car 447.0467 478.89777 61.245464 91.37332 0.5004184
car 386.50446 470.97028 92.39595 161.0477 0.53449786
car 424.06836 455.79605 44.224182 66.826675 0.68335944
--
car 447.08655 478.87357 61.124725 91.59158 0.5290845
car 386.34967 470.8771 92.38309 161.07657 0.537737
car 424.09808 455.83224 44.22947 66.81703 0.6369088
--
car 448.6807 479.77545 61.223206 90.24024 0.34268653
car 83.7997 102.68776 36.755043 61.194405 0.4370252
car 424.0766 455.8516 44.1154 66.72536 0.5831818
car 386.59598 470.55054 92.864555 160.86378 0.5946421
--
car 86.10414 102.985916 46.795235 62.267525 0.40073967
car 424.16907 456.00336 44.600887 66.72515 0.59184945
car 386.54703 469.67456 93.513405 160.42165 0.7086553
--
car 451.11783 480.0638 60.4577 89.48163 0.30817026
car 424.3118 456.1469 44.549862 66.595474 0.5836976
car 386.77048 469.27905 93.70615 160.39258 0.7155497
--
car 424.30948 456.12238 44.546837 66.60068 0.589155
car 386.77597 469.09573 93.71411 160.40932 0.7110039
--
car 424.3091 455.8227 44.466904 66.52827 0.5441416
car 386.74396 469.2533 93.92611 160.13097 0.7277781
--
car 424.21494 455.58487 44.42332 66.58077 0.56476355
car 386.8224 469.19907 93.79472 160.21906 0.7779267
--
car 424.24832 455.81903 44.421314 66.593765 0.48108986
car 386.8775 468.8476 93.76591 160.33368 0.7706189
--
car 424.23132 455.7246 44.326298 66.56084 0.44124493
car 386.7166 469.37247 93.694626 160.3557 0.74602824
--
car 424.23264 455.63928 44.42868 66.5363 0.48654878
car 386.62015 469.59424 93.668144 160.37288 0.7506908
--
car 424.34027 455.92456 44.371803 66.60702 0.49893484
car 386.6417 470.0368 93.779106 160.28325 0.7514925
--
car 424.33603 455.92645 44.387726 66.60722 0.49371946
car 386.6276 469.79056 93.68216 160.34694 0.7524366
--
car 424.31476 455.953 44.460987 66.54834 0.5274301
car 87.223335 109.87394 44.99815 70.73715 0.53473204
car 386.71442 470.00803 93.67982 160.36955 0.76207787
--
car 87.16841 109.87503 45.136116 70.87578 0.43234402
car 424.32718 455.53882 44.758404 66.59187 0.59576833
car 387.13412 468.62097 93.711296 160.44603 0.77271783
--
car 88.38274 110.84855 48.39406 73.48438 0.39395544
car 424.47012 456.14667 44.289978 66.642624 0.64955956
car 388.8175 458.0075 95.736 158.04436 0.6998467
--
car 88.72852 111.25224 48.36191 74.2389 0.5275914
car 424.4327 456.02985 44.34001 66.62581 0.66130364
car 388.8612 457.93716 95.66243 158.1716 0.7394494
--
car 88.75573 111.2666 48.381615 74.26606 0.49279985
car 424.42896 456.01538 44.355732 66.60272 0.6619707
car 388.86105 457.93954 95.56766 158.25438 0.73808956
--
car 89.14987 111.47705 48.624218 75.14275 0.5774515
car 424.40338 456.04767 44.32698 66.60863 0.64454406
car 388.89343 457.88568 95.42332 158.27618 0.7349405
--
car 89.3708 111.83442 48.66101 76.013245 0.45509228
car 424.385 456.05133 44.349346 66.57733 0.7183242
car 389.05734 457.83658 95.55924 158.3027 0.75167
--
car 424.37726 456.1223 44.37515 66.60328 0.6789207
car 389.10477 457.76526 95.48784 158.40332 0.76931804
--
car 424.4028 456.14752 44.385014 66.60907 0.6899214
car 389.1249 457.75305 95.31957 158.59642 0.77394503
--
car 424.43326 456.1679 44.358227 66.58376 0.6935153
car 389.15 457.71344 95.53056 158.5196 0.77748394
--
car 424.34683 456.01904 44.201317 66.638435 0.680183
car 389.23865 457.5823 95.44001 158.60355 0.76264703
--
car 424.30728 455.97055 44.262516 66.62494 0.67550695
car 389.21167 457.6454 95.477844 158.56648 0.7608784
--
car 424.32837 456.10464 44.222298 66.63718 0.7011928
car 389.23813 457.6154 95.39313 158.62503 0.7498901
--
car 424.28806 456.06262 44.136395 66.69956 0.7095058
car 389.0907 457.76608 95.385315 158.64215 0.7512056
--
car 424.0271 456.57037 43.6982 66.57976 0.57313883
car 388.45917 458.4226 96.039276 158.39952 0.79953724
--
car 423.94452 456.6514 43.70924 66.639275 0.6127244
car 388.60104 458.28973 95.94944 158.4865 0.808193
--
car 423.96213 456.62726 43.627636 66.616585 0.56882894
car 388.47757 458.454 95.93476 158.56566 0.80802846
--
car 424.01834 456.47385 43.735275 66.60278 0.5671401
car 388.4982 458.4402 96.0433 158.48354 0.8000703
--
car 423.9467 456.4126 43.694233 66.600975 0.5626873
car 388.4759 458.44467 95.95393 158.57014 0.8000569
--
car 423.87436 456.5001 43.567627 66.58847 0.56072634
car 388.39297 458.52023 95.90207 158.63234 0.79961956
--
car 423.85367 456.51715 43.53014 66.58158 0.5493675
car 388.4319 458.5085 95.966736 158.58029 0.7776185
--
car 423.86746 456.55432 43.42544 66.63278 0.5401921
car 388.33636 458.63867 96.039505 158.52579 0.77416867
--
car 423.68134 456.40582 43.52953 66.5748 0.4947969
car 386.01904 470.27008 92.8767 161.56528 0.7661922
--
car 423.72083 456.53955 43.54286 66.57821 0.58986956
car 388.14447 458.83087 96.19457 158.41217 0.77350295
--
car 423.7124 456.48206 43.62038 66.57271 0.5730224
car 386.02 470.292 92.98849 161.47702 0.776931
--
car 423.71167 456.47958 43.594887 66.58212 0.5757247
car 386.0207 470.28702 92.97116 161.48798 0.7757933
--
car 423.14404 456.304 43.293102 66.85955 0.7078907
car 388.70566 457.82962 95.03254 158.65532 0.82391965
car 100.690956 132.31992 64.513275 105.22261 0.8278959
--
car 423.13907 456.3259 43.280666 66.847084 0.7280998
car 100.68946 132.32925 64.508766 105.21273 0.8294711
car 388.67133 458.008 94.971 158.91325 0.8522852
--
car 102.09018 134.63481 68.588165 110.56709 0.31932276
car 423.0804 456.35965 43.207634 66.82437 0.74380904
car 388.6723 458.0089 94.92911 158.94566 0.8436546
--
car 423.0813 456.38223 43.159607 66.83274 0.7273805
car 388.69287 458.00757 94.889496 159.00339 0.84342754
car 101.01383 136.65388 66.74646 113.14005 0.87823075
--
car -0.56984067 84.159096 191.85472 267.73273 0.7042016
car 423.17932 456.42493 43.12334 66.87976 0.7651607
car 388.6251 458.08218 94.88511 158.99142 0.8450439
car 101.01924 139.14143 69.14501 117.16773 0.96910596
--
car 423.19482 456.33862 43.183064 66.89604 0.7169467
car -0.5789566 84.27627 191.81499 267.83978 0.7201277
car 388.6521 458.04642 94.88892 159.00189 0.84207726
car 100.81601 139.13707 69.311 116.88484 0.9674219
--
truck 1.6410148 102.98005 186.44638 269.83994 0.7471675
car 423.17218 456.37613 43.12033 66.91665 0.7571323
car 388.6517 458.06683 94.91715 158.97165 0.8406093
car 101.73486 141.81232 70.26781 120.57939 0.9703141
--
truck 2.998488 114.415634 181.45552 264.03348 0.76141185
car 423.15073 456.32812 43.152927 66.885025 0.75748324
car 388.67023 458.06555 95.018974 158.88396 0.83678514
car 103.60503 144.89064 72.51652 124.442924 0.9573529
--
car 14.166613 139.60149 176.53676 252.13786 0.49588907
car 105.59076 149.00772 78.537895 127.89483 0.5734493
car 423.1736 456.40497 43.16893 66.88917 0.745294
car 388.66397 458.04868 94.96877 158.97865 0.8358257
--
truck 18.397873 151.36852 170.5072 248.29599 0.81391174
car 105.84582 149.88486 80.52248 135.685 0.5267852
car 423.1582 456.42365 43.062706 66.88868 0.7949261
car 388.71362 458.03592 94.85508 159.03305 0.84019595
--
truck 16.992016 150.64713 170.27661 248.15912 0.7823855
car 105.77933 149.87161 80.5282 135.73808 0.5864844
car 423.18234 456.38367 43.068176 66.90156 0.79324895
car 388.71295 458.04272 94.89151 158.9867 0.83611274
--
truck 22.910185 171.9413 165.34593 246.00069 0.8661352
car 423.2639 456.41135 43.107445 66.92805 0.77489144
car 388.73868 458.00027 94.84169 159.03387 0.8483219
car 109.07037 154.21751 78.65782 141.89572 0.890458
--
truck 55.995884 181.88438 159.28438 245.51881 0.58097196
car 423.55634 456.39825 43.188526 66.93678 0.6546014
car 385.48697 470.82407 92.32669 161.2808 0.73653305
car 110.76758 157.94414 83.46687 144.24278 0.9512556
--
truck 56.086163 182.56984 159.354 245.31276 0.5889465
car 423.53775 456.4116 43.20817 66.92728 0.6586439
car 389.03647 457.75104 95.3282 158.54538 0.7373315
car 110.7879 157.95753 83.51914 144.24321 0.9521914
--
truck 56.36281 182.65317 159.57254 245.14703 0.590853
car 423.53613 456.3863 43.200775 66.92839 0.6525254
car 389.0439 457.77167 95.35208 158.5427 0.7310874
car 110.7854 157.99829 83.52537 144.24738 0.95149595
--
car 87.001755 198.78192 160.43605 241.26102 0.5578294
car 423.51193 456.37524 43.18826 66.93311 0.6523885
car 111.0568 162.49 86.777214 146.36018 0.6986829
car 389.08762 457.7298 95.33626 158.57942 0.7334389
--
car 423.51666 456.34082 43.170696 66.9381 0.64291364
car 388.99683 457.75 95.40665 158.44809 0.721153
car 113.31213 166.2323 88.92039 146.3108 0.7268021
car 98.530624 215.3385 153.91978 230.92712 0.810051
--
car 423.49918 456.35007 43.15819 66.943375 0.63411254
car 385.55634 470.91553 92.47913 161.23483 0.71485543
car 113.33774 166.12541 89.19573 146.23677 0.7276294
car 98.6508 215.69182 153.7407 231.4506 0.7992968
--
car 423.45532 456.37534 43.191692 66.941444 0.67575276
car 389.01843 457.72266 95.34374 158.62459 0.7464971
car 115.22988 168.28255 91.38331 148.09846 0.8420708
car 114.43145 228.6507 146.40646 224.15886 0.9242655
--
car 423.4046 456.39188 43.167427 66.906 0.6837397
car 388.9416 457.80847 95.2993 158.71481 0.7600644
car 130.04503 243.87288 139.23933 212.0174 0.7806862
car 116.15399 175.5113 95.69828 160.87999 0.78119546
--
car 423.38242 456.45892 43.026386 66.89341 0.727111
car 388.86575 457.82956 95.39017 158.6421 0.75447845
car 128.30435 257.228 125.11537 208.70007 0.76881224
--
car 120.30069 183.47505 99.54973 169.48296 0.3472979
car 388.9388 457.79556 95.38806 158.63281 0.76117194
car 423.4037 456.4579 43.084377 66.86137 0.7650098
car 128.22964 257.1011 125.52264 208.81665 0.812785
--
car 122.168526 182.31908 99.54136 175.36531 0.4026079
car 423.30936 456.46945 43.17198 66.90953 0.7780646
car 389.07675 457.67062 95.212776 158.81087 0.78176117
car 129.06558 263.23013 107.43414 203.20746 0.89064145
--
car 122.96624 184.70975 100.829506 180.19104 0.5446791
car 122.98163 279.22696 113.40326 197.8928 0.6896411
car 388.99167 457.74652 95.334045 158.67276 0.77404445
car 423.2985 456.49637 43.200203 66.893135 0.8043734
--
car 123.226974 186.05203 99.98858 179.91695 0.4059919
car 388.75735 457.95187 95.598854 158.44792 0.7561685
car 122.87775 278.18475 111.88512 196.61096 0.8307868
car 423.3182 456.52005 43.447857 66.74443 0.84459376
--
car 388.7769 457.9754 95.68384 158.38963 0.75929284
car 423.33463 456.47592 43.427254 66.72235 0.8172181
car 128.164 192.88266 102.87474 197.13254 0.83237547
car 188.36777 286.89722 120.24015 193.11478 0.90860015
--
car 388.79404 457.982 95.521286 158.64832 0.76786864
car 423.3017 456.5291 43.536377 66.750885 0.8251733
car 128.75436 199.05467 106.071175 204.79355 0.87752575
car 203.304 300.89636 117.51863 187.49977 0.94381905
--
car 388.7636 458.01797 95.54158 158.63705 0.7680325
car 423.39908 456.50626 43.56361 66.72069 0.8220092
car 128.78348 199.06429 106.47949 204.67563 0.8710215
car 202.90013 300.57916 117.26851 187.34583 0.9505273
--
car 388.83093 457.97778 95.59032 158.69885 0.78050786
car 213.86385 310.886 110.90157 188.1952 0.8462223
car 423.43808 456.42407 43.480007 66.81159 0.84680414
car 128.20804 207.50206 114.78534 210.30093 0.95554185
--
car 388.89438 458.0139 95.53114 158.76526 0.81406856
car 423.333 456.5333 43.545486 66.703636 0.8209583
car 129.49208 209.75717 114.784836 214.08708 0.93533415
car 228.96117 317.7326 110.84122 179.94025 0.97017854
--
car 423.40057 456.57587 43.474792 66.68727 0.80094284
car 388.83316 458.03027 95.598175 158.7463 0.81104004
car 129.27867 210.05571 114.728226 214.52934 0.93335557
car 229.02158 317.72003 110.520485 180.49239 0.9717041
--
car 132.44954 213.56212 115.37818 221.25758 0.5899459
car 423.44952 456.56113 43.402187 66.657196 0.8217396
car 388.80908 458.09973 95.63223 158.76366 0.8218314
car 242.4291 327.67432 104.687065 175.0129 0.93502015
--
car 133.8523 216.41245 118.32352 224.78629 0.52647537
car 388.9848 457.8963 95.9669 158.3496 0.7756281
car 423.4756 456.49777 43.492893 66.609886 0.8233558
car 249.98337 337.6156 103.174 168.90181 0.9557027
--
car 134.05219 216.22217 118.32072 225.1722 0.5541245
car 389.0525 457.83652 95.90554 158.37247 0.7839433
car 423.49686 456.486 43.587086 66.60775 0.8196087
car 250.11818 337.672 103.282364 169.0582 0.9521875
--
car 388.8104 458.06836 96.012505 158.42851 0.76470226
car 135.51538 220.93552 126.63753 236.0534 0.7712764
car 423.46344 456.39197 43.673298 66.59428 0.8455709
car 262.42505 341.66513 96.52119 165.6239 0.934162
--
car 137.97841 223.73514 127.45469 236.1387 0.39488098
car 386.16132 470.39914 92.74578 161.43509 0.72668344
car 423.42825 456.42987 43.591606 66.48772 0.8075791
car 269.56177 351.42892 96.14382 162.29538 0.9216736
--
car 137.96486 228.15312 126.590935 240.43474 0.47071522
car 388.67682 457.83997 96.21612 157.984 0.7139433
car 278.88553 355.78445 95.54932 158.57758 0.8598421
car 423.63974 456.40118 43.417797 66.7052 0.8608326
--
car 136.85782 234.768 123.54024 242.41037 0.47829613
car 386.23193 469.466 93.104195 160.90585 0.71587175
car 423.6276 456.40497 43.414944 66.70196 0.85956156
car 278.8911 355.7363 95.67304 158.49368 0.86176956
--
car 295.6888 366.24725 87.000275 143.20287 0.6875629
car 145.74696 241.69908 133.61595 247.72903 0.7302808
car 387.97974 458.7591 95.989265 158.40009 0.7890006
car 423.6766 456.42337 43.510796 66.72923 0.88479656
--
car 146.7483 243.82358 142.0549 260.22046 0.79668975
car 387.90472 458.85724 95.75466 158.55931 0.80218375
car 423.56305 456.42294 43.43849 66.67711 0.85167414
car 304.28806 372.26904 84.88903 140.58505 0.9364869
--
car 147.2959 242.68567 142.17085 260.37225 0.80789465
car 387.83536 458.8865 95.58861 158.70547 0.80932164
car 423.55832 456.41458 43.428772 66.68093 0.853918
car 304.32288 372.37445 84.88515 140.58296 0.9153433
--
car 147.06908 245.8994 145.30775 262.62482 0.776635
car 388.11716 458.7017 95.664566 158.46786 0.8258738
car 423.59164 456.37897 43.372726 66.67349 0.87354326
car 310.58884 378.02408 85.80702 135.17172 0.9758151
--
car 146.37613 248.31073 143.03842 265.51633 0.79996896
car 387.396 459.14423 95.81227 158.578 0.8003864
car 423.56165 456.28995 43.38681 66.65667 0.86602205
car 316.01862 380.7976 84.62699 132.48787 0.984176
--
car 148.29518 249.99127 148.6361 267.63898 0.776655
car 387.29144 459.22867 95.34633 158.862 0.7777709
car 423.61258 456.34802 43.41057 66.59365 0.8510529
car 320.3153 387.3525 83.535515 131.84892 0.94444174
--
car 148.50252 249.26065 148.94804 267.4496 0.7772001
car 387.331 459.18582 95.3098 158.8854 0.7873412
car 423.54947 456.3954 43.335728 66.56678 0.86284846
car 320.216 387.27432 83.48928 131.86722 0.94231594
--
car 148.66824 249.23967 149.41109 267.5636 0.7939397
car 387.35748 459.16504 95.339874 158.88187 0.7953423
car 423.4925 456.31238 43.364685 66.60938 0.8743084
car 320.18915 387.43262 83.55251 131.84424 0.94586694
--
car 387.388 459.10516 95.134834 158.92982 0.78092825
car 423.6162 456.32126 43.47942 66.57301 0.87252074
car 328.31857 389.34946 78.51528 129.4255 0.92115265
car 149.5078 252.76543 156.5579 269.35394 0.94279546
--
car 387.38303 459.16003 95.011246 159.03572 0.7830148
car 423.58124 456.2967 43.3916 66.58884 0.88304853
car 328.399 389.31866 78.64642 129.52158 0.9104501
car 149.39264 253.8811 155.16954 270.13696 0.96221226
--
car 387.38312 458.92975 95.461235 158.54176 0.6905379
car 423.99863 456.09683 43.87792 66.650116 0.8089648
car 152.99174 253.9188 156.28943 273.74463 0.94384795
car 338.1521 396.30136 75.066956 124.59599 0.97290796
--
car 387.39624 458.98132 95.53027 158.45836 0.7323781
car 424.02756 456.06454 43.915882 66.6506 0.806231
car 152.87509 253.7726 155.99852 274.78192 0.94131935
car 338.1416 396.26697 75.044754 124.63253 0.9734797
--
car 387.05658 459.11774 95.94888 158.468 0.61800015
car 424.01126 456.03275 43.939922 66.58887 0.6647272
car 151.37003 257.79718 156.41248 276.33374 0.76446795
car 340.98642 394.88025 74.35463 122.40471 0.9016498
--
truck 387.18887 468.96365 91.128204 154.1096 0.588082
car 424.0176 456.09433 43.877464 66.550995 0.7467537
car 153.05055 257.34048 156.45898 277.98636 0.89847434
car 348.19904 403.47964 73.89897 121.423325 0.9263352
--
truck 386.99014 469.4521 91.350334 154.0554 0.59960324
car 424.04678 456.0331 44.005623 66.549644 0.7575114
car 152.6122 259.01816 156.58072 280.02036 0.88147324
car 351.6924 405.52954 72.52442 121.46984 0.89630044
--
truck 386.8378 469.64914 91.33552 154.06752 0.6210743
car 424.02026 456.0245 44.042225 66.5316 0.7508638
car 152.23859 259.48276 155.63051 279.75693 0.89300525
car 351.672 405.59396 72.6389 121.49626 0.9005876
--
truck 387.4926 468.87518 91.249054 153.63498 0.5987052
car 423.96365 455.95798 44.105053 66.59867 0.6831318
car 355.02246 410.8886 71.61848 118.84051 0.7955955
car 152.97838 259.72253 155.49977 279.24014 0.90949845
--
truck 387.9352 467.8438 91.48587 153.64561 0.630752
car 358.38043 412.65747 69.96883 116.509636 0.75550944
car 424.0327 456.01392 44.066547 66.59691 0.7758042
car 152.69844 260.32935 154.93298 281.11722 0.88197625
--
truck 387.9061 467.91153 91.435425 153.69829 0.6344831
car 424.03174 455.97275 44.086704 66.60285 0.77324027
car 358.44736 412.64612 69.78003 116.80104 0.78106576
car 152.50693 260.3887 154.74318 281.11652 0.86603045
--
truck 388.49075 467.10828 90.95319 153.96536 0.63471556
car 359.4863 413.49808 70.2244 111.99009 0.6828092
car 424.04773 456.0534 43.980267 66.54579 0.7425821
car 153.92871 259.1636 157.1599 281.88846 0.899447
--
truck 388.24338 467.67517 91.03868 153.96758 0.65701383
truck 368.60892 418.27676 69.59238 110.42187 0.6789932
car 424.0215 455.98834 44.077793 66.56468 0.68076783
car 153.68297 260.84296 156.45483 282.20264 0.69639367
--
truck 388.19983 467.6666 90.95549 154.03302 0.65906423
truck 368.44833 418.26395 69.603424 110.451836 0.68136024
car 153.55753 260.86075 156.20271 282.11398 0.5659769
car 423.994 456.02737 44.002987 66.54723 0.6501789
--
truck 388.43942 467.91202 91.41764 153.45026 0.66295785
truck 368.18832 417.82028 69.89579 111.25271 0.7017125
car 153.45833 258.40564 159.96153 282.3564 0.80205953
car 423.92044 455.96353 43.850002 66.7941 0.8032871
--
truck 387.79297 468.74838 90.39641 154.2853 0.7706225
truck 370.42566 420.31198 70.23527 111.02665 0.8519524
car 152.89478 260.46033 157.37015 282.7383 0.5146843
car 424.03366 455.89807 43.906384 66.75525 0.7870619
--
truck 373.5027 423.79837 71.532265 107.50547 0.7185736
truck 387.48624 469.38013 90.42849 154.59714 0.72012544
car 154.35556 259.36716 157.79544 284.61646 0.6440211
car 423.9632 455.93118 43.865944 66.80456 0.78892094
--
truck 387.3506 469.49158 90.33765 154.56165 0.7289676
truck 373.40744 421.9178 69.41607 111.81214 0.74103105
car 154.2892 259.42227 157.7621 284.58438 0.61062974
car 423.9411 455.93588 43.859734 66.81142 0.78740513
--
truck 386.98874 469.37082 90.12623 154.2769 0.76054084
truck 376.5301 425.63843 70.53498 107.178894 0.7627123
car 154.67125 260.09012 156.51102 286.45352 0.30736664
car 424.02017 455.92917 43.910667 66.86099 0.771227
--
truck 380.42657 425.65622 70.267136 106.70123 0.59861565
truck 386.6453 469.94284 91.25772 153.2104 0.7412027
car 155.36272 259.74316 157.19022 286.54565 0.48924965
car 423.7963 455.94635 43.953186 67.001625 0.75092286
--
truck 383.1692 425.83014 68.00506 102.59076 0.3735364
truck 386.54276 469.93002 90.184875 153.79645 0.75687045
car 423.72562 456.01462 43.880886 67.13289 0.72496396
car 156.00381 260.51215 157.57768 288.18228 0.80752784
--
truck 383.05188 425.92505 68.038414 102.760574 0.37452015
truck 386.60495 469.82928 90.061554 153.81165 0.7616007
car 423.6922 456.0071 43.846638 67.12633 0.7111372
car 155.84781 260.8894 156.65897 287.93173 0.79894465
--
truck 387.65048 468.49966 89.88954 153.64807 0.6616899
car 391.92038 430.95096 66.91334 97.38289 0.33589718
car 423.4115 456.0795 44.370018 66.934006 0.4008918
car 158.26851 262.43018 158.97218 292.35486 0.94267344
--
truck 387.67444 468.52765 89.990906 153.3921 0.6363467
car 391.69888 430.94672 67.10812 97.42264 0.32225317
car 423.3659 456.37543 44.045654 67.005264 0.37825274
car 158.9325 262.69974 159.83623 292.463 0.9555343
--
truck 387.52585 468.46475 89.39732 153.99246 0.6381989
car 423.29712 456.3333 43.927223 66.883095 0.44840455
car 158.54388 264.4765 159.12265 294.16647 0.9560839
--
truck 388.0998 467.1847 89.68716 154.15378 0.64547
car 423.307 456.32492 43.530148 66.8984 0.6102039
car 158.32773 265.3984 158.3432 294.5409 0.9269986
--
car 387.8597 458.04413 95.815094 157.81348 0.62720287
car 422.8662 455.8787 43.4474 66.91828 0.6446276
car 158.41284 264.21494 159.18483 292.8891 0.8294662
--
car 399.33298 437.44684 65.83468 97.10825 0.31468493
car 388.33597 457.77917 95.6281 157.95584 0.6441358
car 422.94232 456.1382 43.370365 66.75015 0.69768584
car 157.93712 264.465 158.82057 294.59222 0.83337975
--
car 398.70538 438.30215 64.849846 96.65267 0.549762
car 388.01425 458.1983 95.47949 158.08517 0.65583366
car 422.69077 456.11215 43.361668 66.67911 0.7302138
car 158.21356 265.89545 158.25131 296.91568 0.8678778
--
car 398.7838 438.2984 64.638535 96.88455 0.4855816
car 388.00714 458.11865 95.4921 158.09422 0.6321763
car 422.5955 456.1438 43.328075 66.64055 0.671955
car 158.6041 266.2356 158.37 296.9891 0.882919
--
car 398.80176 438.25385 64.630615 96.892815 0.48049992
car 388.0105 458.09686 95.46605 158.10522 0.6266573
car 422.618 456.1539 43.318455 66.63202 0.6641522
car 158.76263 266.4693 158.3543 297.04144 0.8957478
--
car 400.64175 439.33484 64.44534 96.94906 0.60694724
car 387.86032 458.28098 96.07023 157.78288 0.68158716
car 422.44147 456.13678 43.145386 66.561745 0.7401694
car 159.37563 267.03983 159.17218 298.29294 0.86689514
--
car 402.69962 439.71 63.933144 97.25641 0.30858776
car 422.5558 456.2327 43.175068 66.60796 0.5457467
car 387.68735 458.43112 95.79111 157.95177 0.6811004
car 158.79242 270.05328 158.59196 300.34378 0.8816687
--
car 402.519 439.6381 63.757137 97.26904 0.31610113
car 422.5079 456.23074 43.08731 66.55326 0.5436076
car 387.68448 458.52698 95.96475 157.8014 0.7023376
car 159.17699 269.82233 158.58865 300.92236 0.88026917
--
car 404.56268 439.9429 63.935547 96.84957 0.30560333
car 422.55206 456.1408 43.027687 66.48038 0.6391448
car 387.7639 458.46747 95.71802 158.03882 0.7848964
car 161.36115 270.44562 167.81073 307.68814 0.8975994
--
car 405.9209 440.2213 63.07041 97.178665 0.3547611
car 422.387 455.87106 43.057053 66.60719 0.77183324
car 388.0429 458.4302 95.901985 157.89565 0.7896464
car 161.2805 271.87534 166.41031 309.6523 0.8550386
--
car 408.13498 443.76346 61.48286 91.805885 0.36713287
car 388.50983 458.11462 95.42524 158.03214 0.71977353
car 422.21442 455.97125 43.35949 66.4607 0.7636526
car 161.08304 272.3095 166.2259 309.49207 0.90692955
--
car 408.19687 443.70966 61.265705 92.09493 0.35443306
car 388.41003 458.19498 95.471085 157.98363 0.7451383
car 422.33926 455.9764 43.347637 66.52373 0.7541959
car 161.1895 272.08542 166.81697 308.91672 0.919553
--
car 409.78397 446.23438 66.72206 95.15962 0.49369273
car 421.982 456.15372 43.524197 66.72192 0.61961085
car 387.8953 458.55127 96.14621 157.64531 0.82918763
car 160.04536 274.73022 165.08864 310.3581 0.9327336
--
car 409.82324 445.906 60.153755 92.6064 0.56119704
car 422.0406 456.1148 43.52303 66.409515 0.6353745
car 387.9863 458.5524 96.506836 157.69212 0.8377206
car 159.78745 275.22882 165.09355 310.5651 0.94437057
--
car 409.81107 445.8277 60.245575 92.46008 0.57859904
car 422.11533 456.16064 43.494083 66.40721 0.624123
car 387.95032 458.60916 96.48838 157.64323 0.8296805
car 159.94884 274.9375 165.74025 310.02127 0.9523388
--
car 422.18857 456.01965 43.29044 65.77344 0.4021673
car 412.5399 448.2442 59.273113 93.1961 0.5885238
car 387.9583 458.55945 96.46854 157.42087 0.78199285
car 160.51842 275.49542 166.24854 309.66733 0.9704625
--
car 422.38504 455.95004 43.37889 65.814156 0.45959905
car 412.4806 448.24744 59.108646 93.484245 0.64295757
car 387.9405 458.57965 96.55688 157.40633 0.80372536
car 160.55008 275.07846 165.41585 310.43463 0.9688788
--
car 422.31903 455.99097 43.357883 65.83827 0.44184563
car 412.5754 448.23297 59.111565 93.51608 0.64367926
car 387.96423 458.54916 96.536674 157.45273 0.8161444
car 160.61879 274.812 165.92169 310.02194 0.96644807
--
car 421.9439 456.04633 43.164593 65.987114 0.37841406
car 414.52493 449.19183 58.91416 91.690605 0.6084573
car 387.7507 458.76877 96.61216 157.2566 0.78454924
car 160.20221 275.54538 165.48105 311.1172 0.9479763
--
car 415.40164 449.53833 59.255516 90.62704 0.47691965
car 387.80258 458.7087 96.54219 157.31984 0.72694093
car 160.36105 276.09286 164.08864 313.4966 0.8584226
--
car 415.38235 449.5574 59.302467 90.78333 0.48356506
car 387.8912 458.6297 96.36944 157.45033 0.72996736
car 160.2643 276.555 163.71072 313.6383 0.8515443
--
car 415.56754 450.06604 59.228615 90.76435 0.5229699
car 388.07184 458.49994 96.303566 157.623 0.76329625
car 160.96725 276.14987 165.86351 312.15656 0.9053105
--
car 417.66946 452.7998 59.07734 90.132256 0.40077484
car 385.9541 469.50314 93.46336 160.62401 0.70845926
car 161.13362 276.8268 166.21759 312.7635 0.8202421
--
car 417.71414 452.72876 58.98474 90.17843 0.4166775
car 385.85504 469.6721 93.37961 160.60327 0.6822891
car 161.4616 276.21484 165.89098 313.04663 0.75408506
--
car 418.65765 453.50858 58.508125 90.742325 0.6191144
car 386.47028 469.9699 92.546234 161.09912 0.6786844
car 160.41394 277.37308 167.62222 310.4375 0.9169727
--
car 419.36404 455.02448 58.47028 89.86175 0.67706245
car 386.56107 469.12396 92.402336 161.18878 0.6974388
car 159.20117 278.43542 167.6602 311.7019 0.93747824
--
car 420.5916 456.0194 57.83977 90.54869 0.53455687
car 386.42365 469.73578 92.47081 161.34843 0.6646075
car 159.56027 278.47034 165.23776 314.71127 0.9479859
--
car 420.63422 455.94254 57.791595 90.656166 0.49293396
car 386.38126 469.93915 92.47284 161.34602 0.6616298
car 159.91159 278.17664 166.162 314.36417 0.9587827
--
car 423.45062 456.67853 57.91678 89.695335 0.31413296
car 386.6701 469.25113 92.07761 161.63594 0.64303786
car 159.56299 278.79535 166.17776 315.181 0.97395724
--
car 386.59894 469.20605 91.70331 162.01105 0.66853404
car 159.2573 279.3211 167.90645 315.5095 0.9596598
--
car 388.8866 457.98627 95.19413 158.76141 0.6423488
car 160.06061 278.365 167.54662 315.5552 0.9326835
--
car 388.85287 458.14307 95.5791 158.6349 0.7059737
car 159.8996 278.2426 167.41287 316.06638 0.9553605
--
car 388.8402 458.1557 95.43958 158.68944 0.69131696
car 159.55312 278.58868 167.76016 315.85126 0.9480523
--
car 388.9231 458.05115 95.47062 158.71179 0.670163
car 158.30534 280.59518 166.7666 316.44485 0.93538105
--
car 389.00754 457.9039 95.264404 158.76987 0.6609771
car 158.6536 280.46262 168.33546 316.0167 0.94985497
--
car 388.772 458.22824 95.34643 158.8278 0.71110064
car 168.67728 278.972 167.0235 315.2876 0.9639906
--
car 388.05383 458.6981 95.853264 158.02142 0.6650486
car 166.36182 281.13715 163.63809 317.52457 0.9583791
--
car 425.0237 456.67404 43.98809 64.52614 0.32097295
car 428.10358 462.49432 58.802128 88.692245 0.36290222
car 387.90814 458.92358 95.68036 158.12035 0.7001547
car 166.85287 280.4669 163.1413 319.01816 0.9648539
--
car 386.58148 470.05737 91.83186 161.58534 0.6714731
car 167.08162 280.66656 164.65894 320.0286 0.9441036
--
car 387.91602 458.96133 95.684235 158.0606 0.6701466
car 167.30846 280.32248 164.27797 319.97223 0.9552248
--
car 386.52478 470.25174 91.87043 161.48784 0.71188605
car 168.0266 279.68735 165.27142 321.24713 0.96570677
--
car 387.94528 459.0216 95.41853 158.22668 0.7174669
car 168.58705 279.83392 166.67937 320.03265 0.9801079
--
car 388.03555 458.87512 95.52192 158.15332 0.7336508
car 169.47191 278.7596 165.18184 320.53815 0.9756209
--
car 388.03693 458.85522 95.515884 158.11935 0.7161632
car 169.40384 278.69156 164.92902 320.74597 0.9761082
--
car 388.1861 458.7575 95.676834 157.98418 0.690002
car 169.09116 280.05304 165.93459 320.98462 0.95112306
--
car 388.17444 458.77298 95.702065 157.94865 0.68322116
car 169.32416 280.04623 166.81862 320.76743 0.9522572
--
car 388.04987 458.93784 95.52393 158.31204 0.6810601
car 169.37933 280.21863 167.11047 320.6861 0.9471938
--
car 388.3719 458.56088 95.47594 158.27142 0.6855279
car 169.0463 280.41785 166.442 321.32706 0.92493093
--
truck 389.52963 470.2715 90.391884 155.8071 0.58559597
car 167.99268 283.07388 166.58492 320.2445 0.9094
--
truck 389.1602 469.7788 90.44808 155.9684 0.6005819
car 168.17642 283.41776 166.42905 321.34674 0.952352
--
truck 388.82956 469.60986 90.29425 156.1755 0.60368544
car 169.04904 282.93555 166.18613 322.12265 0.9636273
--
truck 389.12054 469.44183 90.24257 156.19635 0.6200472
car 168.67883 282.81412 167.5976 321.53635 0.9449911
--
truck 389.02286 469.4378 90.451965 155.94022 0.6005926
car 424.5832 456.67654 44.028126 65.14484 0.30359197
car 168.74403 283.33344 167.22337 323.01968 0.9147317
--
truck 389.118 469.2774 90.42323 155.95393 0.6226969
car 169.3925 282.61545 167.0689 323.23456 0.9267778
--
truck 389.1177 469.3451 90.19208 156.21494 0.6181176
car 169.23186 283.61545 168.19246 323.13086 0.9308906
--
truck 389.01505 469.2637 90.33553 155.96692 0.653668
car 169.64886 284.99176 169.10823 324.0644 0.9054347
--
truck 389.0197 468.95206 90.329666 155.9751 0.647655
car 169.842 285.38812 169.9111 323.74545 0.88894874
--
truck 389.09244 468.93283 90.273994 156.04985 0.64542896
car 169.61055 285.56372 169.94106 323.72565 0.88463265
--
truck 389.1096 469.28278 90.07154 156.24786 0.6755975
car 170.37688 285.21173 170.89102 322.92465 0.8455214
--
truck 389.06754 469.40997 90.107544 156.18256 0.67399865
car 170.6947 284.80826 171.01108 323.29776 0.8975405
--
car 387.80032 459.2578 95.552956 158.33513 0.62019885
car 169.7372 285.54697 170.7701 321.7423 0.90452456
--
car 424.4911 455.33456 42.92303 65.67064 0.31875345
car 387.95413 459.08322 95.478424 158.42686 0.6376826
car 169.25352 285.20145 171.0695 322.77298 0.8632644
--
car 424.49728 455.36273 42.90268 65.684975 0.32301039
car 387.96793 459.08032 95.46977 158.44508 0.6382801
car 169.11311 285.21518 171.26889 322.4289 0.8900079
--
car 424.5284 456.17737 42.865566 65.74024 0.45435077
car 440.09177 472.6276 52.78199 81.31087 0.49974832
car 387.99237 459.05072 95.57168 158.32019 0.6798874
car 169.60115 285.24734 170.54567 322.97702 0.8866172
--
car 440.6701 473.50696 53.103104 80.56341 0.40295514
car 424.636 456.22064 43.06657 65.57985 0.43911445
car 388.14273 458.90533 95.36217 158.54018 0.7194145
car 170.30652 284.8091 169.94148 324.0811 0.93758
--
car 440.5415 474.17517 53.13647 80.53928 0.4298726
car 424.91418 456.4887 43.155685 65.3022 0.50923985
car 388.13177 458.91373 95.43217 158.54568 0.7329462
car 170.22433 284.68518 170.1684 324.38812 0.9407285
--
car 440.72052 474.24286 52.97083 80.91912 0.48805043
car 424.91846 456.51007 43.115948 65.36769 0.5444707
car 388.21716 458.79486 95.330086 158.63475 0.74796367
car 170.11934 284.6364 169.52368 324.23135 0.9224306
--
car 440.39774 474.37006 53.359592 80.7054 0.5486041
car 424.7874 456.58408 43.20482 65.42276 0.6043917
car 388.21848 458.8144 95.43434 158.43971 0.7280738
car 171.33577 284.3988 170.3669 326.71475 0.96451396
--
car 441.28638 474.78198 53.565258 80.43502 0.35207146
car 425.0304 456.38452 43.327408 65.5256 0.5430464
car 388.32166 458.72824 95.30933 158.6047 0.72271687
car 171.73337 284.73483 170.79538 326.50806 0.9483966
--
car 442.27213 475.40488 56.64403 85.56875 0.34785116
car 425.03622 456.4766 43.186386 65.44696 0.55904543
car 388.31744 458.7522 95.313286 158.60863 0.7325844
car 171.48085 284.73038 170.75284 326.27786 0.9463763
--
car 424.5503 456.11533 43.357357 65.92543 0.57101065
car 388.3434 458.68704 95.29226 158.61797 0.731149
car 171.66228 285.20053 171.71777 326.5982 0.92383605
--
car 83.458984 103.15413 42.235878 65.19722 0.32220843
car 424.51898 456.4262 43.58585 66.19528 0.55436534
car 388.26575 458.77826 95.42197 158.44473 0.7118326
car 172.10745 285.0489 171.6687 328.05963 0.94163376
--
car 83.45551 103.479065 42.888954 65.01992 0.34661576
car 442.4584 475.30002 52.29373 80.51101 0.40777946
car 423.95856 455.56235 43.396145 66.030365 0.6229929
car 386.90088 469.29886 92.428856 161.22537 0.7058573
car 172.99525 288.23795 171.93729 327.35614 0.9784156
--
car 83.4481 103.47839 42.873642 65.05794 0.34826455
car 442.45428 475.3015 52.287743 80.50627 0.40272474
car 423.94012 455.50314 43.378788 66.02897 0.61071336
car 386.90295 469.3439 92.31706 161.41948 0.70665646
car 172.9501 288.36334 171.9277 328.00018 0.9828985
--
car 442.6948 475.66724 52.171284 80.01974 0.40340537
car 83.896454 103.85379 42.467632 65.66795 0.44715258
car 424.19498 455.57062 43.41674 65.9798 0.61316895
car 388.0125 459.10623 95.857796 158.06586 0.7005833
car 173.00722 287.767 171.26553 328.95673 0.97140825
--
car 443.2468 475.97375 51.567543 80.25311 0.4147287
car 424.26636 455.31 43.206257 65.856 0.50814277
car 83.811226 104.13117 41.852394 66.318306 0.6497795
car 387.94522 459.22235 95.859116 158.12656 0.7193517
car 172.85445 287.85968 171.5193 329.31668 0.9773547
--
car 424.38007 455.69073 43.4446 65.535126 0.5068913
car 84.02311 105.497215 43.0931 67.96532 0.549081
car 386.48575 470.4158 92.35841 161.34534 0.6562181
car 173.16284 287.36362 172.1328 329.4305 0.97510725
--
car 424.80487 455.142 43.63323 66.006355 0.48035344
car 386.5413 469.96964 91.93765 161.58162 0.68375385
car 84.2332 106.05909 43.426884 69.24587 0.7254737
car 173.62256 287.7817 172.05684 329.8626 0.961452
--
car 424.65546 455.14514 43.73085 66.29399 0.4968326
car 386.473 470.07672 91.71539 161.70538 0.68963397
car 84.72632 106.350174 43.25112 69.59175 0.8012282
car 173.77798 288.28964 172.03119 330.42026 0.95914817
--
car 424.598 455.0013 43.76879 66.377975 0.5137368
car 386.47906 470.07922 91.75497 161.68465 0.681712
car 84.70622 106.34216 43.148605 69.61673 0.7914495
car 173.92653 288.12457 172.6038 330.5332 0.9630498
--
car 424.5188 455.30948 43.874557 66.323586 0.50993395
car 386.54138 470.21024 91.86406 161.60536 0.68991035
car 84.73286 106.53869 43.133884 70.3883 0.77112263
car 173.96683 287.9505 174.25143 330.1552 0.97596043
--
car 424.53705 455.2262 43.808628 66.30628 0.54864407
car 84.9849 107.00128 43.827248 71.40483 0.62847245
car 386.65848 469.9433 91.9038 161.58894 0.71655077
car 173.9733 288.8992 175.11537 329.35382 0.9797203
--
car 424.5411 455.16687 43.73813 66.33701 0.59031373
car 84.8731 106.940056 43.79013 71.44068 0.64863664
car 386.7444 470.05103 91.86042 161.62575 0.71650463
car 174.0678 288.69568 175.30696 329.0436 0.97751576
--
car 85.209694 107.95361 44.714172 71.907394 0.5438436
car 386.64716 470.11328 92.028435 161.4669 0.72938216
car 424.48746 455.46164 43.60089 66.47428 0.7434549
car 174.0749 287.99103 175.86356 330.55646 0.9811595
--
car 85.033134 108.072426 44.347286 72.60363 0.6739269
car 424.7387 456.19052 43.264065 66.131096 0.75015765
car 387.05075 468.16074 92.600006 161.54097 0.7976709
car 174.41486 289.80258 175.18494 329.078 0.9708552
--
car 85.04211 108.07799 44.3664 72.587654 0.6762513
car 424.74918 456.15836 43.3145 66.138374 0.77166545
car 387.12665 468.0979 92.580444 161.45932 0.80544156
car 174.38861 289.33585 175.20653 329.1181 0.97328126
--
car 455.22382 480.1372 47.94455 82.27339 0.31005058
car 85.50505 108.93634 44.34117 73.0454 0.38514775
car 386.87677 468.99722 92.175186 161.77014 0.7907054
car 424.75842 456.56183 43.403812 66.169426 0.8152695
car 174.06215 290.2166 176.12213 329.22647 0.9485104
--
car 455.275 480.38257 46.980698 82.14946 0.44433564
car 86.49615 108.50667 48.069122 74.40272 0.68739897
car 387.01212 468.58612 92.319374 161.69885 0.76472175
car 424.54947 456.79205 43.35806 66.263985 0.84401697
car 174.17097 290.07306 176.15291 329.3864 0.95943236
--
car 455.34232 480.39984 47.279305 81.79455 0.45076758
car 86.50175 108.513145 48.06916 74.40074 0.68521976
car 386.95886 468.5859 92.35612 161.52608 0.76833266
car 424.6353 456.75967 43.305542 66.227615 0.83646274
car 174.36278 289.9243 176.08209 329.52136 0.96184635
--
car 455.3236 480.45816 47.426735 81.77132 0.44545153
car 86.49455 108.477234 48.07529 74.38689 0.7035728
car 386.91153 468.6026 92.33764 161.55286 0.7691079
car 424.60843 456.75275 43.336796 66.23035 0.8307976
car 174.2314 290.02518 175.98448 330.00317 0.96892214
--
car 455.64554 480.86597 47.10681 82.39937 0.6273369
car 86.75106 108.88678 48.187492 74.686325 0.73918545
car 386.9934 468.4524 92.249504 161.57347 0.76633674
car 424.5169 456.83353 43.421673 66.269585 0.88058716
car 174.24455 290.57996 176.02165 330.69504 0.920639
--
car 455.77716 480.60443 46.185795 82.54633 0.54220665
car 87.25533 109.56273 47.02793 76.3502 0.6417811
car 386.9429 468.6651 92.260414 161.58714 0.7762818
car 424.2109 456.8157 43.53134 66.32578 0.8579987
car 174.67238 291.0193 175.61774 330.87112 0.95479256
--
car 455.66104 480.57684 47.15523 82.40094 0.56826144
car 87.24155 109.58995 47.059208 76.289566 0.67476034
car 386.90762 468.5697 92.27123 161.59723 0.7762799
car 424.27667 456.74042 43.611313 66.28616 0.8486816
car 174.62894 290.99924 175.6809 330.75406 0.9507138
--
car 456.3625 480.4156 47.6145 81.73072 0.480322
car 424.41833 457.03503 43.593006 66.299194 0.72683
car 87.33084 110.08969 47.357918 76.956505 0.7345724
car 386.85873 468.49557 92.286316 161.61305 0.7896796
car 175.29688 290.72852 175.71143 332.82425 0.96097046
--
car 88.07074 110.367676 48.99234 78.10495 0.47897464
car 456.97345 481.0059 48.899887 81.5472 0.5692616
car 424.3153 456.80756 43.743538 66.312256 0.7416832
car 386.9185 468.2954 92.28345 161.59592 0.7882225
car 174.55946 291.52347 176.03905 332.5984 0.92630965
--
car 87.93074 110.430176 49.056347 78.084 0.50428414
car 456.93048 480.93173 48.85552 81.4167 0.5681725
car 424.39752 456.61197 43.727833 66.39476 0.7710623
car 388.18195 459.0307 94.94559 159.15746 0.79290575
car 173.9891 291.47525 175.7619 332.99753 0.9296165
--
car 457.53003 480.85583 49.37828 81.8739 0.61916316
car 88.574455 110.56349 49.72209 78.68145 0.6193469
car 424.68118 456.30658 43.99973 66.536156 0.7092222
car 387.9915 459.0941 95.674484 158.49591 0.7414607
car 175.2629 292.70682 179.29286 332.16733 0.9123664
--
car 458.144 480.511 48.640556 80.87349 0.40202636
car 424.6144 456.5824 44.07865 66.44334 0.6001254
car 88.30094 111.31243 49.487812 79.82451 0.6568159
car 388.0029 459.05704 95.71534 158.41954 0.6971028
car 175.82411 292.95157 179.15714 332.1349 0.9176132
--
car 457.91315 480.6491 48.624825 80.87272 0.46281466
car 424.6028 456.5273 44.072018 66.49129 0.602296
car 88.317055 111.274284 49.52222 79.775444 0.6641859
car 387.9995 459.0694 95.77607 158.30135 0.6938947
car 176.2088 292.51553 179.04059 332.49426 0.9376266
--
car 458.53192 480.57822 49.64343 81.04023 0.37965268
car 424.53635 456.45615 44.132374 66.47358 0.58332086
car 387.94525 459.08102 95.82338 158.29457 0.6922247
car 88.11083 112.137505 49.66205 80.41803 0.74747336
car 175.768 292.49243 179.21811 332.53342 0.9157394
--
car 458.53287 480.58627 49.868423 81.03659 0.41244552
car 424.56348 456.43774 44.09374 66.46968 0.6223884
car 387.95047 459.0908 95.820564 158.3039 0.6893588
car 88.095665 112.111824 49.68806 80.48128 0.7409239
car 176.05496 292.24265 179.21812 332.85065 0.92383397
--
car 458.52457 480.5752 49.77488 81.05386 0.41632202
car 424.5548 456.42642 44.08112 66.46704 0.64530104
car 387.9151 459.12476 95.82437 158.28717 0.6924189
car 88.11412 112.095146 49.64744 80.47351 0.731119
car 176.0821 292.22195 179.37106 332.83987 0.9223281
--
car 458.5359 480.63556 50.45799 80.6742 0.3399209
car 424.49023 456.2774 44.210815 66.45219 0.57233375
car 387.88574 459.16708 95.854965 158.27618 0.6936012
car 87.93257 112.85248 49.73877 80.58687 0.8529742
car 175.84566 292.27182 179.72055 333.29898 0.9221543
--
car 458.37292 480.86316 50.439262 80.87884 0.42705604
car 424.51822 456.33896 44.239082 66.42958 0.6552469
car 387.92477 459.13297 95.73525 158.28952 0.6930797
car 87.927765 112.84446 49.839355 80.64658 0.8527402
car 175.95528 292.07098 180.35812 333.3869 0.9338157
--
car 459.26016 480.65753 51.243866 81.32616 0.35389876
car 89.63347 114.59406 51.759598 82.12112 0.50828844
car 424.24554 456.52734 44.31048 66.46778 0.57964957
car 386.77084 469.2295 92.54378 161.26907 0.6916197
car 176.4705 292.17065 180.45512 333.1849 0.9454767
--
car 459.2898 480.6503 51.046944 81.506996 0.37313488
car 89.57851 114.607605 51.78443 82.134766 0.555459
car 424.3075 456.4988 44.317673 66.47931 0.61500967
car 386.7539 469.30328 92.569084 161.23328 0.6906735
car 176.50587 291.87137 179.80519 333.18762 0.94348305
--
car 459.4148 480.5244 50.8538 80.74299 0.30409905
car 89.46821 114.86657 51.725906 83.31143 0.31856814
car 424.29016 455.865 44.255608 66.54914 0.5176061
car 386.69797 469.41766 92.44916 161.2865 0.68059313
car 176.63748 291.73157 180.73769 333.76028 0.9554805
--
car 89.1896 115.43338 51.534 84.012314 0.33154255
car 424.18033 456.04898 44.40736 66.54446 0.4549263
car 386.68094 469.46674 92.425545 161.31467 0.68827415
car 176.5536 292.39407 179.8069 333.6861 0.944562
--
car 463.91095 479.39526 48.381832 81.6062 0.31178752
car 424.19113 456.0482 43.791176 66.330795 0.669227
car 387.59073 459.43896 95.715065 158.45277 0.6767398
car 174.36597 293.69037 179.63554 332.90292 0.91051435
--
car 90.02321 115.832985 55.87787 85.67413 0.3086612
car 424.2335 455.87112 44.062397 66.262184 0.5802465
car 387.66183 459.31696 95.642395 158.4718 0.6605219
car 175.10689 292.95306 179.53865 334.13995 0.927169
--
car 91.32496 116.477486 56.548466 87.23311 0.45787346
car 424.30057 455.88855 44.18292 66.36536 0.4784997
car 387.6418 459.332 95.63986 158.47661 0.6595362
car 176.1998 292.87222 180.06418 333.98676 0.9493398
--
car 424.40643 455.86865 44.078896 66.46617 0.5539682
car 387.64334 459.34958 95.61256 158.4872 0.6628356
car 91.5856 116.96994 56.875546 87.51448 0.7132713
car 176.20737 292.73843 179.42097 333.6515 0.9174071
--
car 424.37466 455.87976 44.125977 66.45844 0.55586267
car 387.6543 459.33997 95.60567 158.4802 0.6624277
car 91.6511 117.02183 57.003056 87.456894 0.7035871
car 175.94205 292.89783 179.527 333.8776 0.91593856
--
car 424.32065 455.67667 44.190723 66.5009 0.51826936
car 387.59128 459.4108 95.66641 158.43292 0.66674924
car 91.38846 117.48918 56.55429 88.454575 0.9193177
car 176.9016 293.0953 180.37544 334.55234 0.94949627
--
car 424.39304 455.64456 44.08732 66.49956 0.5662098
car 387.54514 459.4468 95.60755 158.42825 0.6581754
car 176.54858 293.62094 180.94757 335.17847 0.92245233
car 91.4063 117.95994 56.32717 89.13279 0.9263829
--
car 387.55194 459.44482 95.57728 158.46143 0.67416155
car 424.33356 455.44495 43.98713 66.60584 0.6866563
car 91.09298 119.57155 55.40022 90.77589 0.9035278
car 176.42453 294.27744 180.37666 335.49612 0.9084972
--
car 424.42477 455.59946 44.22062 66.57506 0.5926039
car 387.7284 459.24466 95.49155 158.5615 0.65945345
car 92.857346 118.971016 56.749718 90.38758 0.9190646
car 176.16846 294.92435 181.08554 335.27505 0.92910814
--
car 424.50253 455.46927 44.232174 66.57243 0.5918379
car 387.99142 458.88077 95.52729 158.38959 0.5918902
car 92.8368 118.99652 56.662533 90.46855 0.9223488
car 176.38762 294.65497 180.97581 335.426 0.93237567
--
car 424.5533 455.46152 44.252422 66.564095 0.5837144
car 387.98254 458.8668 95.53497 158.40366 0.5965691
car 92.881996 118.94541 56.69155 90.43512 0.9191308
car 176.24522 294.7644 180.97536 335.1977 0.9322912
--
car 387.97177 458.90482 95.56749 158.38771 0.6117923
car 424.42416 455.41122 44.16978 66.512344 0.6776744
car 93.90911 119.84541 57.241302 90.938515 0.83150506
car 175.8524 295.24298 182.19641 334.3914 0.90926677
--
car 424.611 456.21854 44.546673 66.96198 0.6619937
car 387.86646 459.23358 95.51267 158.39284 0.6720945
car 92.85607 121.24783 56.944283 92.23627 0.8045152
car 175.28325 295.99423 180.30594 334.50858 0.9350511
--
car 424.61224 456.21304 44.51078 66.95374 0.65485585
car 387.82727 459.25763 95.50944 158.41524 0.6573102
car 92.91637 121.27497 56.935932 92.25973 0.7944226
car 176.00801 296.12704 179.79959 335.23166 0.9463339
--
car 424.66174 456.14444 44.692894 66.985794 0.62277263
car 387.86276 459.20172 95.520584 158.41309 0.6553327
car 93.05711 121.75873 57.237938 92.83147 0.7595032
car 176.26448 296.1434 179.50642 334.66724 0.9506149
--
car 424.554 456.058 44.843655 67.11877 0.605486
car 387.85703 459.2261 95.5549 158.40527 0.6736096
car 92.88447 122.73056 57.4443 94.80203 0.94508785
car 176.47972 296.38922 179.80598 334.62805 0.9480817
--
car 424.505 456.07245 44.805668 67.141495 0.610239
car 387.8371 459.25034 95.5781 158.37651 0.66324925
car 92.880424 122.72059 57.469513 94.76295 0.9392705
car 176.64421 296.1803 179.43979 334.42902 0.9482092
--
car 424.493 455.98154 44.915573 67.180756 0.54223686
car 387.81857 459.24402 95.63381 158.35194 0.65151405
car 93.80353 123.38642 57.788086 95.53159 0.90833765
car 176.46576 296.56284 178.90186 334.87613 0.93304515
--
car 424.54498 455.86 44.85818 67.22646 0.5092991
car 387.79272 459.26846 95.751045 158.29745 0.6476768
car 94.94486 123.285515 57.923054 96.202835 0.8986342
car 177.12099 295.9893 179.2584 335.75897 0.9473365
--
car 424.47092 455.64166 44.8428 67.230736 0.46212104
car 387.83456 459.19214 95.69479 158.40486 0.64502895
car 94.625336 124.563416 60.865437 98.47996 0.73914766
car 177.27115 295.76285 179.5833 335.92126 0.9538315
--
car 424.4343 455.61768 44.75847 67.14019 0.4372435
car 387.83206 459.20233 95.70866 158.39241 0.64270777
car 94.58215 124.60227 60.750595 98.52081 0.72852135
car 177.22157 295.6574 179.60701 336.09274 0.9567382
--
car 424.4097 455.56433 44.72096 67.16031 0.37195063
car 387.82278 459.20624 95.70882 158.38312 0.64451903
car 94.48071 124.75827 60.155785 99.056335 0.8150712
car 177.31442 295.63916 179.38696 336.23224 0.9628694
--
car 424.44373 455.48492 44.936554 67.22646 0.38404545
car 387.85703 459.1605 95.65706 158.41309 0.6505613
car 94.88102 127.9119 61.639786 99.773315 0.84556717
car 177.32767 295.54773 179.24802 336.37503 0.960106
--
car 424.4891 455.33362 44.86873 67.23236 0.43886492
car 387.8579 459.17477 95.628265 158.404 0.6461112
car 94.870094 127.9215 61.662285 99.77352 0.8447964
car 177.33438 295.50208 179.19559 336.366 0.9592256
--
car 387.9013 459.05865 95.8718 158.2592 0.6598097
car 95.03835 125.009926 61.582542 98.81462 0.869239
car 177.10904 296.26025 180.25603 334.42657 0.953677
--
car 387.8803 459.06757 95.844124 158.29906 0.66452116
car 95.00853 128.134 61.44397 100.63225 0.9115423
car 177.39493 296.11026 179.99417 334.98294 0.9626322
--
car 387.93335 459.00812 95.814804 158.33514 0.670837
car 95.714165 128.13165 62.63014 100.974205 0.94361395
car 177.39067 295.96594 179.99059 334.54077 0.9679407
--
car 387.83594 459.08908 95.92794 158.18643 0.6160375
car 96.159805 128.22168 62.970943 101.07522 0.9522675
car 177.5384 295.69037 179.88354 334.95923 0.97029716
--
car 387.8854 459.00198 95.87153 158.25931 0.6217853
car 96.24373 129.89703 63.201534 101.68111 0.9248273
car 177.49536 295.65765 180.02695 334.94354 0.9680761
--
car 387.85474 459.0351 95.89408 158.2516 0.6246625
car 96.194725 130.04556 63.17926 101.754105 0.9120489
car 177.54707 295.6548 180.105 334.9588 0.9670598
--
car 387.87497 459.0226 95.89208 158.26424 0.63141733
car 96.48677 131.12479 63.33354 102.42549 0.88831043
car 177.29184 295.7007 180.26294 334.73706 0.9641009
--
car 387.9347 459.00113 95.9435 158.24838 0.6431905
car 96.64992 131.10855 62.95253 104.283844 0.90571564
car 177.2563 295.8087 180.15968 334.95782 0.96764827
--
car 387.94293 458.98395 95.9462 158.25258 0.64480513
car 96.60809 131.13322 63.093258 104.30403 0.899852
car 177.2287 295.80624 180.16196 334.9067 0.9680423
--
car 387.95428 458.94656 95.72541 158.5757 0.6512367
car 97.43016 131.77274 63.456955 105.5086 0.8751238
car 177.47536 295.50162 179.63475 335.2613 0.966504
--
car 424.4826 455.43384 44.54935 66.77605 0.3459236
car 386.25208 470.45544 92.58389 161.46211 0.6495458
car 98.42012 132.45816 64.02739 106.711685 0.921103
car 177.14963 295.72382 179.51903 334.89377 0.9728944
--
car 424.6439 455.49167 44.370144 66.79089 0.35015127
car 386.49164 470.34674 92.465805 161.68288 0.6108174
car 98.17179 133.46577 64.23161 106.6416 0.91311663
car 177.13402 296.32587 180.0515 335.04138 0.9631929
--
car 424.83792 455.7588 44.199806 66.97917 0.37284437
car 387.99582 458.94147 96.00205 158.0547 0.7031408
car 98.22197 133.30765 64.16121 107.17948 0.9331852
car 175.45581 296.401 181.15668 335.20874 0.9514444
--
car 424.84164 455.76736 44.17661 67.01245 0.34871045
car 85.16395 102.03776 32.606274 59.09531 0.41223073
car 388.03888 458.90735 96.02339 158.20822 0.6309054
car 98.76045 133.24055 63.408768 107.91612 0.8813204
car 175.64587 296.0639 180.19724 335.2965 0.9587323
--
car 424.83817 455.7561 44.159737 67.00179 0.3626942
car 85.21382 102.01182 32.62724 59.08899 0.39545408
car 388.13354 458.84286 95.98787 158.28004 0.6684067
car 98.739746 133.29381 63.404823 107.94239 0.8861903
car 175.90826 296.16983 180.23187 334.85294 0.96474624
--
car 424.85196 455.762 44.172832 67.00278 0.3654829
car 85.30457 101.971794 32.494797 59.031948 0.47299123
car 388.12292 458.85028 96.00624 158.13461 0.6683297
car 98.73831 133.3018 63.38661 107.97237 0.8876272
car 175.77821 296.25473 180.21973 334.98584 0.96486026
--
car 424.3039 455.96124 44.192356 66.84311 0.386158
car 387.89587 458.98755 95.77096 158.3074 0.6816904
car 85.328926 102.51385 34.47718 60.260395 0.76497537
car 99.150024 136.11086 67.82259 110.93621 0.7954795
car 176.14442 296.16846 180.55702 335.81717 0.96469194
--
car 424.40253 455.89087 44.085545 66.90409 0.42768434
car 387.92474 459.06693 95.88037 158.22353 0.67652035
car 85.15397 102.648994 35.088623 60.72932 0.83609253
car 99.355934 136.58524 67.6156 111.53439 0.849571
car 176.56232 295.93936 180.61931 336.06134 0.9725883
--
car 424.42154 455.82974 44.112907 66.90148 0.39800274
car 84.978455 103.38209 34.632072 62.044174 0.62263167
car 387.86197 459.12982 95.90779 158.24 0.6704631
car 99.2717 138.35043 67.650406 112.19568 0.86695343
car 176.44267 296.0413 180.76439 336.0228 0.9745222
--
car 424.41873 455.8932 44.10287 66.84659 0.3962739
car 85.054436 103.31976 34.72295 62.025467 0.61910385
car 387.88055 459.1199 95.90616 158.2552 0.6720778
car 99.2123 138.30649 67.6036 112.139084 0.86397344
car 176.48804 295.80402 180.73166 335.8657 0.97657084
--
car 424.40295 455.99356 43.993084 66.87133 0.3888623
car 85.50364 104.49163 35.29591 62.199345 0.56413865
car 387.88678 459.10898 95.896484 158.21686 0.66675395
car 99.17421 139.83032 67.83704 112.99697 0.822813
car 176.56664 295.42648 181.16176 335.63632 0.9760326
--
car 424.4932 456.02975 43.978188 66.82492 0.4715956
car 85.66371 105.42414 35.720615 62.148468 0.6044203
car 387.88577 459.1119 95.89676 158.22617 0.6716652
car 99.01641 141.07365 68.43128 114.20042 0.7685576
car 176.58107 295.36453 181.15616 335.69937 0.97803146
--
car 424.5194 455.93344 43.996155 66.88205 0.38371503
car 387.8863 459.11234 95.93848 158.21555 0.6710341
car 85.97075 106.1869 40.43522 64.02987 0.6997921
car 99.1227 142.29301 69.09066 115.56368 0.8075618
car 176.6603 295.30307 180.90738 335.75757 0.9791014
--
car 424.54196 455.90643 43.9615 66.80803 0.37984112
car 387.8717 459.12994 95.93032 158.19038 0.6644061
car 96.701 145.4405 68.09797 118.04686 0.74826336
car 86.15005 106.39358 40.030716 65.09814 0.813845
car 176.48029 295.5484 181.05113 335.74918 0.97831845
--
car 388.2447 458.69168 96.19167 158.59187 0.63154876
car 86.46693 107.028885 41.822044 65.51642 0.7126683
car 97.93234 146.6708 68.65565 117.76947 0.87796426
car 177.57399 295.8107 179.39406 335.51672 0.9820341
--
car 388.2048 458.7496 96.17448 158.62788 0.63711244
car 86.489624 107.02645 41.75671 65.49985 0.70929056
car 97.88356 146.60919 68.67332 117.71367 0.8700903
car 177.331 296.0053 179.28276 336.32364 0.97808206
--
car 386.25757 470.97726 92.5777 161.83372 0.6351317
car 98.69571 147.19705 69.200485 118.01448 0.6427079
car 86.45942 107.90605 42.14369 66.80178 0.689647
car 177.32968 296.2246 179.08939 336.25583 0.97165465
--
car 98.129326 147.22362 69.420944 118.277596 0.5271249
car 388.168 458.9998 96.02061 158.2303 0.5785009
car 86.54089 107.96253 41.107708 66.47006 0.58383256
car 177.09903 295.8288 182.60007 334.1737 0.96099234
