--
truck 211.44695 354.36636 70.04795 169.61829 0.8886126
--
truck 207.92233 352.29492 71.15385 168.92184 0.90101856
--
truck 207.33784 352.25677 71.06746 169.32684 0.89495385
--
truck 205.32506 349.3117 71.25928 168.69861 0.93502223
--
truck 203.16176 344.29846 72.72914 167.98477 0.8559789
--
truck 203.08972 344.3736 73.237 167.82973 0.87587065
--
truck 195.52725 344.4156 69.13442 171.9595 0.8922901
--
truck 191.81596 341.95856 68.598015 172.01248 0.918979
--
truck 191.76598 342.3496 68.51451 172.09709 0.9215341
--
truck 190.31607 339.1593 70.86114 170.28358 0.8778211
--
truck 193.39804 336.24402 68.137054 170.86182 0.5718707
--
truck 193.35718 336.45496 68.347946 170.90167 0.6019542
--
truck 181.11778 324.28574 63.93072 170.74332 0.75763047
--
truck 178.42151 320.26532 60.584503 169.98984 0.84946823
--
truck 178.34401 320.41275 60.9328 169.91971 0.8596874
--
truck 176.87273 319.3169 64.90583 171.11366 0.8095935
--
truck 176.862 315.47754 64.470726 171.11465 0.67986405
--
truck 177.0554 315.53824 64.79562 171.2768 0.65303683
--
truck 170.90259 314.83453 61.783997 171.13551 0.5738013
--
truck 164.12126 307.58838 60.739998 170.62706 0.5840727
--
truck 164.35246 307.32483 61.002956 170.39142 0.56870013
--
truck 165.51671 303.50348 69.24395 168.35313 0.77499187
--
truck 160.84425 300.69135 79.997215 173.46286 0.72398686
--
truck 167.26701 298.0842 70.14404 170.2412 0.6989661
--
truck 158.818 301.61346 81.38481 173.10597 0.80627817
--
truck 143.47386 288.26108 82.86295 172.11357 0.7945113
--
truck 153.04062 298.0438 82.16073 171.79451 0.8059019
--
truck 139.98643 287.5364 83.06166 171.69704 0.8865402
--
truck 137.00624 285.62286 68.83184 170.2788 0.9221278
--
truck 137.36232 285.41022 68.32695 170.36111 0.922942
--
truck 133.61255 282.60706 65.79755 171.10155 0.93190444
--
truck 126.92554 275.09692 59.177826 172.69794 0.9107919
--
truck 127.5222 275.6568 58.355873 172.89352 0.8875017
--
truck 127.25531 270.1597 57.265667 171.4227 0.87607163
--
truck 127.028015 265.1312 58.639236 169.8457 0.6114573
--
truck 127.12259 265.10794 58.400604 169.73547 0.6196252
--
truck 120.59758 263.66257 63.1876 170.6405 0.79172844
--
truck 119.03829 260.8946 64.376045 168.5891 0.62245613
--
truck 118.945435 260.9204 64.1408 168.58495 0.6354564
--
truck 102.770584 256.23108 61.222366 171.12491 0.7698216
--
truck 97.0059 252.75958 59.36116 172.17596 0.86136824
--
truck 97.18095 252.66461 59.604332 172.38464 0.86773026
--
truck 92.9755 247.65561 63.986446 171.83516 0.8741599
--
truck 86.9544 242.38803 66.71042 169.87482 0.9056094
--
truck 87.37498 242.98953 66.7956 169.68697 0.91116565
--
truck 86.535194 236.18379 61.595287 171.83438 0.9431407
--
truck 81.67433 231.0001 63.91852 169.85153 0.8736854
--
truck 80.47728 231.45209 62.694286 170.09415 0.8902269
--
truck 79.09877 224.93172 74.53079 166.70003 0.8801035
--
truck 66.72708 219.64427 70.9307 168.2721 0.94792104
--
truck 67.31486 219.4568 70.94706 168.05559 0.9391382
--
truck 67.95999 216.12563 69.495056 168.48552 0.81720954
--
truck 63.349228 208.01831 71.38295 166.39996 0.7313152
--
truck 63.178524 207.71806 71.53347 166.43895 0.725613
--
truck 58.701927 201.50494 70.41281 166.57935 0.47599772
--
truck 53.841434 197.17519 67.92407 169.47627 0.73098505
--
truck 53.478035 196.93886 68.133675 169.5502 0.7287906
--
truck 48.129574 191.01381 69.56723 169.61232 0.7973666
--
truck 41.28529 188.93938 70.4161 167.49992 0.80048966
--
truck 41.850235 188.57745 70.3131 167.37755 0.76763606
--
truck 26.240158 183.31056 71.16158 168.7724 0.8620564
--
truck 27.477415 177.1449 72.963135 166.44798 0.61421937
--
truck 28.662264 176.66235 73.03418 166.49832 0.60687214
--
truck 24.78228 172.08424 70.41655 166.34146 0.7444292
--
truck 20.91955 167.28346 69.17756 167.60843 0.79411167
--
truck 22.113575 167.59468 68.70556 167.56981 0.8006303
--
truck 15.072169 161.3046 70.40087 166.86601 0.8881031
car 412.99878 467.05652 146.79823 178.74544 0.34211132
--
truck 13.843338 155.61049 70.95094 166.30464 0.84451956
--
truck 13.673315 155.68784 71.73956 166.16852 0.86971515
--
truck 13.6703825 149.9402 72.33143 167.45262 0.71276474
--
truck 14.318026 141.46571 76.83207 162.08304 0.6663508
--
truck 14.296932 141.64922 77.14989 161.83987 0.67390406
--
truck 3.9322615 137.13597 83.97867 171.60957 0.49760702
--
car 402.07767 460.00616 147.11691 178.33272 0.38831067
--
car 402.3612 459.5543 147.0712 178.3574 0.3735043
--
truck 2.5509381 131.70267 82.9867 173.0559 0.31704655
--
truck 9.592531 125.60849 72.71401 162.87204 0.42383856
--
truck 9.964095 125.4161 72.8029 163.01546 0.4418377
--
truck 4.697195 118.442245 70.90744 162.81184 0.76372373
--
truck 4.6859193 113.42914 68.06973 163.0442 0.55580133
car 392.77612 451.9174 146.5661 178.70015 0.3316635
--
truck 5.1511 112.83511 68.70703 162.8073 0.58619386
car 392.61182 451.96622 146.13327 178.8536 0.39967465
--
--
car 386.32874 449.25464 140.9259 179.15517 0.6672313
--
car 386.40643 449.27628 140.98851 179.169 0.7468478
--
truck -1.1584175 101.49541 75.37168 159.06514 0.36903372
car 381.50793 447.7237 141.04529 178.28242 0.6807272
--
car 379.6087 444.48553 141.6434 177.54039 0.46594763
--
car 379.56024 444.31302 141.70354 177.51929 0.42547688
--
car 376.87695 440.72525 142.27061 177.16263 0.30586648
--
car 375.88397 439.45212 141.78163 177.62796 0.52904224
--
car 375.78415 439.5481 141.71129 177.70589 0.55495024
--
--
--
--
car 368.25095 432.34265 140.62737 178.09018 0.76054317
--
car 363.79883 429.49484 139.9065 178.30406 0.8824041
--
car 363.94028 429.31952 139.9042 178.22583 0.8746353
--
car 360.4917 428.12564 139.71457 177.55014 0.9605366
--
car 359.0961 424.27753 139.79826 177.26828 0.97263825
--
car 359.25528 424.03043 139.89485 177.42374 0.97688943
--
car 357.09277 421.942 140.07863 176.80199 0.9451276
--
car 352.7632 418.00604 140.53294 176.73569 0.94205636
--
car 352.62915 418.19302 140.6264 176.6333 0.94091916
--
car 349.74966 415.8939 140.79855 177.38626 0.95585555
--
car 347.27325 411.78772 139.98055 177.59404 0.9431727
--
car 347.44165 411.77484 140.03725 177.47481 0.9374189
--
car 342.87067 409.29456 138.89401 177.56596 0.96717626
--
car 340.4014 407.07846 139.29628 177.99149 0.97035563
--
car 340.53867 407.048 139.46765 177.83937 0.97384423
--
car 339.02133 403.13297 139.47385 176.88664 0.962433
--
car 332.6956 401.45667 138.81795 176.2658 0.9614404
--
car 332.68857 401.22968 138.78125 176.23065 0.95748395
--
car 329.03424 398.5186 137.9906 176.26079 0.9577766
--
car 324.90894 394.31717 137.67172 175.10765 0.978756
--
car 324.72723 394.24237 137.75983 175.20355 0.9799035
--
car 321.10074 390.81174 138.56888 176.71385 0.9840931
--
car 317.56436 389.4522 138.3381 177.2237 0.9801355
--
car 317.52304 389.4063 138.26775 177.36438 0.9840432
--
car 311.65674 385.2258 136.56909 175.31413 0.95801145
--
car 310.4505 382.0836 137.10382 175.70024 0.9841974
--
car 310.61853 382.08255 137.09833 175.91794 0.9823876
--
car 305.1648 378.9468 136.62581 174.19669 0.98918915
--
car 323.82376 433.01923 285.1293 354.5512 0.75561607
car 301.60254 374.9962 136.58191 176.24902 0.99189055
--
car 324.05524 432.63123 285.0409 354.2936 0.75522
car 301.4907 375.1429 136.45448 176.12526 0.9913525
--
car 315.01688 412.38568 274.0879 353.77106 0.96303993
car 297.14624 373.81268 135.27066 175.88884 0.9901005
--
car 291.80994 369.9994 136.42627 175.49591 0.98575747
car 306.9011 398.79556 262.66507 347.09186 0.98744386
--
car 291.80536 369.97955 136.34914 175.42686 0.98489153
car 306.7231 398.39578 262.81555 347.0173 0.9870778
--
car 297.9407 380.27585 240.87476 332.0971 0.96067184
car 289.72092 366.06805 135.29976 175.3965 0.9905055
--
car 289.04858 370.30402 227.91602 309.5415 0.97789675
car 284.4377 361.95422 135.34523 175.15364 0.99189836
--
car 289.0678 370.28268 227.90076 309.51343 0.974573
car 284.40875 362.04242 135.33185 174.99672 0.9918825
--
car 278.12256 359.47397 213.36427 298.24374 0.9735235
car 279.2526 359.34448 134.68817 176.38052 0.9941979
--
car 272.96457 347.4386 203.54459 278.68207 0.9920429
car 274.65952 357.8663 134.59856 176.46907 0.9932777
--
car 273.001 347.37738 203.82217 278.4209 0.9908363
car 274.4742 358.0234 134.68695 176.31795 0.9938858
--
car 266.1938 335.63065 193.64088 262.38486 0.97108644
car 272.39844 349.56967 132.99821 176.36215 0.9936062
--
car 257.4293 326.90826 178.90825 251.58717 0.9490395
car 268.7597 344.69943 132.37886 175.11383 0.9923038
--
car 257.3921 327.03534 178.95268 251.65639 0.9434104
car 268.78067 344.75485 132.40762 174.89809 0.9925668
--
car 250.27193 317.42316 173.62532 234.81992 0.9678198
car 266.5711 341.87238 132.36127 173.32327 0.99250436
--
car 243.07823 306.66537 163.35866 222.58174 0.9581922
car 263.44006 337.59503 132.39687 175.14098 0.986513
--
car 243.18408 306.59467 163.28192 222.74992 0.9651893
car 263.48364 337.66248 132.25438 175.20781 0.9864094
--
car 235.85631 299.2936 155.12187 211.61563 0.93321747
car 261.92755 333.94406 130.66316 176.19826 0.9744759
--
car 229.73509 289.54846 144.59142 199.86778 0.9109171
car 264.89438 328.9194 130.53722 175.05266 0.94969565
--
car 229.79951 289.4767 144.56409 199.78839 0.91569895
car 264.90143 328.8676 130.5133 175.10269 0.9621257
--
car 224.41792 281.2117 139.59181 191.41553 0.8494087
car 266.27646 326.83844 129.52127 175.10391 0.9623323
--
car 437.3238 471.7737 143.39053 176.53671 0.53785354
car 218.50421 272.08215 132.38928 184.31023 0.9513222
car 259.1347 321.80603 127.41637 174.71594 0.9619901
--
car 437.33987 471.77075 143.42685 176.51277 0.55089283
car 218.54199 272.06693 132.4106 184.38286 0.95048034
car 259.26617 321.8437 127.484215 174.55818 0.9609702
--
car 435.6309 471.9277 142.94975 176.70923 0.50976604
car 213.0206 264.76068 127.1921 177.71349 0.881444
car 259.45316 319.8866 126.82945 172.53177 0.9758359
--
car 434.1291 472.56088 142.81085 177.00543 0.3184451
car 256.07132 315.7372 126.42866 173.10516 0.9573694
car 210.82332 260.4213 124.37657 170.27983 0.9655817
--
car 210.8103 260.3442 124.35388 170.335 0.9628006
car 256.33252 315.61914 126.45782 173.48592 0.9639875
--
car 430.445 470.80124 142.95816 176.00223 0.46657145
car 249.53836 311.6748 124.83136 174.64777 0.8251824
car 209.2188 249.64888 123.1678 166.53238 0.88284755
--
car 245.22256 303.58035 123.061104 171.49257 0.71483606
car 428.64993 471.56253 143.00334 176.09344 0.84762454
car 202.66972 243.4076 113.78551 161.3597 0.9144174
--
car 245.59224 303.799 122.89141 170.97484 0.8324828
car 428.7 471.48886 142.97218 176.06662 0.8442906
car 202.71507 243.38255 113.83801 161.21086 0.91692036
--
car 424.81778 473.9362 142.26944 175.48587 0.7895821
car 201.93427 233.65942 117.48438 155.80986 0.9529968
car 243.57663 299.34506 123.46407 169.40666 0.96415675
--
car 422.97708 473.30545 143.15202 174.58182 0.81426877
car 243.142 294.15222 122.71728 167.85265 0.9438071
car 199.15584 228.37103 111.40564 152.50043 0.9794373
--
car 422.9743 473.25064 143.11888 174.747 0.8364036
car 242.99747 294.18396 122.705635 168.1385 0.93969107
car 199.14539 228.29613 111.41257 152.49747 0.97818816
--
car 419.8827 471.52072 143.03812 174.56226 0.7005426
car 239.99945 287.83386 117.55044 166.80327 0.968305
car 193.85805 223.10342 108.87111 146.64247 0.98546016
--
car 418.5844 470.933 142.61157 175.84277 0.85095376
car 238.4308 281.4292 116.93454 164.86482 0.9850104
car 191.15039 219.43988 102.6843 144.31201 0.9939738
--
car 418.5531 470.96625 142.65334 175.93765 0.8691386
car 238.461 281.3545 117.07795 164.93944 0.98559505
car 191.17516 219.47653 102.61145 144.3779 0.9939291
--
car 417.06552 481.39722 211.52115 352.85913 0.3208335
car 414.54123 468.90845 141.49142 175.92583 0.70207196
car 239.84296 278.83264 114.65266 162.27023 0.9398324
car 186.60124 214.84193 100.11648 136.45631 0.986851
--
car 417.1665 481.3455 209.98401 353.9905 0.40600705
car 413.51562 468.86768 142.78261 176.48116 0.83801305
car 237.40538 271.72488 117.14431 158.62521 0.9384971
car 182.92294 213.2493 93.55616 134.35512 0.9654698
--
car 417.0758 481.384 209.97757 353.9588 0.40347785
car 413.5183 468.8923 142.82985 176.64326 0.8427539
car 237.3324 271.55423 117.07235 158.997 0.9261214
car 182.78902 213.31384 93.466896 134.46895 0.9617747
--
car 417.02316 481.25714 210.09404 353.8516 0.39020672
car 234.58008 271.2667 112.87763 145.3559 0.726131
car 180.02959 211.3986 92.20015 129.20644 0.8377279
car 412.27722 466.1634 143.71875 174.50452 0.935493
--
car 416.8657 481.3011 211.23859 353.04556 0.38904074
car 230.88245 264.26663 112.15732 146.89725 0.51959866
car 409.89282 466.3001 143.39137 174.86588 0.96206
--
car 416.84845 481.2795 211.1663 353.0982 0.3907439
car 230.83195 264.33264 112.06989 146.8555 0.52090347
car 409.87405 466.31644 143.36214 174.97023 0.96165216
--
car 416.75308 481.32666 212.45125 352.27997 0.36945465
car 177.76057 203.11737 85.254585 120.38483 0.4251105
car 228.15933 265.82483 108.23775 155.68056 0.7190082
car 407.95898 465.46915 142.8253 175.31279 0.94808877
--
car 416.8024 481.22617 212.41695 352.45792 0.3871241
car 223.85852 274.69217 106.955505 153.82782 0.77061504
car 173.39853 207.79965 84.42327 116.29913 0.7932414
car 406.90344 464.09296 143.75899 175.79027 0.93988234
--
car 416.73212 481.25034 212.58202 352.3365 0.39629593
car 173.41855 207.73288 84.31323 116.38138 0.7043523
car 225.30818 264.5236 106.63307 153.71844 0.74978095
car 406.93564 463.95422 143.75198 175.74649 0.9474336
--
car 416.73703 481.20953 213.06752 351.90353 0.3365693
car 222.12811 278.36276 106.48572 159.6773 0.72373384
car 173.60136 209.6062 81.165535 108.195465 0.8021295
car 403.3252 460.08017 143.4315 174.69698 0.94971675
--
car 172.7719 208.7751 79.7235 105.55927 0.7471633
car 220.25731 280.55078 105.68597 163.23175 0.79414445
car 401.31964 459.5874 143.74162 174.95758 0.96252346
--
car 416.87323 481.23987 214.24152 351.46628 0.3084758
car 172.87901 208.57729 79.84928 105.75218 0.7845083
car 220.00731 280.7769 105.71715 162.47258 0.8183427
car 401.41266 459.56604 143.72118 174.93037 0.9606361
--
car 170.65317 208.75687 77.38063 105.62335 0.67319655
car 217.9351 281.151 104.45862 159.72412 0.8442645
car 400.14664 457.55823 143.6257 174.99265 0.96478087
--
car 213.64754 279.385 104.8418 154.32506 0.78727657
car 399.32812 456.1346 142.74721 175.41426 0.9466808
--
car 213.75641 280.27072 104.760475 155.82199 0.7896177
car 399.33514 456.09125 142.69052 175.4652 0.9471546
--
car 213.15947 277.61377 104.38472 154.32713 0.765025
car 398.94427 454.89233 143.15816 175.7022 0.9451862
--
car 213.21605 283.77832 104.02096 156.33871 0.55515105
car 395.38318 458.56058 139.40535 177.32916 0.8901805
--
car 212.89441 283.24942 104.184746 156.53917 0.6069547
car 395.46732 458.434 139.40652 177.3578 0.8872939
--
car 392.62585 453.81384 140.44804 176.77582 0.87245893
--
car 392.27582 450.60757 142.69135 174.6629 0.91489446
--
car 392.26938 450.62607 142.73232 174.59874 0.9185858
--
car 391.00485 449.47736 142.63518 174.98247 0.9322038
--
car 390.13104 448.63196 142.17654 175.12184 0.94467545
--
car 390.13696 448.63406 142.27766 175.22403 0.94678634
--
car 389.705 447.6066 142.28055 175.93414 0.9529642
--
car 389.41257 445.9925 142.2638 175.98318 0.94905305
--
car 389.38248 446.01785 142.16948 176.00093 0.9516725
--
car 216.12216 282.3265 95.77497 148.4378 0.3550376
car 383.3457 449.54016 140.66864 175.3711 0.9161814
--
car 382.2617 449.14615 140.41762 175.32457 0.9350106
--
car 382.1502 449.03165 140.4399 175.29274 0.93836695
--
car 380.95395 447.59006 140.93275 174.80064 0.9200606
--
car 379.70126 446.81085 140.75212 174.57027 0.9275938
--
car 379.63812 446.77493 140.73958 174.51643 0.9307262
--
car 220.94565 283.55765 95.790794 147.18915 0.3316178
car 378.1067 444.1929 141.25937 174.36711 0.9405514
--
car 377.2294 442.46765 141.17715 174.7831 0.9420941
--
car 377.08682 442.32578 141.20369 174.772 0.9388281
--
car 224.41077 285.7289 95.40062 146.22693 0.60196084
car 381.64175 438.19003 142.9157 175.01787 0.94477427
--
car 226.14108 285.14926 94.610146 146.41452 0.51744556
car 377.03574 440.54105 141.39484 175.44792 0.94035727
--
car 225.9332 285.11377 94.48459 145.86182 0.5757577
car 376.89038 440.61884 141.39056 175.42336 0.9456388
--
car 190.67325 239.28789 50.311096 74.48149 0.45498225
car 226.55338 285.54752 93.762474 145.44426 0.72646403
car 376.10022 440.21783 140.56958 175.39748 0.9565812
--
car 191.82713 241.09193 48.402992 74.05134 0.8177474
car 226.99883 285.44644 94.19678 142.95943 0.9343837
car 375.5708 440.49765 140.94907 175.61026 0.9403767
--
car 191.7026 241.11812 48.457394 74.00844 0.78426087
car 227.45065 285.08173 94.02886 143.11717 0.9322042
car 375.46573 440.5386 140.84901 175.55844 0.93985486
--
car 194.05333 242.60147 45.74138 71.55235 0.7908312
car 227.77405 284.90637 93.9966 141.90363 0.90859497
car 375.64807 439.78958 140.49782 175.55327 0.9450264
--
car 228.44775 284.88162 94.45825 141.16205 0.8382697
car 197.46193 241.45255 45.465504 71.90174 0.90261996
car 373.29666 436.1862 140.35498 174.5037 0.93875873
--
car 228.63365 284.6858 94.21128 140.91077 0.8684107
car 197.71713 241.13571 45.4214 71.86979 0.9257507
car 373.3668 436.1252 140.35788 174.5307 0.94121826
--
car 232.24329 287.00653 96.06833 144.39644 0.8606019
car 375.14243 432.12628 141.1119 174.16678 0.95446426
car 199.9573 246.60344 44.920696 70.57544 0.9668657
--
car 232.29855 287.89258 95.27634 143.8675 0.85938114
car 371.9745 435.299 140.03552 174.45164 0.9650956
car 203.28336 248.61076 44.35847 70.079994 0.9855836
--
car 232.21532 287.85785 94.8801 143.83089 0.8591418
car 371.92044 435.42612 140.12514 174.35927 0.9624251
car 203.29767 248.77582 44.352303 70.10569 0.9860816
--
car 233.6823 287.3673 93.817726 138.85841 0.94074816
car 371.44467 434.60385 139.77905 175.18977 0.97827965
car 206.59503 248.8353 43.901836 69.558624 0.98115736
--
car 233.438 288.81235 93.34538 140.18994 0.91826695
car 208.47447 249.70963 44.061104 68.14482 0.96003383
car 370.6315 434.13586 139.12347 175.58705 0.98463005
--
car 233.44357 288.9691 93.50572 140.55714 0.9188576
car 208.35645 249.79431 44.039696 68.1552 0.96080184
car 370.52533 434.19357 139.02266 175.63487 0.98511505
--
car 235.00172 289.5373 91.60076 140.56488 0.9637103
car 211.83813 253.65117 43.584187 68.357605 0.9704281
car 370.08145 433.09232 138.49594 175.43036 0.9879467
--
car 214.91582 255.52676 43.20809 67.60326 0.97638905
car 236.52795 292.1817 92.46901 139.14612 0.9786495
car 368.59778 431.90524 138.11063 175.20311 0.9897587
--
car 214.80751 255.78807 43.22081 67.49383 0.9765139
car 236.57521 292.22995 92.39373 138.91093 0.9803674
car 368.39685 431.99738 137.9355 175.20236 0.9888675
--
car 220.67125 262.0379 44.10572 67.670235 0.9534608
car 238.28 293.18283 91.74628 136.48297 0.97315466
car 367.08728 431.46738 137.81985 174.93118 0.9901357
--
car 239.47116 292.83423 90.56463 134.61874 0.98233765
car 365.96033 431.23413 138.27785 174.92212 0.9883199
car 219.54282 265.10654 43.206856 67.72857 0.9886423
--
car 239.6209 288.40833 93.76306 131.7505 0.98462576
car 219.86255 264.90604 43.129192 67.67915 0.9888022
car 365.919 431.22647 138.38812 174.91086 0.9888609
--
car 220.26268 265.959 42.9353 67.68202 0.98179454
car 364.81253 431.10907 138.4473 174.79901 0.9866811
car 241.0383 288.40167 94.32891 131.02332 0.9896649
--
car 242.39835 288.2037 93.88594 130.71648 0.97873324
car 219.93697 268.7777 42.806313 67.45269 0.978756
car 364.4998 430.98328 139.59024 174.87692 0.98683894
--
car 219.96574 268.70572 42.683426 67.4918 0.9770519
car 242.54187 288.0345 93.93404 131.01213 0.9811895
car 364.5356 430.96414 139.52681 174.93169 0.98662895
--
car 220.33736 268.17383 42.32103 67.5407 0.95281315
car 243.48466 287.63855 92.88533 130.72073 0.97933733
car 363.03586 430.39185 139.28458 173.96233 0.98700887
--
car 220.8144 266.86905 42.310875 67.36012 0.93085593
car 243.87291 287.62784 93.14309 130.72377 0.98421925
car 362.16837 429.5114 137.94255 173.49985 0.9846229
--
car 220.49744 267.11694 42.229713 67.372475 0.9299764
car 244.019 287.4984 92.85534 130.6082 0.9838212
car 362.32703 429.40732 138.00546 173.66034 0.98507017
--
car 220.6313 266.30804 42.149536 67.8745 0.9254915
car 244.47464 287.57092 90.97775 130.1043 0.97191375
car 362.17322 428.5115 137.40216 173.46457 0.98242515
--
car 220.30943 266.34726 42.29106 68.56828 0.9489487
car 244.5159 299.10495 90.84082 134.81085 0.96099937
car 362.05362 427.82532 137.93597 173.36652 0.9783639
--
car 220.31194 266.63657 42.283516 68.669304 0.95827013
car 244.3475 299.34515 90.91889 134.656 0.9599666
car 362.20248 427.8428 137.99863 173.42683 0.9773626
--
car 246.08038 299.64062 90.54703 135.1731 0.9414961
car 219.53365 266.08582 42.659744 68.653366 0.97250926
car 361.36673 426.86545 138.18065 173.29828 0.97460407
--
car 246.32506 294.87817 91.80075 126.71798 0.9343774
car 360.82117 426.17413 138.22086 173.10031 0.97357136
car 218.72787 266.03287 43.137054 68.23907 0.98181397
--
car 246.68802 294.04813 91.6531 126.62436 0.9364115
car 360.88022 426.2123 138.3074 173.03532 0.97318
car 218.87529 265.92383 43.12167 68.30203 0.97991276
--
car 247.0087 294.234 91.47738 126.28366 0.93849903
car 219.19221 265.04257 43.226265 68.72341 0.9522553
car 360.07736 425.22693 138.32858 173.36205 0.9752813
--
car 246.9378 301.71472 89.66298 133.63821 0.9245465
car 218.3977 264.91794 43.327717 69.21715 0.97275853
car 359.48834 425.13538 138.4945 173.41658 0.97632146
--
car 247.03093 301.8795 89.83827 133.7859 0.9185621
car 218.53217 264.79617 43.21307 69.10011 0.9723338
car 359.35156 425.1844 138.4414 173.34595 0.9762893
--
car 246.05327 302.5 89.77522 131.82549 0.96057653
car 219.14967 263.6972 43.80458 68.96587 0.9626396
car 359.16144 423.51648 137.83122 172.97586 0.97535205
--
car 249.28662 296.46832 91.27872 125.556465 0.95554376
car 219.47253 263.4826 43.745647 68.74403 0.96176016
car 358.94598 422.93768 137.77927 173.04903 0.97720957
--
car 249.30582 296.3303 91.19391 125.556885 0.95813596
car 219.46324 263.44745 43.703476 68.75434 0.9582899
car 358.8791 423.1455 137.69954 173.03278 0.9771375
--
car 249.7603 296.1321 90.48828 125.76555 0.91939944
car 218.35806 264.81564 43.468346 68.91646 0.9548291
car 358.31076 422.56357 137.30069 173.27426 0.96770734
--
car 251.30794 295.85382 89.78625 126.00356 0.92334735
car 217.96596 257.47385 43.63122 68.0201 0.94539326
car 357.65784 422.7991 137.33922 173.36908 0.9791843
--
car 251.76341 295.3827 89.58103 126.13578 0.9317328
car 218.26479 257.6007 43.49775 68.02793 0.9382663
car 357.65115 422.7957 137.3025 173.36731 0.9773626
--
car 251.76721 296.78433 89.37935 126.478615 0.8282994
car 218.16762 257.2657 43.389034 68.02464 0.9378708
car 357.37482 422.33273 136.47787 173.28539 0.97961414
--
car 252.71416 296.80722 88.51034 126.7265 0.79741365
car 218.06027 257.21967 43.473465 68.14748 0.9493125
car 357.67365 422.21112 136.92595 173.459 0.9751189
--
car 252.59236 296.90405 88.41333 126.6982 0.78322136
car 218.18803 257.27017 43.44768 68.11375 0.9503708
car 357.58395 422.34167 136.90694 173.45364 0.9725896
--
car 255.29955 304.4616 87.26163 135.27504 0.70887387
car 217.93561 256.84753 43.65284 68.252266 0.91979074
car 357.11255 422.11606 137.25182 173.19115 0.97547114
--
car 254.83958 296.45413 85.874695 123.52882 0.759289
car 218.00581 256.5603 43.449158 68.276855 0.8586211
car 357.00662 422.02417 137.50146 173.08101 0.9690997
--
car 254.87494 296.44882 85.723495 123.65665 0.8526088
car 217.8735 256.0471 43.53196 68.242165 0.8960389
car 356.94394 422.0227 137.64172 173.10793 0.97140723
--
car 256.45508 300.4523 86.84381 121.54958 0.78507185
car 217.32149 255.74681 43.575268 68.09169 0.94899875
car 357.21988 421.56424 137.54889 172.91333 0.9731594
--
car 256.56644 300.4088 86.32272 121.48037 0.77857465
car 217.51193 255.34055 43.810715 67.96525 0.94054204
car 356.89294 421.64737 138.26515 173.15234 0.96804637
--
car 256.2173 300.74417 86.309586 121.67979 0.71557015
car 217.49445 255.5147 43.813618 67.97856 0.94089407
car 356.82986 421.6876 138.18274 173.13594 0.96876
--
car 258.02957 299.27774 84.861465 120.63205 0.76520926
car 217.51274 255.40656 43.84737 68.22185 0.9165663
car 356.8137 421.25644 137.80316 173.12476 0.96427524
--
car 258.51282 299.0288 83.29131 120.310646 0.45993966
car 217.69922 255.08643 43.832138 67.897125 0.88779706
car 356.94174 421.10355 137.75542 173.27533 0.96345484
--
car 258.63605 299.08554 83.38356 120.2573 0.38186917
car 217.70882 255.10611 43.738014 67.845825 0.885441
car 356.83795 421.29987 137.82204 173.26244 0.96641845
--
car 259.927 298.5947 83.0171 119.82484 0.7394382
car 217.85608 254.89386 43.922752 67.57484 0.8884964
car 357.05444 421.23987 138.23398 173.41782 0.96950954
--
car 260.42032 298.694 81.624794 119.81576 0.6422301
car 218.04346 254.85577 44.291515 67.67814 0.88647634
car 356.4961 421.48853 138.32773 173.30595 0.9713617
--
car 259.96545 299.7883 73.48312 119.93993 0.6379263
car 218.05264 254.90819 44.329426 67.73192 0.8786118
car 356.46838 421.42184 138.41647 173.37886 0.9711493
--
car 261.28244 298.4363 81.16348 119.46682 0.4873295
car 218.29546 254.7177 44.518635 67.089264 0.81995666
car 356.5061 421.35925 138.42815 173.41165 0.9711204
--
car 261.8464 298.33862 80.763016 119.130486 0.553239
car 218.21011 254.60298 44.226868 67.04665 0.8263474
car 356.77386 420.91022 138.5876 173.51862 0.9710366
--
car 261.71353 298.257 80.80418 119.256584 0.5209079
car 218.21683 254.87189 44.09336 67.20057 0.8161185
car 356.6965 421.09564 138.62051 173.48256 0.97099715
--
car 262.1669 298.7266 81.683685 118.70114 0.7693529
car 218.15999 255.95146 43.565845 68.16008 0.83156985
car 356.56387 421.12036 138.59088 173.45314 0.96975017
--
car 262.30524 299.4947 80.83732 118.90434 0.6960606
car 218.36949 256.1221 43.362244 68.290245 0.8147274
car 356.58173 421.08618 138.62515 173.451 0.9652229
--
car 262.3164 299.5137 80.97977 118.81113 0.68747514
car 218.48816 255.98991 43.372185 68.617256 0.8061104
car 356.60553 421.06955 138.60117 173.45634 0.9654673
--
car 262.73547 298.44138 80.50009 118.73839 0.7283095
car 218.5912 256.08636 43.653885 68.47443 0.8373195
car 356.53146 421.1414 138.61534 173.49873 0.96761316
--
car 218.42593 255.86462 43.63021 68.14589 0.7791199
car 263.3805 299.5864 81.61732 118.629745 0.77964216
car 356.4783 421.16168 138.56313 173.48383 0.96525526
--
car 263.35764 299.36276 81.444115 118.810104 0.70878357
car 218.4335 255.83783 43.61927 68.08626 0.74147105
car 356.53506 421.1185 138.63979 173.51999 0.96507764
--
car 218.5271 256.26758 43.82589 68.2649 0.6660075
car 263.55084 300.76617 82.1943 118.48866 0.8083178
car 356.4888 421.1959 138.58978 173.50793 0.9608823
--
car 218.37154 255.66225 43.82572 67.93204 0.74131936
car 263.57172 300.47348 82.84891 118.22214 0.868977
car 356.5536 421.14877 138.46043 173.49985 0.9621956
--
car 218.44495 255.5522 43.759216 67.806625 0.7296092
car 263.5121 300.15018 83.05999 118.035866 0.84427845
car 356.55505 421.18417 138.41576 173.50632 0.9615771
--
car 218.58276 255.89774 43.73492 67.88746 0.69955873
car 263.18402 298.63953 83.030014 117.662285 0.805645
car 356.39755 421.32095 138.32434 173.41422 0.96170807
--
car 218.3636 256.24805 43.818768 68.001015 0.6444744
car 263.31064 299.14987 83.41166 117.90324 0.7318915
car 356.59622 421.26797 138.41257 173.46208 0.961331
--
car 218.32799 256.18668 43.70941 67.95396 0.6430152
car 263.2647 298.81573 83.38529 117.78175 0.69813925
car 356.6284 421.30914 138.37482 173.56178 0.9593854
--
car 263.21957 297.2959 83.04364 117.2232 0.55263263
car 218.73666 255.85124 43.901188 68.7131 0.7490599
car 356.96365 421.11426 138.43752 173.31482 0.96201175
--
car 263.40247 298.12073 82.77633 117.37642 0.6710751
car 218.8015 255.69472 43.840324 68.17995 0.7173811
car 356.7195 421.3921 138.2044 173.19203 0.9656183
--
car 263.4016 297.83374 82.8134 117.55023 0.62277335
car 218.77112 255.7939 43.709995 68.408676 0.7043431
car 356.83844 421.3637 138.24895 173.14108 0.96572834
--
car 263.80853 298.7069 82.77216 117.71397 0.5182765
car 218.61188 256.1604 43.64215 69.15236 0.6440555
car 356.7657 421.52142 138.08438 173.0517 0.96604156
--
car 263.61203 297.2395 81.83457 117.29537 0.47274446
car 218.57623 255.83614 43.800247 69.47188 0.6993042
car 356.7538 421.55887 138.11139 172.92665 0.9705226
--
car 263.67166 296.97473 82.00561 117.26115 0.46706724
car 218.60745 255.908 43.801918 69.54587 0.72508246
car 356.6685 421.66245 138.2071 172.9414 0.9722136
--
car 263.67706 297.6954 81.359505 117.33963 0.5201613
car 218.5272 255.99458 43.824215 69.8216 0.7559572
car 356.63425 421.5624 138.19402 172.77284 0.9738963
--
car 263.52896 297.6657 81.1985 117.38702 0.5135141
car 218.4177 264.72827 43.07042 72.55994 0.7300652
car 356.6057 421.59607 138.28885 172.83022 0.9719432
--
car 263.5296 297.57623 81.76438 117.16467 0.5801353
car 218.50421 255.76418 43.94833 69.594925 0.68350214
car 356.59744 421.61374 138.30104 172.82394 0.9717207
--
car 263.76593 296.78757 82.43366 117.348305 0.41069654
car 218.49586 256.13824 43.789974 69.86228 0.62097585
car 356.6692 421.61853 138.12108 172.92535 0.9721617
--
car 263.92038 296.97922 82.41677 117.357414 0.41925335
car 218.65002 256.38034 43.64544 70.1809 0.65470743
car 356.61453 421.71252 138.20851 173.01631 0.97209454
--
car 263.98047 297.09668 82.57112 117.27721 0.36151224
car 218.7702 256.06058 43.632286 69.8264 0.62971246
car 356.58978 421.7425 138.17427 173.00574 0.9713698
--
car 217.88177 265.38058 42.08738 73.44487 0.40228978
car 264.29044 299.38333 82.9923 117.49329 0.57488257
car 356.81958 421.26447 137.82506 172.93704 0.9665895
--
car 217.27765 266.31253 42.54556 72.83926 0.46591994
car 264.45035 299.78235 81.92669 117.50701 0.46735618
car 356.75906 421.46423 137.74135 172.86296 0.967503
--
car 264.5125 299.31525 82.54723 117.14014 0.39230025
car 216.9968 266.4772 42.513718 72.787796 0.4946458
car 356.82288 421.3955 137.75383 172.7355 0.96870756
--
car 264.44476 299.68494 81.735504 117.574 0.5933205
car 217.1799 266.0023 42.364285 72.64047 0.6461366
car 356.7227 421.44464 137.71178 172.70361 0.97160375
--
car 264.7388 300.0055 81.16935 117.61263 0.47167012
car 217.04721 266.24875 42.301163 72.28072 0.6335019
car 356.63513 421.49863 137.77681 172.73424 0.9706049
--
car 264.81564 299.89133 81.31725 117.59803 0.42546976
car 217.08823 266.24792 42.34437 72.315 0.64338624
car 356.6367 421.47302 137.82285 172.71796 0.97027194
--
car 265.01254 300.30597 81.573715 117.37537 0.48255637
car 217.34517 265.9298 42.674046 71.83864 0.6885947
car 356.624 421.50995 137.74744 172.74628 0.97232944
--
car 265.08435 299.9069 80.8467 117.2649 0.6559008
car 218.40756 256.2572 43.599117 69.49096 0.7813839
car 356.62564 421.45758 137.78 172.71333 0.9764827
--
car 265.09692 299.70346 80.97253 117.19761 0.6170065
car 218.46265 256.80792 43.582443 69.02459 0.7032491
car 356.59015 421.48566 137.78532 172.6931 0.97479576
--
car 265.6266 299.34796 81.2921 116.88656 0.4627783
car 217.3885 265.80023 43.01146 71.38885 0.7032204
car 356.58057 421.47314 137.70511 172.66313 0.9734133
--
car 266.46323 300.26364 81.99057 116.46833 0.5171538
car 217.42108 265.8147 43.192287 71.51436 0.61575234
car 356.6268 421.42245 137.6316 172.67645 0.97014534
--
car 266.98007 299.68433 82.32436 116.51537 0.36471626
car 218.21548 257.04486 43.674843 68.9838 0.4233569
car 356.59662 421.49084 137.61377 172.62227 0.96766603
--
car 267.01724 300.38855 80.60955 117.26595 0.35935703
car 217.93292 264.51422 43.390507 71.371 0.75219566
car 356.0162 422.19202 137.6866 172.95464 0.9734032
--
car 218.04323 264.44775 43.44073 71.25807 0.69648916
car 356.02307 422.16208 137.5733 172.86452 0.9721744
--
car 267.60474 300.25845 79.86435 117.72334 0.31336844
car 218.08124 264.3236 43.460022 71.332 0.7053064
car 355.9775 422.21198 137.68422 172.95197 0.97234696
--
car 218.01575 264.42496 43.37439 71.44547 0.7481636
car 355.97278 422.21387 137.69678 172.94109 0.97253287
--
car 218.01086 264.51672 43.370415 71.45495 0.6985758
car 355.91663 422.26514 137.69394 172.89879 0.97440845
--
car 217.89243 264.68695 43.459957 71.2037 0.6289431
car 355.88882 422.2964 137.77296 172.90459 0.9735456
--
car 217.89862 264.672 43.602463 71.00646 0.6811005
car 355.87744 422.286 137.7975 172.94296 0.97417843
--
car 218.35997 257.59946 43.995476 69.16125 0.6594262
car 355.96362 422.20322 137.7639 172.98598 0.97299
--
car 268.38654 300.22498 78.06164 112.804955 0.39975286
car 218.14145 264.4916 43.695038 71.08002 0.6440546
car 355.96344 422.24127 137.85284 172.94318 0.9744633
--
car 268.34137 299.9971 78.03566 112.82072 0.38995862
car 218.0155 264.69293 43.755054 71.14426 0.6658519
car 355.95853 422.2256 137.8889 172.94406 0.9742573
--
car 268.33585 300.24622 78.097084 112.35396 0.32479233
car 217.86804 264.82178 43.68309 71.08155 0.6975625
car 355.91666 422.2627 137.80258 172.92285 0.97398114
--
car 268.51532 299.823 77.710266 112.48865 0.38106975
car 218.1337 264.4696 43.84426 70.83793 0.8342133
car 355.90164 422.2633 137.88602 172.93433 0.97585267
--
car 269.3597 305.93594 77.72289 112.363365 0.66007185
car 218.18642 264.78784 43.9781 70.554146 0.8550009
car 355.7122 422.4948 137.81499 172.84056 0.97164243
--
car 269.4674 306.06378 77.45411 112.66688 0.546377
car 218.3948 264.57346 44.000313 70.51078 0.8738558
car 355.77255 422.42426 137.77055 172.67488 0.97402084
--
car 269.3974 306.152 77.40798 112.67375 0.4972632
car 218.52441 264.66214 44.19541 69.83834 0.8510973
car 355.7209 422.52045 137.7477 172.6841 0.97306085
--
car 269.14346 306.59467 77.3443 112.474174 0.4321974
car 218.51546 264.65952 44.094563 69.805916 0.8355929
car 355.6579 422.56604 137.76556 172.68323 0.9730761
--
car 269.2959 306.61227 77.08596 112.71762 0.40535444
car 218.66373 264.67322 44.12343 69.771835 0.8407221
car 355.74127 422.47064 137.76805 172.65077 0.97425866
--
car 269.28812 306.92523 77.44312 111.98465 0.3036377
car 218.69289 264.50043 44.039406 69.74187 0.81263095
car 355.786 422.40778 137.72058 172.69197 0.97087985
--
car 269.4706 306.55136 77.48757 111.85553 0.38069856
car 218.64323 264.48837 43.986897 69.666 0.7998613
car 355.7841 422.4078 137.77162 172.6887 0.9722422
--
car 270.05786 305.77573 77.563194 112.16586 0.31356993
car 218.22168 264.8257 43.37876 70.02349 0.8771549
car 355.86514 422.32703 137.65619 172.61862 0.97284424
--
car 218.18219 264.81528 43.368454 70.103 0.8819952
car 355.91074 422.27124 137.5444 172.71645 0.97351754
--
car 217.85628 265.38565 43.273975 70.09227 0.8750948
car 355.93774 422.24945 137.55501 172.66566 0.9710697
--
car 217.6759 265.59805 43.230114 70.329926 0.8889783
car 355.97516 422.15503 137.59027 172.60654 0.9714756
--
car 217.65182 265.4671 43.32429 70.52556 0.9246466
car 355.84344 422.2578 137.63948 172.67877 0.97147983
--
car 217.82878 265.25186 43.3572 70.95378 0.83272016
car 355.88733 422.11584 136.67873 172.63498 0.9704147
--
car 218.09106 265.03976 43.468792 70.815094 0.8515337
car 355.88342 422.21286 136.75096 172.63545 0.97259945
--
car 218.14331 264.99185 43.535725 70.76199 0.8391642
car 355.92905 422.0541 136.74303 172.80016 0.97168523
--
car 218.18994 264.9188 43.6577 70.67838 0.8435715
car 355.89404 422.0995 136.70609 172.76505 0.97064614
--
car 218.18198 265.0259 43.679405 70.59182 0.82330644
car 355.6651 422.4837 136.7818 172.69025 0.97089046
--
car 270.07086 307.062 77.532005 111.89089 0.30559236
car 317.43564 441.21793 288.41437 357.08304 0.31886727
car 218.15956 265.0193 43.69143 70.67014 0.8234735
car 355.8758 422.34888 136.96713 172.62039 0.9732044
--
car 317.90393 440.886 288.5534 357.31326 0.3064307
car 218.05493 265.10034 43.643322 70.76042 0.8132127
car 355.8771 422.37598 137.03093 172.57002 0.97252506
--
car 318.26215 440.84192 285.14584 357.77747 0.37547824
car 217.91943 265.16705 43.562016 70.99526 0.8236514
car 356.30127 422.30432 136.78316 172.95282 0.9765367
--
car 317.1507 438.83356 281.4108 357.85928 0.46633473
car 217.43623 265.804 43.50732 71.1524 0.8464926
car 356.4606 422.1066 136.69202 173.03925 0.97518903
--
car 317.3077 438.1097 281.26385 357.875 0.5199052
car 217.55984 265.69537 43.55198 71.06868 0.84740126
car 356.44855 422.19067 137.05748 173.06107 0.9777733
--
car 316.87967 433.62857 276.75195 358.94986 0.5426783
car 217.78171 265.33643 43.576164 71.046104 0.8945243
car 356.3678 422.28537 137.04926 172.80933 0.9783368
--
car 311.6997 420.6459 273.00632 359.97656 0.56320643
car 217.65993 265.44302 43.51501 71.1885 0.89137673
car 356.35065 422.32745 136.8689 172.8008 0.9810916
--
car 311.57684 421.01663 272.299 359.73474 0.53398186
car 217.57741 265.595 43.691654 70.83617 0.90496737
car 356.21082 422.60492 137.13007 172.56018 0.9821612
--
car 311.35574 420.81653 269.42648 360.20367 0.41851223
car 217.48727 265.7183 43.650772 70.991196 0.9168773
car 356.44913 422.37036 136.85826 172.57896 0.98429877
--
car 311.02066 420.11954 265.35266 360.79663 0.4353837
car 217.50516 265.75116 43.60748 70.95109 0.9248622
car 356.24564 422.59177 136.96034 172.75146 0.9840964
--
car 310.97043 420.06042 265.3093 360.6169 0.41091162
car 217.51071 265.73477 43.636547 70.98255 0.91321313
car 356.2835 422.51465 136.92618 172.71048 0.9834279
--
car 217.65216 265.58655 43.809887 70.977135 0.8928817
car 356.4633 422.41998 136.99194 172.51996 0.9834598
--
car 217.4256 265.65915 43.829685 70.90436 0.8725973
car 356.7483 422.6588 136.87788 172.44269 0.9853171
--
car 217.44952 265.6596 43.74374 70.88189 0.8827494
car 356.7223 422.64496 136.7663 172.53366 0.98529786
--
car 217.54126 265.71506 43.97355 70.705734 0.84801096
car 356.6941 422.73645 136.87907 172.52226 0.98493797
--
car 217.61009 265.39972 43.79307 70.793335 0.88339454
car 356.76636 423.20776 137.29803 172.60138 0.9795657
--
car 217.58676 265.44553 43.75371 70.81429 0.8903926
car 356.64484 423.2797 137.10762 172.55551 0.9812138
--
car 217.82599 265.05896 43.57046 70.74121 0.89883435
car 357.55655 423.8235 137.91856 172.61453 0.9827123
--
car 217.88777 265.0994 43.447678 70.798454 0.9173699
car 363.61218 420.18857 142.68828 172.99414 0.9776156
--
car 217.81932 265.08203 43.540432 70.524124 0.9188785
car 363.6555 420.11533 142.6503 172.93134 0.9749082
--
car 217.74629 265.0747 43.579895 70.453636 0.92417675
car 363.65985 420.78354 142.55821 172.90698 0.97427136
--
car 217.69574 265.0911 43.586575 70.39551 0.91328293
car 363.23398 421.77658 142.73383 172.9717 0.9766542
--
car 217.8181 264.8929 43.712097 70.34255 0.91868234
car 363.53683 421.61066 142.71648 172.97668 0.9753991
--
car 217.79985 264.83163 43.769424 70.251526 0.91652906
car 363.73306 421.73865 142.28055 173.08188 0.9719727
--
car 289.54315 401.92908 234.90533 355.10388 0.3935748
car 217.79199 264.8952 43.79152 70.19708 0.9173062
car 363.7197 421.84225 142.71553 173.16016 0.97814494
--
car 289.48965 401.6732 234.56725 355.42142 0.41164547
car 217.76976 264.91696 43.759995 70.17818 0.91640747
car 363.57864 421.931 142.69818 173.21341 0.97876054
--
car 289.60614 394.5992 231.045 355.40237 0.5567892
car 217.80287 264.87265 43.785786 70.10139 0.9129237
car 363.96313 421.68988 142.59236 173.10164 0.9812582
--
car 288.56558 393.01276 226.8175 354.33997 0.43000326
car 217.62929 265.0671 43.880363 70.212746 0.906849
car 364.12244 421.87827 142.63097 173.18979 0.9806845
--
car 288.5774 392.2291 227.15688 354.2835 0.4541032
car 217.7519 264.85773 43.8657 70.32073 0.8891981
car 364.1106 421.86963 142.62682 173.1688 0.98041874
--
car 286.9984 388.82596 225.3671 352.05658 0.4375023
car 217.77156 264.84048 43.81725 70.249245 0.8932908
car 364.28677 422.00015 142.7544 173.25058 0.9757186
--
car 288.37097 385.11566 224.79439 347.7981 0.7624223
car 217.68512 264.93732 43.816086 70.34133 0.922235
car 364.02597 422.6128 142.54364 173.25482 0.97501594
--
car 270.44757 307.178 77.568016 111.86416 0.3357549
car -0.31012416 64.83807 139.80841 200.91586 0.44623172
car 286.87964 384.88815 226.01202 347.0206 0.6341527
car 217.33069 265.37915 43.61182 70.64539 0.9520993
car 359.3943 426.20712 138.25986 172.90437 0.97727346
--
car 270.5134 307.15167 77.59366 111.82983 0.3259632
car 0.09119868 65.075714 140.52151 200.2964 0.3721643
car 277.0548 382.0603 228.1225 342.0097 0.80740875
car 217.24533 265.54102 43.616177 70.68146 0.9493909
car 359.47073 426.26144 138.54333 172.93011 0.97759676
--
car 279.38684 380.30737 224.81335 338.80176 0.8335846
car 217.3029 265.58685 43.63955 70.58861 0.9374572
car 359.427 426.40222 138.62463 172.76134 0.9789491
--
car 279.1578 380.6423 224.17778 338.76166 0.82613736
car 217.3193 265.56903 43.705074 70.56312 0.9414959
car 359.3495 426.51694 138.54019 172.64682 0.97859466
--
car 278.9474 379.631 208.89171 347.4052 0.65960336
car 217.32103 265.53363 43.74798 70.61772 0.93233156
car 359.42953 426.63806 138.59195 172.76556 0.9776755
--
car -0.57835937 67.10269 141.04738 201.81577 0.30370554
car 270.34616 307.5133 77.511375 111.733765 0.3163816
car 279.03354 377.20483 207.76869 345.0678 0.6647479
car 217.2106 265.65997 43.681316 70.58116 0.93758917
car 359.56073 426.56598 138.48088 172.7592 0.97707564
--
car 270.34628 307.35257 77.47522 111.774216 0.3387016
car 279.20145 376.99008 207.75388 345.05997 0.69206256
car 217.434 265.3871 43.74085 70.41154 0.9290467
car 359.55237 426.4756 138.5417 172.86824 0.977017
--
car 270.36868 307.08606 77.511696 111.747154 0.3336389
car 275.9244 375.3852 208.94252 340.80792 0.90176284
car 217.40851 265.51007 43.835743 70.48776 0.9314346
car 364.7645 422.65866 142.75668 173.31143 0.9794212
--
car 270.2997 307.1415 77.652374 111.66317 0.3886091
car 278.45233 372.64755 209.83849 325.2683 0.6608901
car 217.32892 265.63348 43.7532 70.52021 0.9346269
car 364.74216 422.7381 142.77548 173.40129 0.9776372
--
car 270.3285 307.2092 77.738754 111.54053 0.3379482
car 278.42676 372.42065 209.81268 325.259 0.657392
car 217.43137 265.45758 43.75312 70.37714 0.92587185
car 359.49338 426.50455 138.73355 172.85858 0.97722477
--
car 270.3575 307.63196 77.78927 111.615204 0.33018667
car -0.84335804 68.387314 140.69803 201.70491 0.49132752
car 277.56445 369.75922 209.66766 321.22647 0.70343095
car 217.66588 265.2488 43.918667 70.27185 0.89414245
car 359.27353 426.44537 138.87473 172.97699 0.97709817
--
truck 277.76416 368.50745 208.09084 318.6579 0.3764286
car 270.37125 307.61334 77.73011 111.663605 0.34870702
car -0.98888755 68.87475 140.67067 201.62997 0.49748132
car 217.68947 265.16565 43.92517 70.08605 0.895883
car 364.541 422.69418 142.74452 173.2182 0.9785378
--
bus 273.45786 367.7974 201.03972 327.43164 0.5313328
car -0.88541865 67.9259 141.22432 200.43352 0.7920903
car 217.4333 265.31235 44.2249 70.079124 0.9372176
car 364.5236 422.37817 142.79568 173.57431 0.97749937
--
bus 271.1304 368.09302 198.16852 322.746 0.5845992
car -0.9791136 68.47795 141.90735 200.77414 0.7163215
car 217.44174 265.34335 44.24031 69.98602 0.93169504
car 364.5474 422.1763 142.67041 173.49998 0.9767183
--
car 274.79932 366.3387 204.62459 311.70587 0.6394277
car -1.0087681 68.94003 142.40288 200.19879 0.6871103
car 217.5303 265.13007 44.199013 70.011055 0.9299379
car 364.36783 422.17676 142.65936 173.50974 0.9788578
--
car 274.28662 366.1532 204.4608 311.011 0.5783677
car -0.986048 68.81859 142.4211 200.242 0.6401067
car 217.46944 265.11646 44.160328 70.02902 0.93097895
car 364.1631 422.2463 142.63783 173.52592 0.9770741
--
car 273.33127 363.3479 202.16977 306.72485 0.6272071
car -1.2941122 69.094734 142.5277 200.24574 0.7386455
car 217.57506 264.99185 44.178074 70.03015 0.92639345
car 358.7483 425.881 138.8224 173.33675 0.9770751
--
car 271.31326 362.80243 201.02577 303.38995 0.6561137
car -1.3495338 69.48538 142.4985 200.62614 0.718772
car 217.6608 265.01364 44.237278 69.93713 0.9184919
car 358.5834 425.17667 138.64267 173.31163 0.9734426
--
car -1.4410579 69.46089 142.45049 200.7179 0.6521911
car 270.99368 362.77365 200.99815 303.6652 0.6968591
car 217.72185 264.97348 44.2315 69.990166 0.9179281
car 358.59192 425.06876 138.58688 173.33563 0.9749449
--
car -1.7398489 69.68894 142.60236 201.24228 0.71501535
car 269.07245 360.6914 201.26318 299.4074 0.77637124
car 217.98035 264.60455 44.265205 69.95027 0.9241835
car 358.30054 425.11188 138.62717 173.32687 0.9721705
--
car 268.3543 357.14038 199.77649 296.31506 0.7087732
car -1.8005383 69.66645 142.10138 200.97835 0.83728695
car 217.9384 264.65662 44.227123 70.04018 0.93285704
car 358.42856 424.68893 138.8092 173.29698 0.9693775
--
car 268.51965 357.15546 199.49185 296.13998 0.6745141
car -1.8245959 69.71892 141.80792 201.13243 0.8129866
car 217.86525 264.79492 44.27008 70.04647 0.92720497
car 358.3279 424.74362 138.70198 173.26524 0.9674982
--
car -2.026137 70.14503 141.87866 200.78886 0.7353884
car 267.03705 351.88315 187.54465 300.11005 0.81886256
car 218.04622 264.69427 44.302517 70.03816 0.93335795
car 358.38803 424.02585 138.64351 173.20468 0.96904594
--
car -2.0786798 69.8343 141.47458 200.9362 0.73574615
car 265.85873 350.43497 185.99289 297.08264 0.8757249
car 218.12248 264.61404 44.30968 69.956055 0.9244856
car 358.26202 423.48608 138.51485 173.35104 0.971685
--
car -1.2578738 69.59618 140.33032 200.61319 0.7116553
car 266.04187 350.22952 185.79614 297.5681 0.75427943
car 217.98709 264.76 44.272892 70.259224 0.9138634
car 363.63196 420.88812 142.65259 173.55196 0.97545135
--
car -1.29089 69.57713 140.41982 201.15169 0.70899785
car 218.01282 264.75366 44.277214 70.27794 0.9250735
car 262.90277 348.8651 183.60448 294.6921 0.97299516
car 362.8393 421.21497 142.83981 173.72124 0.9771622
--
car 269.76495 307.6468 77.76652 111.82914 0.31388816
car -1.2502062 69.66504 140.61021 200.99925 0.8221335
car 262.86557 345.36542 183.0863 292.2055 0.87756395
car 218.0503 264.8972 44.289734 70.32563 0.9287132
car 362.82562 420.39188 142.98512 173.82147 0.9739023
--
car 269.75967 307.64734 77.78401 111.80095 0.31149065
car -1.1938083 69.6045 140.83505 201.13963 0.83100843
car 262.90204 345.2882 183.04875 292.25378 0.88823
car 218.08356 264.784 44.28842 70.30893 0.91576815
car 362.95557 420.14554 142.94136 173.83426 0.97465676
--
car 269.78568 307.59204 77.717514 111.85764 0.30398792
car 261.79434 343.8511 183.3601 290.09357 0.7141006
car -1.30777 70.07891 140.76347 200.87845 0.84016734
car 218.04675 264.6611 44.257656 70.196556 0.9252352
car 358.3167 421.75705 138.2008 173.43452 0.9712632
--
car -1.7296886 70.64308 140.5686 201.17537 0.7904653
car 258.98862 344.0735 184.3599 289.0989 0.8121455
car 218.11171 264.47992 44.322987 70.20279 0.9217245
car 357.92853 421.527 137.8966 173.4776 0.96940494
--
car 259.06805 344.0802 184.43573 289.04874 0.8089142
car -1.6629303 70.54663 140.74481 201.17413 0.81342125
car 218.0956 264.4617 44.327507 70.19401 0.92621565
car 357.85983 421.62073 137.90604 173.48116 0.97060835
--
car 257.80133 345.34378 175.0444 283.32623 0.7325602
car -1.5223968 70.25873 140.4324 201.15279 0.82807386
car 218.1144 264.4353 44.40142 70.174385 0.92383254
car 357.3402 421.83398 137.10495 173.31337 0.9782387
--
car 258.5269 343.98938 180.66548 275.29037 0.53387165
car -1.4441156 70.2362 140.09918 202.02057 0.77897763
car 218.1667 264.4698 44.38226 70.19354 0.9252508
car 357.24768 421.66983 137.08676 173.49747 0.97768986
--
car 258.88312 343.49948 180.69347 275.07452 0.53163344
car -1.4669573 70.14893 140.04073 202.03494 0.77160674
car 218.19337 264.43735 44.362595 70.17773 0.9271661
car 357.2923 421.71704 137.08305 173.47003 0.9792711
--
truck 257.18085 341.52545 179.16365 274.00494 0.54375136
car -1.406461 70.27037 140.00145 201.7673 0.76269215
car 218.42148 264.15973 44.2392 70.105286 0.9368361
car 357.12708 421.8381 136.95125 173.43713 0.9760888
--
car 255.77574 339.09824 169.62057 273.50317 0.50916106
car -1.6244817 70.68286 139.96927 201.37955 0.7670597
car 218.33214 264.29416 44.185955 70.084435 0.94162256
car 356.64468 421.69324 137.90717 173.75203 0.9719884
--
car 250.7438 336.39996 176.2483 271.12366 0.61848557
car -1.7162311 71.53154 140.36287 201.21143 0.83486897
car 218.51279 264.06366 44.081898 69.95894 0.93294185
car 356.7025 421.37833 137.70395 173.58539 0.97742397
--
car 252.23416 335.04132 172.6335 269.0668 0.62980574
car -1.7536318 71.63243 139.47296 201.26953 0.82009494
car 218.44151 264.098 44.080597 70.05613 0.93538266
car 356.56192 421.62415 137.63135 173.42702 0.9775357
--
car 252.30463 334.4592 170.59308 267.47757 0.6492609
car -1.5643036 71.62724 138.09747 201.73952 0.8292046
car 218.37854 264.26385 44.055447 70.2152 0.943052
car 356.87292 421.3565 137.81528 173.53346 0.9743792
--
car 252.73338 331.12152 170.1021 268.60724 0.6542391
car -1.4320493 71.403885 138.61874 202.40392 0.84018743
car 218.41 264.37955 43.747124 70.031654 0.9541518
car 356.92212 421.31314 137.55426 173.12402 0.9788606
--
car 251.11963 328.11215 164.0151 265.8782 0.8136325
car -1.5481067 71.51004 138.31699 202.29012 0.8263488
car 218.11777 264.57852 43.713234 69.91953 0.9595827
car 356.75116 421.20087 137.71379 173.37782 0.97541714
--
car 269.87772 308.1589 77.293434 112.84917 0.33208057
car 250.98839 332.8429 167.79745 264.05957 0.64568996
car -1.3663709 71.29975 138.78021 202.50418 0.88412875
car 218.35262 264.2413 43.74421 69.66224 0.95891976
car 356.28354 421.20367 137.57999 173.07619 0.96601146
--
car 269.87143 308.25015 77.273636 112.86284 0.32411203
car 251.161 332.97275 167.73491 264.2722 0.5495613
car -1.3614714 71.18613 138.79794 202.481 0.8752241
car 218.22742 264.45038 43.69598 69.69446 0.95976955
car 356.2551 421.24335 137.60655 173.02222 0.9650581
--
car 248.25325 324.2081 170.30916 266.14093 0.76823056
car -2.0809221 72.15549 137.62624 200.9638 0.83995634
car 218.2612 264.4644 43.72761 69.7626 0.9626039
car 356.581 420.94278 137.88133 173.14528 0.96785235
--
car 270.63605 309.8806 79.46 117.94727 0.33290857
car 244.68707 324.95782 162.72003 260.44122 0.81105065
car -2.2269058 72.27277 138.36589 200.75381 0.8264786
car 356.14127 421.22763 137.52576 173.12294 0.96174234
car 218.29306 264.44318 43.656506 69.718185 0.9622005
--
car 270.60492 309.91263 79.61472 117.877144 0.3253857
car 244.46199 325.00522 162.85051 260.44928 0.83312094
car -2.0694244 72.22169 138.06203 201.2196 0.8528268
car 218.4483 264.2016 43.68927 69.6489 0.9619778
car 356.13605 421.23782 137.54768 173.13638 0.9624326
--
car 269.97162 308.3759 77.14707 112.90602 0.30833015
car 243.34138 325.05347 160.82382 258.19522 0.7687958
car -2.2596145 72.39612 139.15517 200.72069 0.8211196
car 218.35321 264.32483 43.693455 69.70537 0.9626317
car 356.23523 421.141 137.97768 173.2031 0.9642421
--
car -1.9320095 71.94121 139.00334 201.10504 0.8443991
car 241.32463 324.14725 159.81206 254.3956 0.91723716
car 218.55435 264.11563 43.68019 69.66623 0.961432
car 354.62106 418.49014 138.38736 173.43016 0.9701748
--
car 241.09474 324.1588 160.00076 254.55905 0.8829475
car 1.6691995 75.75227 137.33575 204.05151 0.8857997
car 218.16191 264.49463 43.84432 69.63256 0.9604501
car 354.41925 418.58783 138.79117 173.45906 0.9802796
--
car 241.02657 322.25586 156.85027 251.48633 0.8414515
car 1.6172183 75.92527 137.3095 203.96413 0.8703978
car 218.01288 264.68716 43.768112 69.6987 0.9608281
car 354.19058 418.83517 138.93166 173.54497 0.97871935
--
car 240.94225 330.86255 158.20795 248.63904 0.65747297
car 1.5779686 76.07394 137.27556 203.64754 0.875577
car 218.28217 264.47537 43.892426 69.61839 0.9620715
car 354.17737 418.72238 138.73978 173.31099 0.98015904
--
car 241.13882 330.79092 158.30238 248.94397 0.63260067
car 1.7374241 75.88427 137.46803 203.59642 0.89214426
car 218.32237 264.35983 43.80076 69.59832 0.9616649
car 354.14627 418.74622 138.87155 173.39197 0.98044986
--
car 238.01755 324.639 154.30304 236.46906 0.68391585
car 1.7898381 75.73556 137.20216 203.90613 0.9083419
car 218.4334 264.27042 43.915386 69.798935 0.9644745
car 354.33493 418.6006 138.94965 173.23665 0.9772936
--
car 237.8542 323.87143 153.27226 236.16112 0.7061746
car 1.7431855 75.82048 137.35648 203.8337 0.9181961
car 218.24811 264.39423 43.845573 69.87095 0.9646719
car 354.2068 418.64542 139.00887 173.24521 0.9778614
--
car 237.60118 323.68997 153.27585 236.18619 0.6936652
car 1.7858899 75.8442 137.41974 203.61543 0.9143777
car 218.44182 264.40765 43.898643 69.73033 0.96779966
car 354.2917 418.57648 138.97215 173.28113 0.9779681
--
bus 236.54277 314.17377 151.54826 241.71353 0.5680061
car 271.27548 311.58762 79.12036 118.87428 0.30557972
car 1.8536532 75.9577 138.1271 202.94815 0.9271508
car 218.38106 264.12137 43.9951 69.80678 0.9642936
car 353.95163 418.51392 138.82262 173.36641 0.98136866
--
car 271.17587 311.6411 78.816315 118.98351 0.37192574
car 234.56854 316.87262 151.6589 235.89357 0.6062417
car 1.8959033 76.03337 137.94121 202.36612 0.9263251
car 218.65408 263.9122 43.940834 69.85823 0.9614497
car 353.9715 418.34412 138.59888 173.46074 0.98317724
--
bus 236.1848 312.33102 151.19524 241.00856 0.6236053
car 271.25677 311.7933 78.63264 119.03868 0.42009306
car 1.8904138 75.96868 137.72285 202.14728 0.9258962
car 218.51144 264.07748 43.845104 69.94993 0.97145516
car 353.83972 418.41486 138.53458 173.48947 0.98320806
--
bus 235.77313 309.44348 151.07173 238.22005 0.75864255
car 271.1205 311.73016 78.575455 118.91551 0.4429354
car 1.8709767 76.43393 137.99768 202.27817 0.93985516
car 218.62888 264.2035 43.993263 70.266464 0.9756738
car 353.60715 418.30484 138.3795 173.55812 0.9822825
--
car 271.23016 312.52188 78.73415 119.21236 0.46599728
car 232.80328 314.6434 150.0831 233.08461 0.6896992
car 1.8164313 76.38844 138.55945 201.71468 0.9358596
car 218.71548 264.19556 44.091366 70.35465 0.9816525
car 353.39117 418.02994 138.09894 173.80005 0.9837545
--
car 271.25296 312.46936 79.72798 119.6826 0.3513564
car 234.13272 315.48694 149.86174 233.78658 0.65597534
car 2.3203075 75.55726 140.2798 202.0092 0.9459954
car 218.84047 263.78876 44.03534 70.76251 0.9721267
car 353.51193 418.0699 138.12798 173.77574 0.98153985
--
car 271.23886 312.4572 79.76693 119.61055 0.3460311
car 231.3052 312.65347 150.1999 232.9119 0.6141245
car 2.3836827 75.57145 140.78462 201.45233 0.94920063
car 218.89088 263.75412 44.0153 70.781654 0.97327614
car 353.071 417.67755 138.05226 173.71251 0.98342675
--
car 271.2243 312.52048 79.39699 119.66658 0.41186383
car 229.08463 304.58255 143.96974 228.86797 0.75977117
car 2.302773 75.93203 141.24818 201.09431 0.9470163
car 218.90428 263.68198 43.91231 70.879005 0.97476596
car 352.82108 417.5876 137.89055 173.79356 0.98572695
--
car 271.24472 312.47772 79.41696 119.64711 0.4128718
car 229.132 304.4882 143.99478 228.97437 0.74099284
car 2.3297596 75.96001 141.2047 201.0624 0.9473245
car 218.9058 263.7085 43.837852 70.87789 0.97520167
car 352.79062 417.6155 137.89168 173.8495 0.9854242
--
car 271.22644 312.47678 79.448166 119.71851 0.39255092
car 227.3834 309.81387 144.14194 229.19092 0.69654894
car 2.4858856 75.76191 141.27043 200.75575 0.9350003
car 218.58017 264.05936 43.743343 70.95546 0.9709277
car 352.7885 417.38205 138.14134 173.68335 0.9841863
--
car 271.21698 312.46643 79.28899 119.82643 0.3904767
car 225.31458 307.8889 142.33316 227.7528 0.7146008
car 2.0807183 76.49789 139.18378 201.15555 0.92939883
car 218.64868 264.10876 43.75825 71.05781 0.9739415
car 352.8495 417.49295 138.23271 173.55255 0.9843102
--
car 271.19608 312.53238 79.2348 119.86248 0.39997178
car 225.31558 307.9619 142.21349 227.46992 0.7357982
car 2.149812 76.459465 139.47227 201.03444 0.92622155
car 218.49516 264.1787 43.749405 71.0367 0.969941
car 352.78592 417.47247 138.20627 173.58774 0.98436934
--
car 271.09924 312.46344 79.168335 119.84333 0.4582751
car 223.5517 308.51984 141.4558 224.06822 0.6957519
car 2.0721889 76.682175 138.95943 201.24472 0.93932647
car 218.87862 263.78323 43.911808 70.95333 0.9709579
car 351.74542 417.40598 138.00162 173.49785 0.9836816
--
car 271.08646 312.6329 79.170166 120.00131 0.41411412
car 225.53793 298.797 139.39348 218.61649 0.7513563
car 2.3476124 76.7153 139.92656 200.5187 0.9554518
car 218.83806 263.7413 43.882805 71.10214 0.9660062
car 351.64142 417.17358 137.88637 173.61835 0.9830098
--
car 271.11472 312.74854 79.182816 120.03078 0.4192565
car 225.53014 298.78052 139.36006 218.57628 0.7692429
car 2.2562778 76.661224 139.74323 200.69836 0.95643497
car 219.05511 263.4527 43.996075 71.025665 0.96757287
car 351.72345 417.20084 137.94678 173.73184 0.9834469
--
car 271.15808 312.5603 78.69192 120.15296 0.43813527
car 222.36983 293.3669 136.43103 215.83434 0.740483
car 2.180518 77.22308 138.98785 200.74268 0.9557088
car 219.15285 263.50012 43.863995 70.82184 0.9695209
car 351.47003 416.91348 138.29916 173.6572 0.9804508
--
car 271.1291 312.69165 78.63386 120.29084 0.42687342
car 223.1389 292.4378 134.08841 216.28635 0.8125957
car 2.1547043 77.41189 139.14264 201.04034 0.95830053
car 219.71262 262.85278 43.83252 70.91645 0.96971
car 351.55255 416.50006 137.97127 173.76163 0.9777658
--
car 270.7599 311.9727 78.71768 119.55462 0.47685948
car 223.18811 292.30893 133.96597 216.98662 0.6606672
car 1.7294133 77.96914 138.65503 201.01062 0.9635429
car 219.86388 262.73016 43.713135 71.09687 0.970013
car 351.44873 416.63712 137.75064 173.8233 0.9773542
--
bus 224.1356 294.57907 133.77206 215.2807 0.62795115
car 270.81335 311.89496 79.038345 119.36405 0.41382396
car 1.6691422 78.22303 138.85144 201.2643 0.9647752
car 219.91223 262.73373 43.719635 71.185974 0.97139555
car 351.0467 416.40814 137.76634 173.7128 0.97492415
--
car 270.82776 311.99713 78.72339 119.46795 0.42541942
car 223.57384 289.7612 131.31053 211.84709 0.727993
car 219.69098 262.8058 43.70872 71.47486 0.9607888
car 350.7242 416.15604 137.45216 173.59256 0.9700962
car 1.7940223 78.045 138.133 201.59256 0.97012395
--
car 271.20917 312.10553 79.12417 119.39232 0.3948396
car 223.57214 289.7802 131.2286 211.82791 0.7626204
car 219.75768 262.745 43.753002 71.470146 0.95669603
car 1.7296064 78.05322 138.05042 201.5003 0.9661342
car 350.7821 416.03894 137.50597 173.66655 0.9694206
--
car 271.225 312.48325 79.25912 119.41261 0.36155817
car 220.0074 286.50027 126.70701 212.95839 0.67192876
car 219.91046 262.6308 43.791553 71.31369 0.95677435
car 1.7591286 78.001144 139.33748 202.05702 0.97025055
car 350.93765 415.67007 137.23805 173.51031 0.97261983
--
bus 218.72452 286.6071 126.029 207.62491 0.59387654
car 271.3234 312.17102 79.444855 119.14226 0.3888668
car 220.33261 262.23596 44.003967 71.32525 0.9621078
car 2.2012675 77.76588 140.50658 201.91054 0.9685836
car 351.05347 415.6763 137.37233 173.3551 0.9739281
--
bus 219.03926 286.45703 126.16865 207.74402 0.61672854
car 271.3324 311.8756 79.60663 119.06856 0.3989114
car 220.1994 262.46902 43.847927 71.37743 0.95769453
car 2.2925234 77.77798 140.93646 201.8675 0.97192544
car 350.97116 415.6459 137.43042 173.37021 0.97613513
--
car 271.46994 311.47403 79.39198 119.261604 0.3208687
car 218.0521 286.32645 119.36474 199.92375 0.5973964
car 220.09021 262.74426 43.898678 71.3642 0.9541611
car 350.9859 415.6267 137.27351 173.4243 0.97245324
car 1.7413723 78.558495 139.94127 201.82407 0.9743593
--
car 216.6683 284.83096 116.979225 203.54686 0.54513144
car 220.06029 262.76117 43.862576 71.406876 0.9602957
car 350.65906 415.8708 137.22993 173.54375 0.9778542
car 1.8111813 78.783104 139.62164 202.18748 0.97865146
--
car 271.60168 311.6615 79.512634 119.17311 0.31129882
car 216.65527 284.74738 116.95519 203.61674 0.5406534
car 220.00607 262.81064 43.856567 71.53104 0.96034205
car 350.6344 415.891 137.26717 173.47955 0.9768598
car 1.9359791 78.77441 139.91734 201.81084 0.97913224
--
bus 217.35385 279.79202 120.99964 203.9506 0.39122328
car 220.18646 262.50586 43.949867 71.51712 0.9600187
car 2.0215595 79.21105 141.07104 202.03848 0.9765794
car 350.74002 415.71835 137.12161 173.6828 0.9780372
--
bus 214.92139 282.86758 118.843155 198.11531 0.32564932
car 219.82602 262.70734 44.026333 71.30027 0.9556561
car 1.8796349 79.686325 138.76123 203.04155 0.9772598
car 350.42407 415.6233 137.00713 173.35013 0.98042625
--
bus 215.49646 282.26724 119.660995 198.27614 0.4354444
car 271.7156 311.93008 79.36505 119.2212 0.40571916
car 219.62401 262.721 43.560158 72.41009 0.9699881
car 2.6784432 78.86001 139.8959 202.8377 0.9783191
car 350.16284 416.16296 137.42117 173.17361 0.9783454
--
bus 220.18803 274.39478 124.20525 192.277 0.52151024
car 271.73785 311.70416 79.40637 119.31723 0.39282748
car 219.34125 263.05847 43.511597 72.24593 0.9689604
car 2.4889576 79.14502 140.71114 202.42755 0.9798226
car 349.8474 415.8686 137.23996 173.20927 0.9822221
--
bus 217.80333 272.4436 122.65141 189.067 0.6515898
car 271.70905 311.62173 79.5547 119.34298 0.32930872
car 219.693 262.6843 43.569695 72.57631 0.96644086
car 2.3742878 79.643486 140.0208 202.37846 0.97661126
car 349.53375 415.7114 137.37285 173.28058 0.97939354
--
bus 217.74815 272.5048 122.87304 189.33443 0.6222607
car 271.6871 311.50427 79.50776 119.38414 0.3081179
car 219.52559 262.9692 43.695515 72.35791 0.9668146
car 2.3729575 79.59245 140.35408 202.13805 0.97666734
car 349.63507 415.75964 137.21437 173.24863 0.97990155
--
bus 215.63681 271.20526 119.04043 186.11673 0.81694555
car 271.7308 311.5909 79.366905 119.42928 0.3353731
car 219.50589 263.07288 43.786945 72.184814 0.9640253
car 2.553867 80.16282 140.46228 202.18008 0.97749996
car 349.38513 415.6021 137.08788 173.49922 0.978242
--
bus 214.13683 270.25336 114.70934 184.50206 0.80186886
car 271.98154 312.28482 79.49554 119.52394 0.3064835
car 218.90521 263.86578 43.78347 71.494675 0.9599779
car 1.8044007 81.04886 138.41489 203.24684 0.9742975
car 348.79446 414.67215 136.99934 173.04642 0.9802193
--
bus 214.11774 270.19043 114.761185 184.24313 0.82456505
car 272.18484 312.58008 79.7062 119.50191 0.35167605
car 218.80066 263.90726 43.715816 71.69581 0.9650404
car 1.8220496 81.2772 138.62296 203.19104 0.9748859
car 348.99698 414.6164 137.01292 173.25613 0.98233134
--
bus 214.1937 269.2957 113.205246 183.3081 0.9110927
car 272.05862 312.69653 79.82614 119.68609 0.3614345
car 218.54381 264.17117 43.458313 71.70901 0.9606473
car 1.8471014 81.798416 137.92776 203.24307 0.97642756
car 348.5407 414.67413 136.96332 173.39844 0.9826663
--
bus 213.39656 269.04788 110.38365 182.00269 0.85041934
car 272.09433 312.76782 79.92458 119.827805 0.36514848
car 218.47928 264.2106 43.448235 71.78517 0.9551452
car 1.7350531 81.99281 138.373 202.78397 0.9764224
car 348.37 414.65887 136.94789 173.4641 0.9831883
--
bus 213.5998 268.93112 110.35788 181.81088 0.857056
car 272.07965 312.7377 79.94028 119.82333 0.36524767
car 218.70131 264.06076 43.561123 71.631645 0.95528996
car 1.6736448 81.864105 138.2031 202.87402 0.9767039
car 348.52185 414.75443 136.78654 173.58186 0.98397326
--
bus 212.56795 269.078 108.09606 181.58112 0.721823
car 218.50612 264.34787 43.230274 71.681244 0.97187525
car 1.6192567 82.58923 138.87093 202.98848 0.9775641
car 348.47327 414.31262 136.65009 173.27582 0.982059
--
bus 209.7418 263.8017 110.38069 178.57193 0.7291104
car 217.82448 265.08713 43.009598 71.76585 0.9750145
car 1.842202 82.89577 139.24806 202.88335 0.98093784
car 348.53204 414.3033 136.91005 173.12962 0.98258877
--
bus 210.13998 263.32007 110.361015 178.68889 0.72757196
car 270.18216 308.42294 77.0356 111.84912 0.4032747
car 217.7559 265.3477 43.208385 71.29167 0.97085315
car 1.9934964 82.74599 139.92415 202.53867 0.9776742
car 347.82 413.65717 136.98341 172.47404 0.982039
--
bus 209.25558 261.61703 105.91391 175.97969 0.6185439
car 270.24988 308.15134 77.03262 111.62482 0.35047376
car 217.69481 265.4303 43.075245 71.43992 0.9669829
car 1.9778359 83.32221 140.23692 202.34586 0.9731293
car 348.09778 413.87784 137.13058 172.59172 0.9832046
--
bus 208.65329 259.77646 105.543465 174.51408 0.6744292
car 270.18167 308.39087 77.199745 111.233505 0.33504838
car 217.87065 265.28638 43.087498 71.50436 0.9673367
car 1.8868196 83.90389 140.16055 202.41866 0.9699277
car 347.8101 413.7597 137.3934 172.48042 0.98110914
--
bus 208.64275 259.64688 105.71766 174.35565 0.64800894
car 270.145 308.42422 77.23397 111.227455 0.33478758
car 217.91783 265.227 43.14707 71.37044 0.9638076
car 1.8495762 83.87717 139.94574 202.51982 0.96974033
car 347.83847 413.67984 137.31349 172.5389 0.9824725
--
car 270.22815 308.50186 77.178024 111.30537 0.31127554
car 207.91289 261.49203 104.11509 170.5836 0.47458762
car 217.86609 265.26334 43.218754 71.53385 0.9637152
car 1.5386796 83.58488 140.5911 202.28735 0.9714378
car 347.5523 413.74164 137.35796 172.74428 0.9836637
--
bus 207.33539 257.375 103.99733 168.68977 0.8060551
car 217.7365 265.48907 43.314117 71.53497 0.96102273
car 1.7579412 84.57968 141.76123 201.69351 0.96282685
car 346.93808 413.283 137.2756 172.50322 0.98299235
--
bus 207.3178 257.38486 104.136375 168.72205 0.80909806
car 1.7651331 84.52917 141.83359 201.59944 0.96042544
car 217.79245 265.39136 43.263035 71.51318 0.9621247
car 346.9004 413.02155 137.22832 172.48418 0.9831341
--
bus 206.60098 256.94 102.33549 165.6565 0.90489364
car 2.0018113 85.02604 142.20787 201.65302 0.95365644
car 217.50441 265.8605 43.08634 71.4945 0.9654218
car 347.16794 412.94144 137.09276 172.52515 0.9757976
--
bus 204.82408 255.65291 100.7737 163.90236 0.8573003
car 2.025143 85.67546 143.80142 201.79105 0.96519005
car 217.68538 265.7802 43.192295 71.47768 0.96707416
car 347.2758 412.93936 137.24217 172.56386 0.9772314
--
bus 204.74245 255.44966 100.83262 163.84798 0.84427726
car 217.86009 265.72614 43.2837 71.49927 0.95891505
car 1.9210124 85.62021 143.48639 201.37077 0.9628479
car 347.42282 412.98752 137.37599 172.46925 0.976697
--
bus 204.02704 253.71904 99.38388 160.99287 0.8028063
car 217.92435 265.76227 43.404217 71.4775 0.9605669
car 1.5402496 85.85671 143.12889 202.10324 0.96535933
car 347.11575 413.22546 137.4217 172.39676 0.97205603
--
bus 203.77246 252.77173 96.73138 159.96132 0.87568367
car 218.0085 265.7272 43.458202 71.61858 0.957037
car 1.2883294 86.69357 142.64212 201.71194 0.9643365
car 346.70825 413.3785 137.55295 172.27446 0.973133
--
bus 203.52898 253.17813 96.27127 159.54253 0.8362712
car 269.86966 308.5388 77.557434 110.7678 0.40580237
car 218.26163 265.8702 43.845024 71.34752 0.92956865
car 1.5667248 86.48954 142.52226 202.15974 0.9620757
car 346.86636 413.2366 137.35745 172.65858 0.976698
--
bus 204.58849 251.02383 96.967834 156.52122 0.82117355
car 269.81708 308.6822 77.60864 110.856064 0.40585637
car 218.46573 265.75012 43.97393 71.398735 0.92751086
car 1.6282189 87.16478 143.23872 201.96378 0.958426
car 347.0466 413.38113 137.67996 172.68106 0.9779198
--
truck 202.20781 251.20726 90.53458 152.94998 0.7527935
car 269.8112 308.6941 77.8146 110.59404 0.40074283
car 218.22842 265.86847 43.941574 71.5425 0.9152737
car 1.5628624 87.34327 143.89494 201.68248 0.9635464
car 346.90118 413.24344 137.41064 172.8082 0.9797303
--
truck 204.11768 247.88943 91.18993 153.12218 0.7529995
car 269.84442 308.63223 77.79919 110.46953 0.4034556
car 218.28494 265.7012 43.995216 71.71905 0.923062
car 1.4340198 87.55726 143.76018 201.6296 0.9651134
car 346.86435 413.20056 137.4927 172.89165 0.97883654
--
truck 201.97234 249.90526 89.87734 149.79907 0.60424465
car 269.8082 308.7342 77.8393 110.41551 0.37386376
car 218.37857 265.67636 43.93414 71.75678 0.9127959
car 1.7367661 88.546684 143.08902 202.17346 0.96961987
car 346.25818 412.83124 137.41547 172.81789 0.97509634
--
truck 201.12453 247.01666 88.43939 149.18828 0.52301717
car 269.88104 308.87747 77.78102 110.5617 0.3620936
car 218.33484 265.75806 43.83171 72.00386 0.9127793
car 1.9556952 88.70799 143.72647 201.73112 0.9680968
car 346.43655 412.7593 137.22476 172.93607 0.97789866
--
car 269.84186 308.89114 77.706955 110.496124 0.32858813
car 198.60228 242.59329 87.22638 150.30898 0.4921002
car 218.35893 265.8057 43.811897 72.06071 0.90651906
car 2.0005417 88.59184 143.85486 201.54024 0.96723306
car 346.49292 412.70294 137.39142 173.04144 0.977469
--
truck 201.20644 245.85777 85.33772 146.35643 0.54599774
car 269.92834 308.7195 77.59581 110.490616 0.33478418
car 218.60133 265.35587 43.993565 71.80855 0.9145187
car 1.9225323 88.82054 142.59746 201.3321 0.9713162
car 346.08044 412.80743 137.18382 172.79256 0.97963685
--
car 270.00974 308.5061 77.49753 110.474236 0.32955697
car 198.58972 242.31638 84.49154 144.3535 0.5828596
car 218.62686 265.70325 43.95856 72.266136 0.9259493
car 1.9004846 89.89781 143.67209 201.39656 0.9665739
car 346.1468 412.73596 137.5456 172.79895 0.97936827
--
car 270.05414 308.68954 77.464516 110.49568 0.31677917
car 198.488 242.39061 84.184326 144.25757 0.5492575
car 218.70296 265.62076 43.985947 72.19108 0.92565554
car 1.9751108 89.59612 143.73804 201.64807 0.96290874
car 346.17258 412.83163 137.5071 172.70197 0.9795418
--
car 195.22382 243.62872 85.16796 140.54095 0.45096242
car 218.68541 265.65024 44.122524 72.0814 0.91588926
car 1.8191922 90.45194 142.82986 201.38062 0.961009
car 346.08228 412.67566 137.42514 172.49907 0.9779743
--
car 198.56677 241.86153 83.17546 141.42465 0.45740283
car 218.39847 265.92184 44.23168 71.59007 0.916309
car 1.810298 90.89761 143.24605 201.32468 0.96367025
car 346.0124 412.41742 137.63222 172.7544 0.9783174
--
bus 200.55289 243.83008 83.19675 139.57677 0.5000856
car 218.42519 265.97867 43.650764 71.949814 0.93791944
car 1.5408754 90.59059 144.02536 201.05542 0.9564354
car 345.24255 412.41702 137.2954 172.80208 0.98352706
--
truck 201.54639 242.7351 82.90252 136.31073 0.57643324
car 218.46964 266.00946 43.618023 72.00636 0.9281429
car 1.6038465 90.32086 142.89105 201.15036 0.9506334
car 345.2723 412.23776 137.26317 172.84512 0.9823287
--
truck 198.22737 240.5112 81.58622 135.02898 0.68900275
car 218.46632 266.16742 43.589798 72.15097 0.9116252
car 1.4855075 90.936584 143.11678 201.30191 0.96170753
car 345.19543 412.19482 137.41113 172.77737 0.98032737
--
truck 197.99397 240.56955 81.433624 135.13057 0.6884019
car 218.50433 266.04465 43.668964 72.14311 0.90243703
car 1.4513254 90.94079 143.14241 201.31502 0.9628732
car 345.23303 412.2153 137.3595 172.74103 0.9797527
--
truck 197.40358 239.582 81.53538 133.31798 0.571894
car 218.22029 266.263 43.509136 72.05775 0.91606665
car 1.5850317 91.085785 142.72832 201.50427 0.96280843
car 345.04712 412.08517 137.2327 172.53831 0.97821647
