--
car 152.64346 188.09885 226.98312 256.15155 0.38054308
car 293.35538 329.64948 267.94418 291.48422 0.7284627
--
car 153.89914 188.09824 227.18265 255.56274 0.36145717
car 293.80017 329.33664 267.80783 291.4893 0.4650079
--
car 295.86618 337.6568 267.26828 290.37036 0.530023
car 153.70648 188.95251 228.29613 256.02252 0.6560675
--
car 154.73114 189.23279 228.42186 254.98027 0.56956357
car 296.8157 339.46677 267.07404 290.59045 0.7925561
--
car 154.6233 189.33803 228.57129 255.42789 0.6442056
car 297.6867 340.59283 267.5433 289.849 0.83061004
--
car 46.737293 116.26105 317.7313 357.55673 0.31711024
car 154.96758 190.00066 228.28305 255.70038 0.6826657
car 299.51065 339.3711 266.66367 289.7546 0.8935978
--
car 46.823135 116.09849 317.96793 357.47836 0.30146265
car 155.01375 189.71675 228.50093 255.4392 0.70238197
car 299.56818 339.06186 267.17224 289.2348 0.8596941
--
car 48.149723 118.251976 316.42667 357.87393 0.50084436
car 155.42642 190.11508 228.53717 256.1027 0.71575695
car 299.4398 339.68735 266.69073 289.6044 0.92557806
--
car -0.017198324 114.76371 236.06349 349.34464 0.33635092
car 47.71148 119.34847 314.58798 358.55902 0.34525067
car 155.4409 190.07916 228.50902 256.62006 0.79858184
car 300.6353 340.37488 266.3684 289.98224 0.8750391
--
car 301.75174 340.1294 266.73874 289.20477 0.6976897
car 155.7597 190.37794 228.48383 256.57196 0.7540738
--
car 155.98325 190.08478 228.96864 256.35495 0.6600011
car 302.61966 348.2579 263.1761 289.36234 0.824282
--
car 156.06433 190.3637 229.02695 256.37076 0.7138967
car 303.17804 347.22256 263.0991 289.54904 0.90234524
--
car 155.31223 190.07228 229.00383 256.20425 0.738573
car 304.4952 349.63815 263.46844 288.9057 0.86865187
--
car 155.30061 189.90843 229.08455 255.92064 0.7486521
car 304.51642 349.5985 263.42532 288.94473 0.8643308
--
car 67.88946 135.42233 309.3172 356.33524 0.30117577
car 155.57066 189.99625 228.88203 257.17413 0.7442607
car 304.9237 350.07196 263.9613 288.34097 0.8374597
--
car 155.90518 190.23302 229.07034 257.40057 0.75663793
car 306.77625 348.17978 263.99234 287.30588 0.81957656
--
car 156.53479 190.03691 229.2654 256.44196 0.72246164
car 306.36304 350.12683 263.29208 287.80994 0.7960411
--
car 156.5783 190.26964 229.32603 256.844 0.7575147
car 307.38016 351.01715 263.78058 287.90402 0.78024215
--
car 91.18269 140.24629 309.02368 336.4009 0.77287984
car 307.8213 352.19632 263.62366 287.72943 0.8008611
car 156.66563 190.7533 229.53185 256.5196 0.8121134
--
car 91.11723 140.28645 308.93048 336.56393 0.7118031
car 156.73378 190.74794 229.472 256.47623 0.7468974
car 307.89215 352.0696 263.3419 287.74664 0.79490215
--
car 156.78491 190.76465 229.39964 256.72333 0.68139005
car 308.20248 351.74298 263.03555 287.49863 0.7385262
car 92.90915 142.80917 308.4623 337.32687 0.7842039
--
car 309.4957 349.79752 263.11984 287.19012 0.55962366
car 157.20523 190.31674 229.43816 256.37772 0.644071
car 97.50378 149.90541 308.34833 334.6443 0.67263883
--
car 100.255806 148.20647 307.2715 335.195 0.5275039
car 308.1643 351.2814 262.3341 287.3038 0.5919103
car 157.78558 190.3365 229.71436 256.46335 0.7016748
--
car 100.19757 152.02695 303.93958 329.9437 0.58259296
car 312.42633 359.67447 263.03708 286.62625 0.65259117
car 157.78069 190.42905 229.6185 257.14697 0.70410335
--
car 313.57175 359.54416 262.62323 286.1667 0.30728891
--
car 313.63568 359.706 262.7866 286.03387 0.320875
--
car 160.62234 194.87343 232.51929 261.427 0.35523167
car 314.28958 359.45242 261.7947 285.77225 0.43697563
car 109.42899 160.08847 303.5908 329.66537 0.6972435
--
car 160.9305 195.0198 232.50275 261.60062 0.371084
car 314.86737 359.37405 261.83612 285.4476 0.40453035
car 117.14604 164.8728 302.34067 329.29752 0.8338502
--
car 316.13275 358.25113 261.11426 285.82703 0.4321702
car 161.0153 195.50262 232.58583 261.55515 0.4787266
car 119.49026 167.88014 301.38617 327.86703 0.9340373
--
car 161.46483 195.96281 232.63434 261.51367 0.4818681
car 316.7699 360.16696 261.0237 286.31186 0.64439327
car 121.0197 168.52226 301.43747 326.99878 0.95489126
--
car 316.2165 359.9676 261.04654 286.0174 0.3890253
car 161.6849 195.22997 232.47568 261.51968 0.5291912
car 128.28181 171.66708 299.99902 325.63678 0.96970326
--
car 316.55603 360.45853 260.94382 285.82266 0.38045728
car 161.46263 195.03136 232.35667 261.8499 0.54631776
car 128.18355 171.88907 300.05777 325.6355 0.9661521
--
car 318.19376 358.39743 258.36835 284.09448 0.3642326
car 161.44827 194.95273 232.34537 261.90704 0.6225862
car 130.81757 172.8621 299.80344 325.35373 0.9700367
--
car 161.65195 194.64075 232.35031 262.25143 0.56674206
car 129.22899 177.28754 299.11194 325.44385 0.9681265
--
car 161.67389 195.77425 232.17422 262.63928 0.6444527
car 130.37541 180.02217 297.41788 324.25095 0.831531
--
car 162.76183 195.94502 233.51472 261.94305 0.48343968
car 136.38782 183.29791 294.14395 321.29977 0.8455884
--
car 162.29651 195.91115 232.54424 262.31805 0.78593236
car 137.50359 185.25546 293.85352 320.85535 0.8593753
--
car 162.22768 195.86456 232.44191 262.46326 0.7892359
car 140.40083 185.38611 292.7823 320.08087 0.92909986
--
car 162.13387 195.56523 232.46313 262.15817 0.81214386
car 140.31804 185.26526 292.8385 319.82657 0.938962
--
car 162.49019 195.29347 232.5805 262.1635 0.8430973
car 141.8657 184.75986 292.077 319.84268 0.96559185
--
car 162.36432 195.82063 232.40578 262.54813 0.850408
car 145.4172 191.9029 293.05548 319.0431 0.93084514
--
car 162.52475 195.95451 232.3594 262.80637 0.8527792
car 148.17224 194.51921 291.8611 318.21405 0.9388779
--
car 162.57352 196.29692 232.00908 262.7535 0.82862496
car 150.48627 195.1311 291.01917 317.83636 0.9534627
--
car 154.81436 201.46994 291.04794 317.38745 0.8559947
car 162.51324 196.57368 231.99855 263.23245 0.8697364
--
car 154.62564 201.49463 291.1445 317.57236 0.8641384
car 162.62218 196.61945 232.02878 263.1461 0.86418885
--
car 155.43147 201.61159 290.93668 317.66632 0.8289058
car 162.29118 196.9792 231.9283 263.0808 0.84997463
--
car 157.05626 201.82892 290.40366 317.97333 0.82065445
car 162.37851 197.02316 232.31055 263.24976 0.88989323
--
car 159.84772 204.24785 289.7304 316.52786 0.873904
car 162.40176 196.95299 232.29433 263.82968 0.9253554
--
car 165.08177 210.05942 290.46567 315.86618 0.6094512
car 162.66956 196.45703 232.79004 262.7779 0.9050543
--
car 166.42775 210.43175 288.99838 315.52716 0.46839464
car 162.63487 196.46684 232.61151 262.59583 0.9200051
--
car 166.18181 210.37936 288.96198 315.43268 0.45348257
car 162.79802 196.4499 232.67178 262.62863 0.9057487
--
car 168.29276 211.68823 284.80347 310.50662 0.33983094
car 163.06094 196.49002 232.7181 262.9815 0.8880375
--
car 170.39178 210.75578 284.22604 310.54697 0.5466832
car 163.19368 196.658 232.83284 262.88882 0.8886856
--
car 163.49266 196.57129 232.71313 263.1949 0.856045
--
car 174.83525 246.61818 276.6638 318.42157 0.36028403
car 162.96065 196.65388 232.77487 263.2309 0.8603025
--
car 177.04875 243.62735 276.96124 318.62228 0.40789753
car 176.33815 222.94876 283.16483 310.04382 0.7763257
car 163.01762 196.74356 232.82158 263.08286 0.9082836
--
car 176.85287 243.55853 277.16904 319.00677 0.44265997
car 176.52225 222.76466 283.12393 310.05438 0.7574456
car 162.74292 196.90022 233.04184 263.27808 0.9159718
--
car 177.08105 246.04778 276.1032 316.04236 0.47837436
car 162.85204 196.96146 232.92728 263.29855 0.9134079
--
car 182.85625 229.02342 282.1022 308.56134 0.555393
car 162.88095 197.05974 232.86469 262.99634 0.9312799
--
car 186.11252 228.8078 282.12692 307.83304 0.40142712
car 163.51291 197.77763 233.07594 262.93387 0.9141206
--
car 163.86365 198.00266 234.19304 263.11398 0.90587485
--
car 187.00587 228.37444 281.74786 308.03317 0.42038056
car 163.9636 198.33968 234.2554 262.71075 0.85020703
--
car 75.42894 101.880714 167.367 179.21472 0.30322993
car 186.64337 229.74294 280.63785 307.94797 0.49679533
car 163.81602 198.6947 234.99344 262.87726 0.8700289
--
car 186.59923 206.54851 282.6042 308.9709 0.3029954
car 186.84193 229.71811 280.5334 308.00217 0.5451354
car 163.947 198.36908 234.86281 262.97195 0.86039114
--
car 163.88705 198.28616 234.86984 262.8264 0.8445467
--
car 164.16742 198.24937 235.24469 262.62378 0.8221769
--
car 164.63177 198.29715 235.30818 261.78348 0.7662687
--
car 164.0875 197.88206 235.4748 261.77466 0.7272035
--
car 164.04456 198.52304 235.95895 261.8835 0.8136568
--
car 164.23723 198.61894 235.78458 261.66235 0.8093169
--
car 164.5991 198.73294 235.74797 261.38522 0.75797457
--
car 164.76743 199.13211 235.60533 262.18726 0.8262198
--
car 196.34927 240.42967 272.88666 302.20746 0.33806187
car 164.60025 199.11862 235.68575 262.6623 0.82191545
--
car 164.99947 198.94421 235.95863 262.57532 0.76898545
--
car 164.93741 199.04846 235.882 263.69525 0.8003015
--
car 164.85277 199.1308 235.70099 263.84674 0.82185066
--
car 203.78528 244.27008 271.04535 299.8445 0.5008627
car 165.21443 199.09201 235.73904 264.2473 0.8144047
--
car 204.3064 244.17242 270.60333 300.3058 0.48168495
car 165.41791 199.04585 235.8089 264.57162 0.79196376
--
car 165.35492 199.20879 235.71458 264.87695 0.79342556
--
car 165.52866 199.25386 236.0195 264.31815 0.76397455
--
car 165.54147 199.22641 236.26187 263.6342 0.7972938
--
car 165.47824 199.22212 236.16675 263.6704 0.8110182
--
car 166.00894 199.08357 236.52512 263.13095 0.7635324
--
car 165.75224 199.6001 236.61905 263.9656 0.7943365
--
car 211.01889 243.7572 264.44724 289.57422 0.6197335
car 165.56496 199.92336 236.39146 263.4669 0.8900011
--
car 213.07425 243.75928 263.58505 288.7184 0.4037323
car 165.64801 199.93001 236.82172 263.6758 0.8137187
--
car 214.60262 243.71907 262.79034 289.55246 0.47508505
car 165.53786 200.11472 237.19673 264.10272 0.7531072
--
car 215.22974 243.43666 262.5046 290.25333 0.31640437
car 165.97186 200.03732 237.14363 264.48157 0.6875814
--
car 215.1689 243.42747 262.49918 289.9907 0.32099715
car 165.99597 199.89864 237.32382 264.0103 0.6932502
--
car 165.88202 200.16904 236.9416 263.8042 0.75494105
--
car 166.26834 199.83682 237.49591 264.56546 0.65038204
--
car 166.41466 199.62874 237.32292 263.6982 0.5732111
--
car 166.31923 199.93811 237.40067 265.10196 0.58770746
--
car 170.0995 201.88449 238.53784 265.6202 0.40832797
--
car 166.9014 199.75766 237.63535 265.34085 0.51329494
--
car 170.16565 202.26051 238.77106 265.78802 0.34763262
--
car 169.11382 203.30634 238.29918 266.75464 0.6644611
--
car 169.1414 203.74942 237.90973 267.08624 0.6874583
--
car 169.098 204.32178 237.46863 267.15106 0.75564986
--
car 378.13245 410.71732 245.41333 268.8162 0.38402858
car 169.68794 204.16638 237.84735 266.86035 0.7143276
--
car 378.09518 410.77454 245.33087 268.9123 0.4314792
car 169.70471 204.08856 237.87253 266.94583 0.6838181
--
car 170.25214 204.85295 237.65952 267.2536 0.67446434
--
car 171.81555 205.16353 242.14136 270.58453 0.7373751
--
car 174.29045 204.91484 243.33424 270.53253 0.5736163
--
car 174.17613 204.63367 243.75995 270.76712 0.61012155
--
car 223.01457 241.27362 247.79837 273.24536 0.42169455
car 175.22366 205.0573 244.6445 271.31476 0.58218163
--
car 223.12047 241.32693 247.71259 272.4634 0.39993057
car 174.97595 205.59013 243.69466 271.28595 0.7321449
--
car 223.01839 241.33813 247.58392 272.30157 0.420667
car 175.30473 205.60588 243.64548 271.48676 0.7396972
--
car 176.81976 206.1847 245.7245 271.33768 0.3000393
car 383.193 419.50208 244.43767 269.53845 0.34993544
--
car 383.23724 419.8453 245.03769 268.5795 0.34413645
car 222.73112 241.76723 247.4878 274.03174 0.4089355
--
car 222.74913 241.53871 246.23181 273.40375 0.3439928
car 176.79857 206.80357 244.24272 270.61954 0.44318527
--
car 175.94664 207.8168 243.63846 270.72418 0.43900955
car 222.94429 241.39563 245.75012 272.53464 0.5343884
--
car 176.05957 208.3758 244.53084 271.05112 0.5597101
car 212.92949 241.94347 245.37526 269.97632 0.7538818
--
car 175.69217 208.56204 244.82974 271.4936 0.51323414
car 212.7939 242.05925 245.3572 270.52283 0.73058397
--
car 175.5959 208.59314 245.69438 271.38724 0.62246066
car 211.72623 242.23921 244.91971 270.33908 0.68671983
--
car 176.42473 208.74298 246.13089 273.28476 0.40461978
car 211.9032 241.85623 244.80519 270.95203 0.58158654
--
car 212.0711 242.30621 243.80655 272.32343 0.44497204
--
car 212.6282 242.03416 242.3799 271.62073 0.530115
car 178.98781 213.73053 247.31819 274.8446 0.63367015
--
car 211.00696 241.3281 241.88412 270.05508 0.41139996
car 179.39816 214.49265 246.87515 275.70508 0.4783512
--
car 210.9941 241.2618 242.24013 269.81577 0.45092374
car 179.44057 214.75638 247.02428 275.65024 0.50178987
--
car 388.97815 428.90665 237.28096 265.74557 0.4032012
car 210.08313 240.57051 239.50243 265.2036 0.5758699
car 179.2632 217.0389 246.27284 276.3001 0.65656435
--
car 209.83055 240.31523 239.44865 264.16986 0.5072545
car 389.95566 428.6637 237.29828 265.68857 0.5483491
car 179.88843 217.83574 246.47922 276.2902 0.7949815
--
car 211.65793 240.9997 238.9641 265.5874 0.36917812
car 389.89407 428.1461 237.19926 265.3172 0.37268925
car 181.1994 217.0357 250.66693 279.99103 0.70676655
--
car 217.38895 238.94447 239.30107 264.9913 0.30479863
car 303.37967 333.51706 195.16772 216.40193 0.3654379
car 390.36545 428.55768 237.46582 265.26633 0.37761235
car 182.16171 217.42625 251.12778 280.9622 0.53633285
--
car 391.3496 428.37262 238.40053 264.15103 0.30882812
car 217.13559 238.34436 238.60146 265.7834 0.4326048
car 182.66515 218.01282 251.10405 282.23547 0.53081745
--
car 391.37714 428.42578 238.53911 264.05637 0.31021568
car 217.09293 238.43207 238.7893 265.53424 0.46789426
car 182.85188 217.75067 251.08032 281.7399 0.48494056
--
car 304.35666 333.81625 195.19957 216.27151 0.3055008
car 391.54947 427.95175 239.0704 263.69174 0.31305975
car 217.05959 238.2612 239.18648 265.11627 0.54669845
car 182.489 218.97609 251.38521 282.09543 0.7921612
--
car 303.9521 333.57446 195.21269 216.52977 0.37568828
car 209.18732 239.1769 237.74387 264.44095 0.43389997
car 183.09366 219.09602 251.81636 282.0096 0.7848775
--
car 304.00784 333.82715 195.04176 216.61124 0.3529554
car 215.87547 236.78691 239.21568 263.82333 0.4311064
car 183.85695 219.19157 253.02466 280.9216 0.77323925
--
car 304.4593 334.0398 194.82455 216.55637 0.3103982
car 200.9349 235.60515 237.33336 262.2776 0.46425244
car 184.53165 218.91705 253.60788 281.4391 0.6354583
--
car 304.40195 333.80417 194.88083 216.49326 0.3437124
car 215.5783 234.7908 239.10242 262.77997 0.5534821
car 185.34314 218.6249 255.13022 282.08572 0.6560717
--
car 188.26404 220.17622 255.61122 282.32086 0.42663375
car 215.11171 233.83334 238.5773 262.20786 0.53971523
--
car 214.94112 234.51031 238.63869 263.59906 0.4321548
car 188.1578 220.01796 255.43117 282.92886 0.48266336
--
car 188.29211 220.6831 254.86285 282.3406 0.5021575
car 203.74483 233.80338 234.90405 261.6094 0.5185123
--
car 202.23767 233.44499 233.77444 260.98788 0.31995395
--
car 190.33315 222.57466 256.25 282.84094 0.32957378
car 201.77982 232.62463 233.83086 259.8026 0.56450397
--
car 402.29242 434.1223 142.5855 168.9525 0.3825513
car 201.88383 232.99577 233.93268 260.44006 0.62195873
--
car 192.72969 224.62587 257.2502 282.6076 0.31850684
car 199.70146 233.1029 230.82559 255.47899 0.7992821
--
car 192.80054 224.60321 257.38208 282.606 0.35343343
car 199.63132 233.30084 230.7616 255.44453 0.7880322
--
car 401.39792 422.92654 142.65814 168.74263 0.35118398
car 195.12709 225.92406 259.72998 287.6034 0.42527062
car 198.52988 234.41522 229.56024 255.5778 0.7637641
--
car 194.45372 227.73282 260.36765 286.32727 0.7676255
car 198.32045 233.76772 229.29482 254.65324 0.86289394
--
car 197.63058 231.21387 262.52255 285.87524 0.5062984
car 197.22058 233.08195 228.88123 254.39697 0.7647004
--
car 196.94492 231.52443 260.24557 280.942 0.63741785
car 197.33542 233.1441 228.66447 254.46935 0.9147275
--
car 199.61426 233.58928 264.0533 285.3607 0.55623275
car 197.08781 233.82767 227.77606 254.53343 0.8969829
--
car 199.46162 233.90508 263.6502 286.42734 0.64627594
car 196.32657 236.55432 227.41594 255.28122 0.94370496
--
car 201.10214 234.55342 264.3005 285.93042 0.56150043
car 196.23608 236.39404 227.05731 254.13622 0.8838867
--
car 202.16617 235.22398 264.97913 284.32748 0.4683603
car 196.70963 236.61035 227.32086 253.99098 0.8042677
--
car 342.80585 385.953 139.81464 159.50174 0.3490136
car 197.60422 234.51514 227.51128 252.37857 0.6607006
--
car 342.8883 385.0386 139.87132 159.23573 0.3404232
car 197.28926 235.3053 226.7733 253.63097 0.72507614
--
car 195.543 235.84785 226.46732 253.0624 0.86766285
--
car 195.00955 235.48868 226.81674 253.19118 0.87373525
--
car 194.32864 238.0885 226.69151 253.46335 0.7886295
--
car 193.95871 238.15707 226.77571 252.68817 0.7684376
--
car 192.59464 239.12183 225.60953 252.7109 0.8610883
--
car 189.85645 226.61105 226.50682 250.30403 0.8693193
--
car 189.55444 226.62912 225.59451 250.5112 0.86055183
--
car 189.69858 226.05704 226.0332 251.37592 0.858733
--
car 189.75594 225.73392 226.05441 251.4679 0.87332046
--
car 189.43983 225.71829 225.42245 250.88512 0.8566841
--
car 189.15685 225.91118 224.53859 251.45 0.8687636
--
car 188.80786 225.01193 224.63719 252.0419 0.8937982
--
car 189.14891 224.03868 224.36949 252.0495 0.853097
--
car 188.31262 225.69067 224.5568 251.96172 0.80187535
--
car 188.45563 225.47076 224.56113 251.89738 0.7885718
--
car 187.88052 224.78766 224.30293 251.26651 0.88050175
--
car 188.10162 224.5969 223.58495 251.35461 0.9417388
--
car 187.36874 224.86862 223.94199 251.11028 0.92665356
--
car 186.84717 224.2127 223.70381 250.6703 0.8655233
--
car 187.09071 224.00827 224.28262 250.41133 0.80238193
--
car 187.00462 224.10512 224.31964 250.36299 0.7991668
--
car 185.6967 218.05312 224.61938 250.00768 0.7986118
--
car 185.43176 217.72974 222.02397 246.18286 0.7866489
--
car 185.3754 217.21265 221.96262 245.70992 0.86055225
--
car 185.15985 217.12718 221.77072 245.74637 0.89001673
--
car 184.58191 216.70505 221.21631 245.31023 0.914986
--
car 184.62057 216.62215 221.37447 245.46353 0.9071617
--
car 183.32881 216.11525 221.23564 245.61871 0.9041402
--
car 182.71547 215.67027 221.06268 245.21574 0.9172682
--
car 257.24936 287.94672 299.2588 334.0942 0.5615952
car 182.06746 215.22757 220.03749 245.54654 0.9413644
--
car 256.88422 289.615 301.00278 333.43185 0.48331603
car 181.73334 214.76482 219.73448 245.52858 0.96962774
--
car 256.68988 292.91547 302.88022 336.44714 0.770935
car 181.20146 215.58746 218.86572 245.4765 0.93942285
--
car 304.5799 335.3256 158.77855 178.32858 0.34412593
car 256.71225 294.5325 301.08728 338.20047 0.8927121
car 181.19373 215.00714 219.41586 245.31865 0.9482911
--
car 304.40826 336.601 158.82521 178.40605 0.49228427
car 256.59607 294.5964 301.21365 338.11508 0.88991165
car 181.16344 215.23009 219.27328 245.37611 0.9552646
--
car 304.4324 335.15717 158.84135 177.55853 0.6460999
car 259.13168 298.9849 302.68628 338.07156 0.9210146
car 181.45094 215.231 218.98315 245.05487 0.9591845
--
car 301.545 332.7555 157.90363 177.43344 0.41047105
car 259.7829 300.51047 304.61584 338.8204 0.8694055
car 181.17303 214.92863 218.31404 244.95238 0.9592166
--
car 260.4107 302.5275 306.12833 340.36914 0.901944
car 180.63992 214.86531 217.84921 244.57625 0.94021446
--
car 295.31192 326.04544 157.92554 177.1155 0.3456733
car 262.25174 302.96667 307.63733 342.24103 0.8305228
car 180.86618 213.66086 217.4489 244.4784 0.95631766
--
car 299.528 322.59576 157.55077 170.3202 0.30814633
car 262.88245 303.56183 308.79224 342.94852 0.7097902
car 180.42824 213.91096 217.1885 244.41322 0.94807464
--
car 299.62216 322.6371 157.55579 170.2358 0.3472682
car 262.79898 303.36044 309.05252 342.5017 0.61358476
car 180.43474 213.99808 217.17323 244.40701 0.94687307
--
car 180.08014 212.7006 217.2138 243.42607 0.9473257
--
car 272.7453 310.28134 312.19724 348.9891 0.33247483
car 179.80585 212.59232 217.19896 244.02736 0.96636254
--
car 179.60637 212.41257 216.71298 243.40552 0.9663544
--
car 282.42868 315.31122 161.42178 182.12117 0.5968844
car 278.1116 315.57922 314.53983 354.28165 0.71889824
car 180.41002 211.50072 217.0227 244.03958 0.9028787
--
car 279.86414 316.65826 315.5752 355.22833 0.337376
car 282.33765 311.9894 161.67679 181.96606 0.4395913
car 179.7474 212.37582 216.71767 243.67722 0.9107642
--
car 279.80786 316.6023 315.40054 355.42343 0.35905161
car 281.80353 313.08533 161.59715 182.04073 0.47201952
car 179.44786 212.55022 216.52368 243.71948 0.9312171
--
car 281.56442 317.19006 317.35638 352.69925 0.33092958
car 278.2448 309.82867 161.79092 183.20747 0.64200664
car 178.95006 213.01904 215.86351 243.53975 0.9266482
--
car 274.5432 309.35626 162.26602 183.11304 0.7134766
car 179.30682 212.71405 215.6675 242.92325 0.9350095
--
car 273.14856 306.43878 163.05408 182.32355 0.71776
car 178.71117 212.76414 215.30742 243.13884 0.9246854
--
car 271.34674 304.92514 162.84 182.68738 0.6616118
car 174.99042 208.82343 216.1061 242.08194 0.8929339
--
car 265.29218 301.09686 163.30872 184.37985 0.55969256
car 174.9112 208.80676 216.08223 241.9235 0.9056894
--
car 265.3178 301.14944 163.2978 184.41766 0.6357899
car 174.831 208.60977 215.92735 242.11975 0.90956265
--
car 174.33844 208.34776 215.34148 241.48344 0.8789769
--
car 174.69601 207.2968 214.65584 241.56775 0.93235755
--
car 173.45273 206.8421 212.26549 237.45753 0.9345345
--
car 256.85046 288.23987 164.83813 184.40337 0.7061826
car 173.20728 207.71516 211.83952 237.67975 0.7928518
--
car 254.64334 286.0773 164.41348 184.5841 0.5057017
car 172.20166 207.56126 211.34337 237.8378 0.87425214
--
car 248.91824 282.39325 166.1807 187.55644 0.8039369
car 171.97801 206.80281 211.06763 237.96794 0.88675326
--
car 249.36444 282.4416 166.23009 187.66924 0.8151413
car 171.94414 206.89725 210.79549 238.17325 0.86982906
--
car 248.07661 279.67465 166.61937 186.85847 0.80087405
car 171.50717 205.65121 210.26172 238.06528 0.8971719
--
car 247.21036 276.91132 166.54677 186.20224 0.85409707
car 171.1156 205.25656 209.85211 237.32385 0.8903494
--
car 171.07027 204.43896 209.85153 236.27107 0.88192654
car 245.26279 274.50742 166.49753 186.8225 0.9089036
--
car 170.13167 204.64313 209.16261 236.1431 0.9171354
car 241.69562 272.28085 167.40535 187.17966 0.9301739
--
car 238.46312 269.2967 167.19989 187.68875 0.9177398
car 170.61987 201.28401 209.2616 235.16263 0.9278274
--
car 170.64197 201.40562 209.3495 235.1061 0.91263056
car 238.51193 269.07468 167.35634 187.79941 0.9307963
--
car 236.50427 266.20923 166.96246 187.68863 0.8261141
car 170.60641 201.86954 208.93262 234.6611 0.8904165
--
car 242.35405 262.86426 167.70915 181.89027 0.3480139
car 167.8911 198.86247 209.32156 232.41586 0.80125296
car 232.10178 262.6943 168.28656 188.01637 0.825639
--
car 166.35081 198.44394 209.26599 232.86832 0.8391104
car 229.5681 261.53186 168.68771 188.06763 0.91220194
--
car 166.0049 197.69481 208.95316 232.8507 0.8763308
car 227.0004 258.12347 168.4146 188.8329 0.9065681
--
car 226.73874 256.24042 168.33424 189.0843 0.8411755
car 165.91556 196.098 208.78993 232.93303 0.9276072
--
car 226.70341 256.28738 168.30362 189.07321 0.84338987
car 165.70486 196.05946 208.95018 232.77626 0.9225745
--
car 222.62617 253.60657 172.22475 190.911 0.908879
car 164.59332 195.14124 208.20604 232.25826 0.9408742
--
car 219.45085 250.5408 172.29779 191.27838 0.93363774
car 164.36995 194.5119 207.24904 232.66638 0.96353775
--
car 164.13402 194.10861 206.96371 232.0769 0.8807259
car 217.32489 248.68735 172.13745 190.90662 0.88285244
--
car 163.88422 193.07564 206.7694 231.43318 0.7448243
car 216.75893 246.70807 172.02467 190.68446 0.77376086
--
car 163.15791 192.27283 204.03049 226.10855 0.7863333
car 211.93025 244.79556 172.41718 191.12798 0.8191182
--
car 163.06898 192.56247 203.9502 226.28488 0.78800255
car 211.74171 245.03462 172.29317 191.15202 0.8278734
--
car 209.76353 241.46988 173.15564 190.37607 0.76406103
car 162.41528 192.6532 202.85736 226.58688 0.7657172
--
car 208.65836 238.00307 173.06306 190.75447 0.7159717
car 161.56767 193.04929 202.14336 226.3818 0.825307
--
car 160.74142 194.61934 202.25085 226.56921 0.8244276
car 204.59813 235.62859 173.74612 191.9267 0.84200776
--
car 158.39075 188.22604 202.55911 225.2504 0.84498215
car 202.13136 233.34288 174.06638 192.88077 0.8943597
--
car 158.26369 188.32724 202.49185 225.30882 0.8450075
car 202.12074 233.35559 174.02089 192.95705 0.8885636
--
car 200.25084 230.77731 174.4581 193.65678 0.88743365
car 157.19205 189.2714 201.08025 224.87642 0.8895826
--
car 157.16414 189.10754 200.97522 224.87491 0.88354963
car 200.18637 230.69203 174.44711 193.66985 0.89950156
--
car 198.41591 228.36858 174.00188 193.41844 0.79110056
car 155.88434 187.87086 200.91437 224.06058 0.8714878
--
car 76.29883 93.36441 152.45335 167.09616 0.30414146
car 192.95374 228.40181 176.27187 195.3134 0.7502356
car 154.70303 186.14067 199.8265 224.1262 0.91268027
--
car 192.07889 225.27957 176.12811 195.33333 0.7437766
car 154.02953 186.761 199.36392 223.76678 0.8677817
--
car 154.12968 185.72629 199.43565 222.36708 0.7379226
car 191.01942 221.3027 176.55069 195.88687 0.7994982
--
car 76.29564 93.3669 152.3849 167.12102 0.31436813
car 189.70107 219.82 176.30411 197.01398 0.34514254
car 153.42696 183.8959 198.55913 221.42133 0.5527775
--
car 76.30358 93.26603 152.3996 167.12263 0.31613648
car 190.06438 219.63316 176.28754 196.87694 0.32099417
car 153.4562 184.00351 198.42915 221.58942 0.55495185
--
car 179.63412 219.75441 176.72855 196.731 0.34546483
car 150.12695 179.27983 198.21814 221.212 0.5270849
--
car 179.73073 216.58704 177.65198 197.51611 0.38771918
car 150.98933 178.65482 195.47719 216.81049 0.7543933
--
car 180.90535 212.43643 177.6462 197.11693 0.69913775
car 151.22408 177.67912 194.5703 216.7154 0.8220803
--
car 179.33102 211.36755 177.44765 198.01334 0.7621843
car 149.63525 177.36848 193.93437 217.09857 0.94518226
--
car 171.13106 210.341 175.12337 197.84857 0.46115342
car 147.22183 176.36003 192.67093 216.88943 0.9543516
--
car 171.8574 210.27751 175.2582 197.93321 0.43966234
car 147.09381 175.99767 192.62439 216.88336 0.9512207
--
car 169.7338 208.47742 175.44214 198.8884 0.68877745
car 145.69446 174.19923 191.60797 216.3004 0.9181598
--
car 170.45189 205.92854 179.656 201.08275 0.80545217
car 145.55702 173.1036 191.61911 215.20041 0.8703288
--
car 169.22285 203.43343 179.21391 201.87361 0.7759327
car 144.33932 172.4011 191.49223 214.4719 0.8545692
--
car 143.86925 174.41144 191.37987 213.98062 0.47708824
car 161.01517 202.627 179.22966 202.37169 0.89813805
--
car 141.05566 168.54924 191.81013 212.72308 0.52662873
car 160.31125 200.71317 179.76422 201.79932 0.82629627
--
car 141.0377 168.76436 191.63063 212.78305 0.4842206
car 159.89224 200.91676 179.66435 201.99623 0.8155783
--
car 139.8304 168.32988 190.77654 211.63765 0.66471374
car 162.1793 197.24045 179.88965 201.38615 0.8547306
--
car 136.81058 166.67572 190.17592 211.24966 0.6684876
car 163.27792 195.43817 180.34824 200.86542 0.763524
--
car 136.49811 166.1276 189.87141 211.72223 0.3583114
car 145.32687 194.16148 179.8912 204.89111 0.7078491
--
car 148.86026 193.24516 180.44907 203.79639 0.48403892
--
car 152.24185 192.44289 181.35765 202.26442 0.7051461
--
car 130.86024 158.66415 185.69069 206.99802 0.316092
car 152.27637 189.61679 181.7616 202.65596 0.8428641
--
car 131.10553 158.74771 185.63586 207.10898 0.37014145
car 153.06657 189.51454 181.69273 202.72726 0.8446429
--
car 151.1409 187.95787 181.31218 203.02095 0.90289646
--
car 151.26357 186.28542 181.66278 203.21431 0.94307613
--
car 140.18361 185.42775 180.69194 205.06683 0.9209789
--
car 142.32404 183.42369 181.06166 205.14279 0.88295585
--
car 142.3963 182.75899 181.84196 203.63116 0.92347205
--
car 142.39995 182.85521 181.88832 203.90544 0.92384785
--
car 54.17312 81.31008 174.77855 197.56693 0.31159222
car 140.1757 182.61772 181.90915 202.99286 0.8639878
--
car 140.179 180.25552 181.90883 202.28804 0.727736
--
car 128.52934 180.07301 180.2464 204.26831 0.64402294
--
car 53.949524 81.20716 174.53659 197.45457 0.3098996
car 142.51357 178.7903 182.06714 203.46886 0.6456178
--
car 142.05133 178.66457 182.3618 202.69055 0.658885
--
car 142.80452 178.00528 182.41473 202.65434 0.68715304
--
car 131.25139 176.08356 180.73196 204.43582 0.85261655
--
car 131.99469 175.34248 180.73784 205.40837 0.92967576
--
car 132.31802 174.35251 181.18683 204.00873 0.90521455
--
car 54.15318 81.34736 174.90778 197.07333 0.3347324
car 76.19995 92.9872 152.03479 167.08998 0.33880806
car 132.63242 173.99905 181.54463 203.82933 0.92100626
--
car 76.28111 93.04775 152.11172 167.09767 0.36257264
car 133.90259 172.19286 182.08867 203.59062 0.8623673
--
car 114.39953 132.29037 176.05179 190.35616 0.32754567
car 76.317276 92.88545 152.18364 167.0798 0.35559568
car 133.70105 172.48236 182.18248 203.7976 0.8969405
--
car 133.93317 171.39932 182.20372 204.53596 0.92741376
--
car 134.11714 170.61891 182.30174 204.08188 0.9144438
--
car 54.60108 81.235306 175.20665 196.99512 0.3530195
car 108.486305 139.14368 174.99176 194.50421 0.61184686
car 134.02861 170.19429 183.07242 204.17879 0.83073825
--
car 108.307785 139.8885 174.4718 193.31151 0.37508357
car 134.4941 168.98384 183.14473 204.42082 0.7775107
--
car 54.657883 81.16987 175.24622 197.12704 0.31617275
car 107.496315 139.59721 174.12444 193.90785 0.5458617
car 133.87698 168.65106 183.15498 204.87076 0.8291532
--
car 54.61788 81.11483 175.25868 197.15756 0.30968627
car 106.18702 142.8606 173.36377 193.97777 0.5522835
car 133.47992 168.97397 182.6412 204.84512 0.79898125
--
car 54.496162 80.88212 175.15956 197.1634 0.32467458
car 105.90844 142.69318 173.08253 194.18779 0.63609624
car 133.06549 169.26001 182.66942 204.90523 0.8181899
--
car 103.355316 143.24124 173.01964 194.76152 0.70232564
car 133.49258 168.12152 182.2145 204.67575 0.7553677
--
car 102.77494 143.1164 173.22299 194.7705 0.7069177
car 133.28343 167.23724 182.00546 204.61073 0.8670285
--
car 102.44918 142.36769 173.02638 194.69644 0.74795794
car 132.75705 167.3081 181.79733 204.37965 0.9092531
--
car 54.61283 81.078606 175.09895 196.95984 0.30402836
car 101.70386 143.7728 173.51663 192.87476 0.5660661
car 132.88693 166.64449 181.76488 204.79938 0.8853894
--
car 100.885155 133.9101 173.12413 191.05695 0.5682771
car 132.83331 166.37627 181.98732 204.51784 0.87078476
--
car 54.34501 81.11297 175.42854 196.48372 0.3763159
car 101.32181 133.46094 173.04672 191.23622 0.62716115
car 133.97676 165.94405 182.25076 204.56816 0.90096724
--
car 54.286434 81.064926 175.37523 196.65219 0.3191626
car 102.050446 133.15549 172.38603 191.3895 0.7292973
car 133.39462 165.84398 182.1377 204.60088 0.8923838
--
car 101.43721 133.72363 172.12119 191.87195 0.49202895
car 126.88367 165.42714 179.71184 205.16876 0.8849812
--
car 101.527176 133.34985 171.05473 192.56091 0.40288174
car 127.19739 165.16264 180.0215 205.11806 0.91606826
--
car 101.52324 132.30643 169.692 188.1235 0.40402052
car 132.04572 166.19647 181.7334 204.66125 0.888212
--
car 101.649 132.3569 169.2491 188.43501 0.5437102
car 132.4895 166.1095 181.99757 204.7431 0.8900304
--
car 101.06022 132.10779 169.216 188.59987 0.5318763
car 126.69504 165.19878 180.47774 205.258 0.90754926
--
car 101.682365 130.9682 168.7591 188.16043 0.47115377
car 132.7763 166.08842 181.97289 204.7784 0.90336376
--
car 100.16922 130.39626 168.67549 188.20668 0.3562527
car 133.02995 165.92981 181.9949 204.86526 0.90950364
--
car 99.744774 130.19281 168.55785 188.27873 0.42897668
car 133.33447 166.06935 182.007 204.89058 0.91126454
--
car 54.171875 81.52653 175.08798 196.43228 0.3094708
car 99.48218 129.27815 168.32864 188.0681 0.5209355
car 126.06133 164.95409 180.68988 205.53773 0.8619302
--
car 99.61098 127.90847 168.29785 187.74738 0.31676522
car 126.60497 164.55292 181.21191 205.50908 0.81368285
--
car 101.5611 123.92823 168.44832 188.19214 0.49392584
car 133.44492 166.05063 182.61761 204.0771 0.7358964
--
car 101.72927 123.642654 168.33452 187.91415 0.45857894
car 134.32878 166.05283 183.01125 204.01349 0.8016047
--
car 134.67816 165.35265 183.37962 203.4774 0.7935388
--
car 102.07747 122.23572 167.00728 181.83958 0.44792467
car 135.40079 165.11943 184.05785 203.99571 0.71302015
--
car 102.851166 122.0428 166.77107 181.51671 0.49314114
car 135.26639 165.27109 184.02632 204.13078 0.7506649
--
car 102.61531 121.95393 166.55591 180.74301 0.42475632
car 135.42438 165.01614 183.85315 203.30025 0.60040957
--
car 102.847206 122.49764 165.0979 181.45987 0.54023874
car 135.22827 164.88933 183.54599 203.38974 0.6753762
--
car 102.57789 122.49856 164.99016 181.59885 0.5922142
car 135.26282 164.88199 183.6531 203.63243 0.6973407
--
car 102.04877 122.718704 164.62473 181.57358 0.5246187
car 134.61845 164.94406 183.62743 203.80093 0.7129054
--
car 102.04275 122.63277 164.759 181.13013 0.44485435
car 134.86041 164.92676 183.578 203.82507 0.68779546
--
car 101.69721 122.82596 164.02943 181.42859 0.46031535
car 135.14203 164.81664 183.41986 203.61813 0.5701158
--
car 101.99118 122.572586 163.93445 181.33167 0.4635041
car 135.31635 164.91449 183.47733 203.63873 0.60846573
--
car 101.5719 122.47119 164.66325 183.3257 0.5402169
car 135.1754 165.00264 183.9861 205.04184 0.72854996
--
car 101.60463 122.45396 164.6944 183.36993 0.5528582
car 134.94495 165.06238 184.01794 205.20216 0.76634955
--
car 101.420334 122.223175 164.6894 183.6372 0.49682266
car 134.9343 165.16733 183.79488 204.46231 0.6779599
--
car 98.638855 119.55011 167.3356 181.90395 0.3854085
car 134.80475 165.37407 183.43494 204.44295 0.68660617
--
car 98.47917 119.83588 167.42694 181.82483 0.40144768
car 135.22363 165.24171 183.7652 204.4722 0.72597104
--
car 98.13312 119.98885 167.35895 182.04654 0.37374192
car 135.12743 165.18324 183.9902 204.80162 0.66399133
--
car 98.045616 120.04697 165.71353 186.09363 0.3984028
car 134.6274 165.3133 183.6799 204.81944 0.6229266
--
car 98.02883 120.08135 165.54324 186.22841 0.44793645
car 134.60005 165.26668 183.63695 205.01965 0.6462387
--
car 54.050423 81.030174 174.81119 196.78995 0.31320885
car 98.13841 120.0944 165.36652 185.86996 0.44607502
car 134.88232 165.36455 183.68672 204.81833 0.67016804
--
car 98.1056 120.066605 165.42572 186.04903 0.39488184
car 135.00732 165.30379 183.6943 205.04636 0.6131209
--
car 74.26306 94.734665 146.6 168.85365 0.30105054
car 97.928116 120.078735 167.43205 182.0509 0.31454784
car 135.02292 165.47006 183.699 204.76074 0.49783033
--
car 134.64493 165.70923 183.99004 204.97302 0.61256796
--
car 54.253864 81.167366 175.45808 197.101 0.3708617
car 133.6195 166.48192 183.54762 205.07065 0.5142447
--
car 54.18734 81.13514 175.37938 197.0128 0.3596165
car 133.92323 166.14723 183.67093 205.14183 0.54961926
--
car 54.14545 81.02032 175.30196 197.10962 0.32468453
car 133.80247 166.27354 183.62424 204.71375 0.50316215
--
car 98.81234 118.521126 168.71481 182.94522 0.31784397
car 54.268154 81.09315 175.47643 196.89397 0.32689217
car 133.65659 166.37602 183.66747 204.91202 0.5457811
--
car 54.21734 81.11701 175.5139 196.9586 0.30795172
car 98.62029 118.91425 168.604 182.9588 0.3142105
car 133.46579 166.16463 183.60585 205.00542 0.54246026
--
car 54.311615 81.12501 175.64627 196.87946 0.32821125
car 98.637856 118.96889 168.80211 182.9299 0.3420258
car 133.7946 165.93546 183.6154 204.6452 0.52308077
--
car 54.153706 81.09217 175.54117 197.04756 0.32820255
car 98.425415 119.17382 168.88455 183.12306 0.3687892
car 134.06537 165.60202 183.84633 204.99973 0.660534
--
car 98.309586 119.282585 168.75778 183.21185 0.3327684
car 134.06187 165.46051 183.9047 205.25113 0.71174026
--
car 134.1868 165.6963 183.86539 204.82773 0.6842709
--
car 98.41037 119.24704 168.62459 182.90149 0.30896637
car 134.22057 165.70384 183.7829 204.77211 0.6690822
--
car 134.17174 165.74512 183.7766 205.0718 0.64084846
--
car 98.59884 119.00024 168.11588 182.64856 0.3102869
car 134.11073 165.81282 183.4631 204.64641 0.634026
--
car 98.51458 118.91575 167.57129 182.42915 0.36088243
--
car 98.466545 119.038506 167.60448 182.55838 0.36092198
--
car 98.38326 119.11 167.61763 182.60399 0.34876016
--
car 98.36138 119.2168 167.5955 182.60895 0.34543708
--
car 134.6314 165.77795 182.59784 203.37367 0.30425155
car 98.41385 119.24774 167.65233 182.57718 0.36357373
--
car 134.80666 165.72556 182.61758 203.07721 0.30379236
car 98.51459 119.271996 167.6362 182.56636 0.36767194
--
car 98.41817 119.225815 167.62576 182.5264 0.3583367
car 134.84605 165.69368 182.71252 203.21623 0.3664044
--
car 134.86559 165.47192 182.63185 203.04655 0.30448222
car 98.386055 119.311104 167.55807 182.39597 0.36211142
--
car 134.80594 165.59052 182.78392 203.6964 0.34417662
car 98.376625 119.41168 167.56982 182.44742 0.3460711
--
car 54.255775 81.17943 175.09383 196.61201 0.3022924
car 98.37267 119.51273 167.48463 182.38657 0.3519069
car 134.44186 165.89232 182.94356 203.9968 0.5129522
--
car 98.29566 119.58076 167.3932 182.38773 0.35424754
car 134.26813 165.92105 183.11432 204.1825 0.56839514
--
car 98.1871 119.5881 167.29134 182.24724 0.3783119
car 134.17113 165.98645 183.09694 204.30399 0.55649906
--
car 98.09273 118.914665 167.28503 182.0171 0.6009479
--
car 98.40626 118.57858 167.53009 181.88216 0.55698436
--
car 98.44883 118.618286 167.4927 181.8155 0.5799553
--
car 135.11424 165.71523 183.0796 204.43942 0.33880475
car 98.43677 118.612946 167.56505 181.845 0.58312845
--
car 98.35927 118.62189 167.52992 181.8025 0.5727742
--
car 54.27797 81.16209 175.522 196.81863 0.30693704
car 98.31948 118.560776 167.73674 181.87434 0.5661679
--
car 54.30075 81.2117 175.58005 196.87236 0.3059195
car 98.35022 118.570114 167.64458 181.78944 0.52299446
--
car 135.12605 165.55109 183.10802 204.10092 0.31691086
car 54.307983 81.23597 175.58736 196.83672 0.32230338
car 98.42165 118.64565 167.5184 181.61157 0.51811475
--
car 135.11186 165.67706 183.09761 204.17801 0.30865496
car 54.32907 81.26082 175.54938 196.84483 0.31647006
car 98.395805 118.74933 167.4355 181.69807 0.50616103
--
car 54.366947 81.269775 175.56291 196.8615 0.31234518
car 98.43572 118.8772 167.37988 181.75262 0.49974418
--
car 54.28776 81.24176 175.55534 196.86311 0.31663442
car 98.37094 118.94734 167.45444 181.88611 0.48549712
--
car 54.3097 81.2366 175.54852 196.78964 0.3022761
car 135.0202 165.65591 182.97887 204.62527 0.356344
car 98.41146 119.03864 167.41634 181.86784 0.47571328
--
car 134.43108 165.839 182.791 202.9055 0.49931952
car 98.4164 119.39375 167.55254 181.51337 0.5683486
--
car 134.38771 165.9631 182.81583 202.94415 0.5051394
car 98.432724 119.45426 167.57474 181.50034 0.5696673
--
car 134.43855 165.88223 182.79132 202.86433 0.47929105
car 98.45508 119.39734 167.59924 181.52556 0.5858937
--
car 134.33759 165.85287 182.93478 203.03072 0.5033339
car 98.48732 119.30099 167.66945 181.4815 0.58437663
--
car 134.17235 165.93735 182.92087 203.13081 0.5128541
car 98.40881 119.53575 167.50764 181.50723 0.60070264
--
car 134.20314 165.91025 182.88792 203.06796 0.5065353
car 98.386734 119.56354 167.42717 181.50159 0.6076143
--
car 134.19751 165.88777 182.90076 203.03787 0.51568615
car 98.36469 119.61269 167.43105 181.581 0.6242005
--
car 134.22235 165.83224 183.00967 203.30936 0.53925574
car 98.2914 119.70362 167.39513 181.62054 0.6149172
--
car 134.1691 165.82767 183.04402 203.37204 0.54587466
car 98.277336 119.72669 167.42111 181.61104 0.6066108
--
car 76.44804 93.117714 152.49051 167.03618 0.3013509
car 134.16937 165.83252 183.01974 203.47444 0.5628426
car 98.18773 119.70303 167.38438 181.58868 0.62997407
--
car 134.28537 165.7628 182.92833 203.49156 0.55937093
car 98.167984 119.79845 167.31885 181.58112 0.61502135
--
car 134.26244 165.73006 182.95697 203.56909 0.55678076
car 98.13353 119.75464 167.35327 181.63585 0.6086995
--
car 98.36972 119.66915 167.296 181.81659 0.5422479
--
car 135.40099 165.72563 182.84637 203.44185 0.33133987
car 98.59484 119.29344 167.35364 181.6123 0.50751317
--
car 135.27245 165.81023 182.80255 203.40839 0.34021923
car 98.64086 119.14415 167.48463 181.55014 0.52011573
--
car 135.07744 165.91747 182.73866 203.2834 0.3401942
car 98.660934 119.15444 167.55423 181.59924 0.5170663
--
car 135.0951 165.95508 182.75195 203.65077 0.39170438
car 98.65473 119.08003 167.66013 181.60886 0.530427
--
car 135.0404 165.96301 182.79004 203.6011 0.4071311
car 98.628525 119.12403 167.65117 181.62529 0.5345219
--
car 134.80093 166.14238 182.77078 203.55246 0.37339514
car 98.558014 119.204025 167.69565 181.68646 0.5493566
--
car 134.70285 166.10138 182.80289 203.60654 0.4027629
car 98.55989 119.17298 167.61772 181.67683 0.51611847
--
car 134.63312 166.13011 182.83023 203.60915 0.39945343
car 98.4976 119.400856 167.57733 181.69167 0.52935964
--
car 134.64981 166.11786 182.8016 203.60335 0.3939306
car 98.489426 119.37169 167.60097 181.67896 0.52828693
--
car 134.6944 166.13716 182.83821 203.54953 0.38612726
car 98.47774 119.324814 167.67712 181.72566 0.55475014
--
car 134.73517 166.05902 182.79565 203.71838 0.36887223
car 98.38943 119.22776 167.67993 181.7633 0.53951114
--
car 98.43814 119.15518 167.33029 181.22667 0.4959875
car 134.8387 165.28433 183.62495 205.37999 0.6071668
--
car 98.487785 119.14261 167.28497 181.12415 0.5067601
car 134.82971 165.18497 183.61026 205.32327 0.6307809
--
car 98.4345 119.30023 167.26051 181.15901 0.50889164
car 134.83107 165.26137 183.5301 205.13219 0.6032092
