--
car 620.0324 647.23126 103.5398 122.04967 0.3367277
car 539.9848 581.72284 103.60951 119.40017 0.35011685
car 647.71484 677.8643 153.25911 193.4252 0.53935206
car 465.47168 662.17224 287.8968 411.59695 0.9960999
car 213.54433 389.01648 208.71814 290.3612 0.9973979
--
car 620.0361 647.225 103.58031 122.03147 0.34035844
car 539.95966 581.7252 103.657585 119.37689 0.36336842
car 647.71985 677.868 153.27759 193.39934 0.53940713
car 465.2525 662.24036 287.97546 411.6623 0.99613273
car 213.53703 389.0579 208.72325 290.2899 0.99738526
--
car 620.0061 647.2472 103.57559 122.04964 0.3336237
car 539.9388 581.7652 103.61047 119.415146 0.35738105
car 647.7174 677.8616 153.27025 193.41347 0.5350793
car 465.1095 662.2068 287.98138 411.66638 0.9961125
car 213.55658 389.00583 208.7239 290.25128 0.9974043
--
car 620.0958 647.20886 103.539345 122.065544 0.34561184
car 539.66315 581.81287 103.63028 119.37323 0.3663187
car 647.882 677.8205 153.35095 193.16245 0.61580384
car 431.62503 629.9643 264.99487 400.5684 0.99225354
car 214.78134 389.48523 208.05424 288.9608 0.9955039
--
car 620.0869 647.19885 103.55401 122.07074 0.3392043
car 539.6728 581.8161 103.63359 119.346886 0.36963624
car 647.89856 677.8183 153.34973 193.17657 0.61762553
car 431.64755 629.89465 265.03107 400.5667 0.99207634
car 214.8731 389.41702 208.06677 289.01083 0.99571496
--
car 620.11584 647.1297 103.45928 122.20508 0.3514131
car 539.53577 581.66565 103.51283 119.61197 0.35381114
car 647.4102 678.30597 147.82394 188.60852 0.6411674
car 424.68796 600.83124 254.47736 383.82785 0.99465966
car 214.7724 389.97968 208.16306 288.80734 0.99637663
--
car 620.0461 647.6974 103.27643 122.26148 0.3692872
car 539.407 581.6416 103.46725 119.30869 0.3856878
car 647.55334 678.20856 147.51309 188.88705 0.6735529
car 418.99985 582.14545 244.61557 371.88617 0.9875543
car 214.12135 390.5007 207.88988 288.48102 0.9967191
--
car 530.9397 585.90356 103.59729 133.72307 0.3327233
car 620.0938 647.4776 103.19822 122.078674 0.3503797
car 538.92096 581.7394 103.69887 119.62895 0.3638982
car 647.42676 678.30164 147.37935 188.98268 0.6806649
car 418.6533 582.4975 244.57518 372.0171 0.9870332
car 213.92421 390.72064 207.98343 288.28458 0.99668366
--
car 619.96075 647.3949 103.226715 122.11989 0.3080196
car 539.47626 581.2989 103.83002 119.85808 0.30987135
car 531.0225 586.23157 103.90433 133.84003 0.49254963
car 647.42566 678.29987 147.46478 189.03322 0.6365713
car 398.1601 565.7482 237.0482 363.8782 0.97508705
car 213.24965 390.7162 208.11594 288.3695 0.9951298
--
car 619.7468 647.87964 103.13116 122.38233 0.30376592
car 530.82983 586.3437 103.82773 133.92136 0.4503629
car 647.38324 678.2664 146.88094 189.27698 0.56176865
car 381.319 546.4774 230.496 353.55478 0.9416357
car 212.93152 390.04517 207.52672 288.91663 0.9934026
--
car 619.6737 647.9714 103.15881 122.42347 0.31535682
car 531.0116 586.34607 103.71215 133.76749 0.448264
car 647.3255 678.3381 146.91084 189.26413 0.5681952
car 381.5044 546.2747 230.62497 353.8363 0.94448316
car 212.83713 390.055 207.60934 289.1236 0.99437696
--
car 619.68866 647.96893 103.27353 122.338844 0.31725276
car 531.0747 586.46106 103.88508 133.8347 0.4223711
car 647.2751 678.3819 146.80663 189.29066 0.5549344
car 373.2307 527.40424 227.72005 331.254 0.91358525
car 211.60158 388.23865 206.02196 289.8571 0.9920936
--
truck 364.58963 514.90344 221.19775 327.43137 0.3283032
car 619.7741 647.90717 103.3469 122.286514 0.32863054
car 531.08295 586.4458 103.73561 133.67142 0.4490438
car 647.63214 678.1746 152.95528 193.53969 0.50862306
car 372.33344 519.84155 219.19937 324.53763 0.7815814
car 213.94037 376.57687 205.26636 290.40674 0.9873721
--
truck 364.5425 514.9784 221.05876 327.38907 0.32715824
car 619.734 647.97394 103.33371 122.274185 0.3296986
car 531.03 586.479 103.680595 133.68045 0.45823222
car 647.6687 678.1362 152.93329 193.51527 0.5010121
car 372.26187 519.9255 219.22408 324.41537 0.7749394
car 213.66292 376.6908 205.04698 290.75195 0.98694235
--
truck 370.2027 495.5531 205.5888 317.95874 0.32189685
bus 214.08504 363.6766 200.23608 294.61108 0.4118522
car 619.69836 648.14355 103.336464 122.40399 0.34154505
car 530.78815 586.6216 103.56431 133.94437 0.486041
car 647.2336 678.25635 146.17288 189.51738 0.51781297
car 214.08504 363.6766 200.23608 294.61108 0.64512295
car 357.11377 497.97488 214.89815 310.43658 0.663395
--
truck 370.20496 495.6394 205.43033 317.91052 0.31396213
bus 214.08571 363.6769 200.14317 294.63837 0.41044647
car 619.81274 647.9927 103.31458 122.37658 0.3387482
car 530.3937 586.6183 103.57209 133.94785 0.48804286
car 647.2392 678.2546 146.18597 189.51599 0.5236199
car 356.94476 498.20612 214.90048 310.27066 0.6422167
car 214.08571 363.6769 200.14317 294.63837 0.65586513
--
truck 370.2124 495.61325 205.38571 317.88223 0.30831832
bus 214.13838 363.71246 200.15588 294.65042 0.40421578
car 619.85754 648.00305 103.2909 122.36726 0.34364846
car 530.4294 586.5828 103.576675 133.93373 0.48774007
car 647.23517 678.2673 146.21733 189.49748 0.52696073
car 356.77426 498.32794 214.95103 310.10608 0.62635237
car 214.13838 363.71246 200.15588 294.65042 0.6641794
--
bus 216.2357 357.8542 199.46811 296.55096 0.6254678
car 619.86884 647.8729 103.41034 122.26434 0.33305892
car 216.2357 357.8542 199.46811 296.55096 0.3678177
car 530.29865 586.80817 103.5083 134.0476 0.4712644
car 647.14014 678.3012 146.22649 189.39986 0.471997
car 361.61606 489.8903 210.55821 303.00314 0.60184306
--
bus 210.86772 360.9935 193.76349 283.89923 0.4483276
car 619.8282 647.8731 103.497246 122.20948 0.34004852
car 530.52655 586.62213 103.63868 133.9366 0.48496807
car 647.15216 678.32104 146.35571 189.4122 0.5049804
car 210.86772 360.9935 193.76349 283.89923 0.65690887
car 363.48718 486.9765 210.6655 299.77585 0.81994987
--
bus 210.90799 361.03186 193.66757 284.00598 0.44050735
car 619.87823 647.8169 103.49521 122.17215 0.34130895
car 530.6103 586.51587 103.666275 133.78474 0.48253825
car 647.14264 678.33325 146.35283 189.4108 0.5090599
car 210.90799 361.03186 193.66757 284.00598 0.6582614
car 363.42868 486.96478 210.75916 299.80832 0.82976127
--
truck 342.10626 484.98694 209.82668 292.0276 0.3994297
bus 212.85872 353.32974 192.28902 285.3311 0.60056597
car 240.49158 299.51764 117.35259 148.05164 0.34456557
car 619.98285 647.6449 103.54471 122.13326 0.34848785
car 530.5594 586.52905 103.71454 133.72157 0.46954492
car 647.1407 678.33826 146.41432 189.3981 0.5219346
car 212.85872 353.32974 192.28902 285.3311 0.6436617
car 342.10626 484.98694 209.82668 292.0276 0.7300052
--
car 620.0761 647.61273 103.50209 122.15196 0.35432985
car 240.84198 298.83264 116.33596 148.24269 0.41019544
car 530.58997 586.49164 103.67312 133.61813 0.47436124
car 647.1674 678.28723 146.49452 189.31786 0.4930114
car 344.74 481.49075 206.31706 292.7366 0.7993139
car 212.68353 336.7848 198.96411 290.97324 0.88025576
--
car 620.07294 647.6263 103.52836 122.1553 0.358073
car 240.79602 298.9254 116.33023 148.22467 0.40994513
car 530.65485 586.4424 103.68079 133.63084 0.48323599
car 647.6588 678.08044 152.85698 193.68924 0.49675107
car 344.76938 481.451 206.35951 292.74988 0.7946303
car 212.71733 336.76773 198.96153 291.01535 0.8672703
--
car 240.69623 298.98135 116.52427 148.12201 0.3430752
car 620.2224 647.3674 103.57496 122.063416 0.36611068
car 530.5925 586.616 103.66268 133.61768 0.44406632
car 647.6732 678.03546 152.88489 193.66945 0.49679533
car 351.89697 483.80554 206.14333 293.76666 0.6799278
car 211.26515 338.49902 192.91455 283.75125 0.89245766
--
bus 219.43527 339.9464 195.65247 291.94308 0.34448004
car 240.78317 298.78455 116.38561 148.0547 0.33509812
car 620.31 647.2962 103.5132 122.07713 0.3737886
car 530.2672 586.70044 103.54654 133.73279 0.4669368
car 647.64526 678.0182 152.91463 193.63147 0.4731761
car 342.76236 477.741 194.76628 281.77893 0.66197467
car 213.82596 336.19086 192.94626 283.52716 0.8569139
--
bus 219.50435 340.11716 195.81377 291.7744 0.30115435
car 240.91357 298.69376 116.29689 148.05464 0.3349412
car 620.32355 647.3023 103.48258 122.12312 0.38448906
car 530.2612 586.6277 103.62175 133.75891 0.45290908
car 647.67334 678.0149 152.89436 193.63297 0.49004108
car 342.72455 477.94275 194.78244 281.7246 0.65598595
car 213.6889 336.32797 193.15086 283.33496 0.8712983
--
bus 219.68135 339.73608 194.93683 291.41275 0.3873201
car 240.78654 298.76312 116.65642 148.01385 0.3348155
car 620.3364 647.2533 103.50477 122.102234 0.38805154
car 530.2407 586.6149 103.639984 133.7334 0.45646608
car 647.67664 678.02765 152.89941 193.61143 0.49767968
car 342.76132 474.42468 195.26834 281.24026 0.685949
car 215.17168 334.8258 193.01254 282.68192 0.85458374
--
car 539.55597 580.9132 103.93071 119.69556 0.30519548
car 240.89426 298.68256 116.495636 147.9805 0.33028892
car 620.321 647.2176 103.51723 122.0859 0.3874066
car 530.246 586.7112 103.72626 133.62018 0.46924815
car 647.69946 678.0235 152.92682 193.53162 0.51428
car 341.87915 470.98645 195.468 280.59152 0.7699786
car 216.5292 333.6402 192.91014 282.37247 0.9222848
--
car 539.54144 580.943 103.95626 119.667946 0.3137832
car 240.90504 298.71112 116.46996 147.95863 0.32411638
car 620.3372 647.19543 103.47283 122.110405 0.39027417
car 530.2193 586.7553 103.75002 133.62727 0.48038927
car 647.70953 678.02075 152.9252 193.53358 0.5198015
car 341.97394 471.00003 195.50703 280.5592 0.7716012
car 216.44968 333.67145 192.72418 282.54834 0.9163965
--
car 620.4116 647.12305 103.36861 122.11242 0.38978907
car 530.1351 586.7736 103.68866 133.64786 0.50465816
car 647.716 678.03107 152.94487 193.50185 0.5283367
car 336.80573 467.67358 194.14352 280.72763 0.7235427
car 216.98537 333.39508 194.22696 291.02954 0.9523322
--
car 539.40234 580.9417 103.91884 119.6376 0.30844954
car 620.40027 647.15686 103.27782 122.12877 0.39292398
car 530.20135 586.74243 103.73663 133.6306 0.49961916
car 647.76794 678.02826 153.08275 193.36856 0.5585354
car 336.5355 465.68338 193.22433 281.23697 0.7906978
car 218.21779 332.82132 191.94913 281.13242 0.9233648
--
car 620.3645 647.1979 103.27026 122.13166 0.39044785
car 530.21155 586.7823 103.72354 133.70316 0.49864978
car 647.7736 678.0292 153.03743 193.34665 0.56276697
car 337.31125 464.91025 197.65863 287.1008 0.78250664
car 218.10149 332.9281 191.91972 281.18933 0.92780083
--
car 620.3252 647.2169 103.26594 122.13538 0.38864478
car 530.1582 586.8689 103.742744 133.74033 0.49915853
car 647.7706 678.01965 153.0291 193.37753 0.5563585
car 336.27737 463.81808 197.98279 286.4712 0.76043874
car 219.52127 331.84232 191.80154 279.05606 0.94252616
--
bus 225.83247 337.58188 191.19138 293.19806 0.37234473
car 620.33093 647.1876 103.30307 122.12703 0.3885688
car 530.1537 586.86285 103.77787 133.73303 0.5006494
car 647.7971 678.00397 153.06699 193.26334 0.5629962
car 337.39392 463.8462 192.18607 280.96863 0.6948567
car 227.283 335.37076 187.82364 284.5715 0.8196475
--
bus 225.87616 337.4289 191.13086 293.23752 0.39523396
car 620.3285 647.17737 103.30044 122.10581 0.39153537
car 530.12805 586.91284 103.78964 133.72557 0.5025433
car 647.7968 677.99384 153.07712 193.22983 0.5602175
car 337.15448 463.88873 192.10628 280.96875 0.6986873
car 227.30554 335.19635 187.75752 284.6536 0.80972505
--
bus 226.27493 340.83316 190.4543 294.31168 0.36916366
car 620.32776 647.21423 103.27433 122.11264 0.3852088
car 530.14026 586.9827 103.777954 133.72763 0.49297684
car 647.7475 678.0518 152.9696 193.45122 0.532293
car 339.00797 464.2236 199.43411 285.28592 0.7355319
car 228.19342 339.0463 187.99359 283.65057 0.8598076
--
bus 226.51675 341.39774 190.28073 294.3298 0.33753565
car 539.4103 580.93604 103.949135 119.610146 0.30920848
car 620.36926 647.2328 103.303055 122.07017 0.3747533
car 530.0861 586.972 103.83144 133.74994 0.4894974
car 647.7421 678.08997 152.906 193.6874 0.5076735
car 338.96555 463.98044 198.97542 285.92767 0.74165
car 229.04823 339.404 188.26036 282.07062 0.8752037
--
bus 226.59396 341.19055 189.98322 294.66428 0.3346067
car 539.3396 580.99445 103.94125 119.59747 0.32573423
car 620.3707 647.21625 103.31697 122.06556 0.36968023
car 530.18036 586.9395 103.84903 133.76483 0.47411668
car 647.72284 678.08563 152.89417 193.64014 0.4944481
car 339.08316 463.9932 198.94212 286.0051 0.7569382
car 229.03146 339.16605 188.02357 282.43192 0.878912
--
bus 226.83086 341.15707 190.24611 294.48288 0.31287122
car 539.3026 581.0057 103.95827 119.572914 0.32478857
car 620.356 647.2256 103.313644 122.053856 0.37067902
car 530.13464 586.9818 103.84083 133.77248 0.47384873
car 647.7283 678.0953 152.86574 193.66324 0.50017476
car 339.54083 464.5429 199.58815 285.57016 0.78592235
car 229.17792 339.27835 188.05432 282.7054 0.89135164
--
bus 226.48026 341.20087 190.31635 294.47733 0.3984124
car 539.2616 581.0073 103.96946 119.53612 0.3196143
car 620.3636 647.19794 103.3333 122.039276 0.36517563
car 530.1408 587.0255 103.84443 133.82367 0.46409935
car 647.72375 678.0886 152.88976 193.66309 0.48852345
car 339.46466 465.23505 199.87704 285.2744 0.6629572
car 228.84946 339.42218 188.03181 282.31558 0.8497161
--
bus 226.5487 341.2377 190.26543 294.51993 0.4036439
car 539.28864 580.9995 103.96899 119.53985 0.31769952
car 620.3565 647.2073 103.34149 122.03435 0.36462814
car 530.0998 587.0623 103.84116 133.82864 0.46677354
car 647.7338 678.07513 152.92754 193.62714 0.49542856
car 339.4629 465.2226 199.81665 285.31702 0.65979636
car 228.89275 339.3801 187.96384 282.3901 0.84194064
--
bus 226.58842 341.22116 190.30232 294.50186 0.40929738
car 539.3064 580.9923 103.95613 119.54381 0.31176698
car 620.34973 647.19543 103.34258 122.02496 0.3642602
car 530.09644 587.09106 103.834854 133.86151 0.46422598
car 647.7336 678.07806 152.93344 193.64381 0.48984656
car 339.4371 465.3202 199.86232 285.2366 0.6686761
car 228.93605 339.32397 187.9831 282.31674 0.8399235
--
bus 226.01784 341.6849 189.915 294.77377 0.33171427
car 539.354 580.99475 103.95326 119.55012 0.31037533
car 620.3455 647.2246 103.33432 122.033775 0.36654752
car 530.1012 587.10944 103.82669 133.87524 0.45918846
car 647.7351 678.09686 152.97282 193.6386 0.49297762
car 339.66544 465.58298 200.09087 285.42664 0.76914334
car 228.35484 340.03198 187.64272 282.4934 0.8933871
--
car 539.3623 581.0233 103.956726 119.54196 0.3131324
car 620.358 647.21204 103.35003 122.019966 0.37093586
car 530.1034 587.125 103.831604 133.87697 0.45538437
car 647.741 678.1128 152.94025 193.65588 0.49618557
car 339.54517 465.511 199.83963 285.7094 0.7810992
car 228.46962 339.31326 187.80411 282.204 0.90329707
--
bus 225.65005 340.5013 189.91092 294.64636 0.322082
car 539.3603 581.0127 103.941315 119.55364 0.309278
car 620.3615 647.2288 103.34084 122.03131 0.37014285
car 530.0861 587.13513 103.82374 133.87201 0.45624498
car 647.7355 678.10956 153.00874 193.63867 0.48679474
car 338.9486 465.0786 199.44888 286.80975 0.66237783
car 227.61818 338.724 187.3559 283.04248 0.918097
--
car 539.36646 581.0306 103.90977 119.55309 0.30716717
car 240.56033 299.18454 116.39632 147.93672 0.3379086
car 620.3701 647.2595 103.323586 122.05882 0.37493297
car 530.0648 587.1481 103.79543 133.89613 0.4597111
car 647.7475 678.1003 153.02849 193.63345 0.4848207
car 335.68866 464.7013 192.00081 281.47784 0.58338445
car 226.77734 336.88516 187.49548 282.5765 0.9571131
--
bus 335.65536 464.62396 191.63583 281.725 0.3553391
car 539.4494 581.0589 103.88317 119.52142 0.30097947
car 240.57346 299.13608 116.37002 147.93022 0.33264396
car 620.3796 647.2788 103.31235 122.06414 0.37057617
car 647.74677 678.09033 153.03978 193.631 0.47940078
car 530.0367 587.1831 103.82568 134.10219 0.48331988
car 335.65536 464.62396 191.63583 281.725 0.49470946
car 226.95244 336.1579 187.558 282.73245 0.94564915
--
bus 335.28888 464.73993 191.69025 281.43192 0.40900075
car 240.69914 298.9499 116.1949 147.91809 0.32891673
car 620.35693 647.33057 103.3042 122.06962 0.37451372
car 335.28888 464.73993 191.69025 281.43192 0.42851728
car 647.7367 678.0953 153.03452 193.64404 0.46349263
car 529.96796 587.2213 103.77298 134.1645 0.48248094
car 226.83725 335.86853 187.77417 282.43832 0.9495158
--
bus 335.13257 464.6988 191.5645 281.61285 0.38183036
car 240.5614 298.9984 116.22937 147.94066 0.32838413
car 620.37286 647.3286 103.28133 122.04686 0.3664374
car 335.13257 464.6988 191.5645 281.61285 0.43604133
car 647.7414 678.09357 153.0149 193.64397 0.47085682
car 529.8552 587.31775 103.7738 134.15337 0.49606314
car 226.61473 335.94937 187.80063 282.26285 0.9449489
--
bus 335.0029 464.31934 191.584 281.9238 0.40138337
car 240.50027 299.0349 116.11534 147.9516 0.34028578
car 620.3852 647.41034 103.28571 122.099205 0.3680627
car 335.0029 464.31934 191.584 281.9238 0.41342548
car 647.7427 678.0814 153.02821 193.6327 0.46983883
car 529.8526 587.2011 103.791405 134.13504 0.4975928
car 226.33673 336.28265 187.77795 282.52744 0.9498724
--
bus 334.93976 463.9552 190.90625 282.23273 0.46065456
car 539.019 581.1936 104.01597 119.53554 0.30896196
car 620.5273 647.17316 103.25549 122.022 0.32736045
car 334.93976 463.9552 190.90625 282.23273 0.3278328
car 240.40317 300.29816 116.29602 147.86311 0.3705197
car 529.86584 587.27167 103.920265 134.00012 0.45457911
car 647.6982 678.1455 152.91454 193.61194 0.45543644
car 226.52693 336.16412 187.7845 282.49994 0.94541657
--
bus 336.44708 464.07944 191.53719 281.62054 0.30405563
car 539.12964 581.1568 104.03529 119.554886 0.3090554
car 620.26245 647.3392 103.25543 122.05397 0.33737513
car 240.52997 300.17703 116.22874 147.84917 0.39456448
car 647.61017 678.20056 152.82007 193.89171 0.40523684
car 529.8883 587.1914 103.91428 134.04086 0.44537723
car 337.66708 463.1409 199.18451 286.7466 0.50355905
car 227.24751 337.04578 187.92143 282.52206 0.9460649
--
bus 336.15686 464.0806 191.63834 281.5004 0.3306179
car 539.0396 581.1295 104.013565 119.527885 0.30878386
car 620.2691 647.3381 103.24639 122.03342 0.33345273
car 647.5669 678.1807 152.80083 194.06184 0.34983394
car 240.51738 300.2945 116.24044 147.86565 0.40239525
car 529.79474 587.1801 103.913666 133.96931 0.45130718
car 337.54855 462.97235 199.16411 286.70248 0.48391688
car 227.36691 336.53656 188.00551 282.6412 0.9344138
--
bus 336.33026 464.11386 191.56903 281.48547 0.3420034
car 538.92554 581.1384 104.004684 119.56679 0.32128912
car 620.1622 647.4687 103.23557 122.02763 0.34645003
car 647.55585 678.22656 152.78058 194.08287 0.34684744
car 240.5775 300.32477 116.18241 147.83488 0.40077975
car 529.879 587.00464 103.86357 133.93745 0.43607694
car 337.75946 463.06573 199.19725 286.75604 0.48926726
car 227.39787 336.6874 188.0531 282.56073 0.9352318
--
bus 336.93048 464.14468 191.76018 281.29535 0.41390476
bus 225.92416 340.3382 189.89996 294.27884 0.42376214
car 538.88696 581.1242 103.96472 119.53341 0.32772055
car 647.55725 678.2297 152.7966 194.0354 0.35001916
car 620.1938 647.4528 103.25814 122.00775 0.3529047
car 240.44498 300.47385 116.43007 147.79367 0.38897452
car 529.9122 586.89343 103.802864 133.83867 0.4474596
car 338.1983 462.99417 199.5437 286.63684 0.4549789
car 228.45381 338.05032 187.75032 283.17972 0.8853006
--
bus 225.93483 340.9585 189.81488 294.30786 0.41464105
bus 337.61542 464.1206 191.98459 281.11426 0.41816103
car 538.7809 581.05756 103.977646 119.47739 0.3277583
car 620.22003 647.42194 103.287704 121.97896 0.35776106
car 647.5694 678.22876 152.78944 194.01447 0.35946536
car 240.51308 300.45325 116.52023 147.76376 0.3929665
car 338.7815 462.95248 200.0492 286.5315 0.44483462
car 529.83295 586.8355 103.77511 133.97397 0.4545684
car 228.4234 338.74927 187.76898 283.17084 0.877703
--
bus 337.60944 464.03537 192.13295 281.11633 0.4187959
bus 225.92043 340.79926 189.77896 294.40442 0.42861575
car 538.79156 581.0572 103.98083 119.48259 0.3278519
car 620.2155 647.41046 103.26831 121.99964 0.35790557
car 647.5733 678.2316 152.76247 194.03049 0.3637323
car 240.48322 300.56238 116.49192 147.76973 0.3828055
car 338.6723 462.94885 199.98471 286.44543 0.4367604
car 529.8312 586.8306 103.77063 133.97522 0.45608383
car 228.40486 338.50208 187.66922 283.55896 0.86871016
--
bus 225.73671 340.91504 189.6761 294.46368 0.42743224
bus 337.5682 464.10416 192.42455 281.019 0.43681616
car 538.8278 581.033 103.952484 119.47819 0.3125946
car 620.2209 647.4298 103.25339 121.97821 0.34887627
car 647.5746 678.2532 152.726 194.05487 0.36077902
car 240.38298 300.806 116.488556 147.82637 0.37090844
car 338.65582 463.04318 199.91333 286.50317 0.39926833
car 529.7981 586.9006 103.746284 134.0089 0.4450761
car 228.1975 338.5964 187.4484 283.91708 0.85101837
--
bus 337.2129 464.16937 192.48846 281.03806 0.42998937
bus 225.79024 340.68634 189.80144 294.31226 0.44517747
car 538.8156 581.0365 103.956604 119.482574 0.31401226
car 620.26154 647.4043 103.2512 121.951385 0.34845072
car 240.39153 300.8096 116.44399 147.821 0.3680956
car 647.5822 678.25824 152.70367 194.04854 0.36854243
car 337.2129 464.16937 192.48846 281.03806 0.40035844
car 529.8115 586.9039 103.747856 133.97205 0.4440689
car 228.10077 338.3767 187.52026 283.7607 0.8361889
--
bus 337.15164 464.17334 192.41185 281.07565 0.4306914
bus 225.79187 340.65976 189.8121 294.30182 0.44380707
car 538.81647 581.0361 103.9564 119.482185 0.31374598
car 620.26154 647.4041 103.25204 121.9505 0.3484217
car 240.38313 300.82703 116.447365 147.82011 0.36755928
car 647.5824 678.2583 152.70387 194.04785 0.36872405
car 337.15164 464.17334 192.41185 281.07565 0.4013753
car 529.8101 586.90607 103.747856 133.97316 0.44401032
car 228.11171 338.32922 187.52306 283.7691 0.8373341
--
car 243.52702 268.82022 97.28793 113.68145 0.31929204
car 539.7294 580.8506 103.74984 119.34393 0.32453716
car 529.79724 585.75323 103.171555 134.48221 0.49764287
car 647.41785 678.3294 145.85919 189.96901 0.55899584
car 337.8205 463.03983 199.1095 286.8749 0.56803596
car 226.66455 336.1756 187.04922 283.82202 0.94283205
--
car 243.5211 268.80786 97.29445 113.683365 0.32090446
car 539.7297 580.85156 103.75088 119.341995 0.32310534
car 529.7893 585.7654 103.171616 134.48695 0.49525604
car 647.41656 678.33075 145.85722 189.96884 0.5589627
car 337.8568 463.02368 199.18187 286.8428 0.57835823
car 226.43236 336.40625 187.05296 283.89667 0.9441432
--
car 243.51509 268.8134 97.26856 113.67491 0.3190577
car 539.73004 580.84705 103.75027 119.34007 0.3243301
car 529.79517 585.7572 103.175476 134.48874 0.49676365
car 647.41815 678.3303 145.86012 189.96881 0.55964845
car 337.94226 463.01587 199.32976 286.7718 0.5911953
car 226.45317 336.3658 187.06708 283.93164 0.94437677
--
car 539.7459 580.85406 103.737 119.35617 0.31868032
car 243.52031 268.7804 97.30658 113.6797 0.32346123
car 529.77783 585.7935 103.16617 134.50351 0.49201727
car 647.41644 678.3277 145.84705 189.97343 0.5559584
car 337.83032 463.00864 199.25363 286.8717 0.61741006
car 226.1688 336.7208 187.08441 283.89624 0.9532947
